0.00000e+00 1.00037e+00 1.00000e+00
5.00000e-01 1.00000e+00 9.99892e-01
1.00000e+00 9.99991e-01 9.99941e-01
1.50000e+00 1.00000e+00 1.00003e+00
2.00000e+00 1.00001e+00 1.00005e+00
2.50000e+00 1.00001e+00 1.00000e+00
3.00000e+00 1.00000e+00 1.00000e+00
3.50000e+00 1.00000e+00 1.00000e+00
4.00000e+00 9.99997e-01 9.99987e-01
4.50000e+00 9.99995e-01 9.99987e-01
5.00000e+00 9.99994e-01 9.99978e-01
5.50000e+00 9.99993e-01 9.99979e-01
6.00000e+00 9.99994e-01 9.99983e-01
6.50000e+00 9.99997e-01 9.99996e-01
7.00000e+00 9.99999e-01 1.00000e+00
7.50000e+00 9.99999e-01 9.99996e-01
8.00000e+00 9.99998e-01 9.99993e-01
8.50000e+00 9.99999e-01 1.00000e+00
9.00000e+00 1.00000e+00 1.00001e+00
9.50000e+00 1.00000e+00 1.00001e+00
1.00000e+01 1.00000e+00 1.00001e+00
1.05000e+01 1.00000e+00 1.00002e+00
1.10000e+01 1.00000e+00 1.00001e+00
1.15000e+01 1.00000e+00 1.00001e+00
1.20000e+01 1.00000e+00 1.00000e+00
1.25000e+01 1.00000e+00 1.00000e+00
1.30000e+01 1.00000e+00 1.00000e+00
1.35000e+01 1.00000e+00 1.00000e+00
1.40000e+01 1.00000e+00 1.00001e+00
1.45000e+01 1.00000e+00 1.00001e+00
1.50000e+01 1.00000e+00 1.00000e+00
1.55000e+01 9.99999e-01 9.99999e-01
1.60000e+01 9.99996e-01 9.99988e-01
1.65000e+01 9.99995e-01 9.99986e-01
1.70000e+01 9.99997e-01 9.99990e-01
1.75000e+01 1.00000e+00 9.99999e-01
1.80000e+01 1.00000e+00 1.00001e+00
1.85000e+01 1.00001e+00 1.00002e+00
1.90000e+01 1.00001e+00 1.00003e+00
1.95000e+01 1.00001e+00 1.00002e+00
2.00000e+01 1.00001e+00 1.00002e+00
2.05000e+01 1.00000e+00 1.00000e+00
2.10000e+01 9.99998e-01 9.99991e-01
2.15000e+01 9.99993e-01 9.99975e-01
2.20000e+01 9.99990e-01 9.99969e-01
2.25000e+01 9.99988e-01 9.99965e-01
2.30000e+01 9.99986e-01 9.99964e-01
2.35000e+01 9.99986e-01 9.99965e-01
2.40000e+01 9.99987e-01 9.99969e-01
2.45000e+01 9.99989e-01 9.99976e-01
2.50000e+01 9.99993e-01 9.99988e-01
2.55000e+01 9.99998e-01 1.00000e+00
2.60000e+01 1.00000e+00 1.00002e+00
2.65000e+01 1.00001e+00 1.00003e+00
2.70000e+01 1.00001e+00 1.00004e+00
2.75000e+01 1.00002e+00 1.00005e+00
2.80000e+01 1.00002e+00 1.00006e+00
2.85000e+01 1.00002e+00 1.00007e+00
2.90000e+01 1.00002e+00 1.00006e+00
2.95000e+01 1.00002e+00 1.00006e+00
3.00000e+01 1.00002e+00 1.00005e+00
3.05000e+01 1.00001e+00 1.00003e+00
3.10000e+01 1.00001e+00 1.00001e+00
3.15000e+01 9.99997e-01 9.99985e-01
3.20000e+01 9.99987e-01 9.99957e-01
3.25000e+01 9.99978e-01 9.99937e-01
3.30000e+01 9.99971e-01 9.99915e-01
3.35000e+01 9.99967e-01 9.99909e-01
3.40000e+01 9.99966e-01 9.99914e-01
3.45000e+01 9.99970e-01 9.99926e-01
3.50000e+01 9.99978e-01 9.99948e-01
3.55000e+01 9.99989e-01 9.99980e-01
3.60000e+01 1.00000e+00 1.00002e+00
3.65000e+01 1.00002e+00 1.00005e+00
3.70000e+01 1.00003e+00 1.00009e+00
3.75000e+01 1.00004e+00 1.00011e+00
3.80000e+01 1.00004e+00 1.00010e+00
3.85000e+01 1.00004e+00 1.00009e+00
3.90000e+01 1.00003e+00 1.00007e+00
3.95000e+01 1.00002e+00 1.00005e+00
4.00000e+01 1.00001e+00 1.00001e+00
4.05000e+01 9.99997e-01 9.99978e-01
4.10000e+01 9.99986e-01 9.99952e-01
4.15000e+01 9.99978e-01 9.99927e-01
4.20000e+01 9.99973e-01 9.99916e-01
4.25000e+01 9.99971e-01 9.99918e-01
4.30000e+01 9.99973e-01 9.99925e-01
4.35000e+01 9.99976e-01 9.99935e-01
4.40000e+01 9.99981e-01 9.99948e-01
4.45000e+01 9.99985e-01 9.99962e-01
4.50000e+01 9.99990e-01 9.99974e-01
4.55000e+01 9.99993e-01 9.99984e-01
4.60000e+01 9.99995e-01 9.99990e-01
4.65000e+01 9.99995e-01 9.99989e-01
4.70000e+01 9.99994e-01 9.99988e-01
4.75000e+01 9.99993e-01 9.99985e-01
4.80000e+01 9.99992e-01 9.99983e-01
4.85000e+01 9.99992e-01 9.99985e-01
4.90000e+01 9.99993e-01 9.99989e-01
4.95000e+01 9.99996e-01 9.99998e-01
5.00000e+01 1.00000e+00 1.00001e+00
5.05000e+01 1.00001e+00 1.00003e+00
5.10000e+01 1.00001e+00 1.00005e+00
5.15000e+01 1.00002e+00 1.00007e+00
5.20000e+01 1.00003e+00 1.00009e+00
5.25000e+01 1.00003e+00 1.00010e+00
5.30000e+01 1.00004e+00 1.00010e+00
5.35000e+01 1.00004e+00 1.00010e+00
5.40000e+01 1.00003e+00 1.00009e+00
5.45000e+01 1.00003e+00 1.00007e+00
5.50000e+01 1.00002e+00 1.00005e+00
5.55000e+01 1.00001e+00 1.00003e+00
5.60000e+01 1.00001e+00 1.00001e+00
5.65000e+01 1.00000e+00 9.99997e-01
5.70000e+01 1.00000e+00 9.99991e-01
5.75000e+01 1.00000e+00 9.99989e-01
5.80000e+01 1.00000e+00 9.99988e-01
5.85000e+01 1.00000e+00 9.99983e-01
5.90000e+01 9.99998e-01 9.99968e-01
5.95000e+01 9.99989e-01 9.99943e-01
6.00000e+01 9.99974e-01 9.99905e-01
6.05000e+01 9.99954e-01 9.99854e-01
6.10000e+01 9.99929e-01 9.99790e-01
6.15000e+01 9.99904e-01 9.99740e-01
6.20000e+01 9.99881e-01 9.99674e-01
6.25000e+01 9.99868e-01 9.99662e-01
6.30000e+01 9.99867e-01 9.99682e-01
6.35000e+01 9.99879e-01 9.99734e-01
6.40000e+01 9.99909e-01 9.99823e-01
6.45000e+01 9.99956e-01 9.99957e-01
6.50000e+01 1.00002e+00 1.00013e+00
6.55000e+01 1.00009e+00 1.00031e+00
6.60000e+01 1.00017e+00 1.00052e+00
6.65000e+01 1.00024e+00 1.00067e+00
6.70000e+01 1.00029e+00 1.00082e+00
6.75000e+01 1.00031e+00 1.00081e+00
6.80000e+01 1.00030e+00 1.00076e+00
6.85000e+01 1.00027e+00 1.00062e+00
6.90000e+01 1.00020e+00 1.00042e+00
6.95000e+01 1.00010e+00 1.00016e+00
7.00000e+01 9.99985e-01 9.99836e-01
7.05000e+01 9.99858e-01 9.99481e-01
7.10000e+01 9.99732e-01 9.99187e-01
7.15000e+01 9.99633e-01 9.98912e-01
7.20000e+01 9.99564e-01 9.98766e-01
7.25000e+01 9.99546e-01 9.98802e-01
7.30000e+01 9.99569e-01 9.98911e-01
7.35000e+01 9.99634e-01 9.99116e-01
7.40000e+01 9.99735e-01 9.99423e-01
7.45000e+01 9.99867e-01 9.99793e-01
7.50000e+01 1.00002e+00 1.00019e+00
7.55000e+01 1.00018e+00 1.00067e+00
7.60000e+01 1.00032e+00 1.00095e+00
7.65000e+01 1.00043e+00 1.00129e+00
7.70000e+01 1.00048e+00 1.00132e+00
7.75000e+01 1.00048e+00 1.00126e+00
7.80000e+01 1.00043e+00 1.00110e+00
7.85000e+01 1.00035e+00 1.00083e+00
7.90000e+01 1.00023e+00 1.00049e+00
7.95000e+01 1.00008e+00 1.00010e+00
8.00000e+01 9.99929e-01 9.99647e-01
8.05000e+01 9.99790e-01 9.99351e-01
8.10000e+01 9.99685e-01 9.99013e-01
8.15000e+01 9.99626e-01 9.98926e-01
8.20000e+01 9.99620e-01 9.98976e-01
8.25000e+01 9.99655e-01 9.99100e-01
8.30000e+01 9.99727e-01 9.99310e-01
8.35000e+01 9.99823e-01 9.99590e-01
8.40000e+01 9.99935e-01 9.99899e-01
8.45000e+01 1.00005e+00 1.00019e+00
8.50000e+01 1.00014e+00 1.00045e+00
8.55000e+01 1.00020e+00 1.00059e+00
8.60000e+01 1.00021e+00 1.00058e+00
8.65000e+01 1.00019e+00 1.00050e+00
8.70000e+01 1.00014e+00 1.00035e+00
8.75000e+01 1.00006e+00 1.00017e+00
8.80000e+01 9.99985e-01 9.99957e-01
8.85000e+01 9.99916e-01 9.99764e-01
8.90000e+01 9.99866e-01 9.99634e-01
8.95000e+01 9.99861e-01 9.99661e-01
9.00000e+01 9.99888e-01 9.99761e-01
9.05000e+01 9.99951e-01 9.99928e-01
9.10000e+01 1.00005e+00 1.00017e+00
9.15000e+01 1.00016e+00 1.00046e+00
9.20000e+01 1.00026e+00 1.00070e+00
9.25000e+01 1.00036e+00 1.00097e+00
9.30000e+01 1.00039e+00 1.00096e+00
9.35000e+01 1.00037e+00 1.00085e+00
9.40000e+01 1.00029e+00 1.00061e+00
9.45000e+01 1.00015e+00 1.00022e+00
9.50000e+01 9.99958e-01 9.99689e-01
9.55000e+01 9.99725e-01 9.99089e-01
9.60000e+01 9.99474e-01 9.98490e-01
9.65000e+01 9.99262e-01 9.97935e-01
9.70000e+01 9.99108e-01 9.97592e-01
9.75000e+01 9.99069e-01 9.97689e-01
9.80000e+01 9.99129e-01 9.97985e-01
9.85000e+01 9.99311e-01 9.98536e-01
9.90000e+01 9.99609e-01 9.99397e-01
9.95000e+01 1.00000e+00 1.00050e+00
1.00000e+02 1.00048e+00 1.00169e+00
1.00500e+02 1.00099e+00 1.00304e+00
1.01000e+02 1.00142e+00 1.00406e+00
1.01500e+02 1.00178e+00 1.00496e+00
1.02000e+02 1.00192e+00 1.00495e+00
1.02500e+02 1.00187e+00 1.00456e+00
1.03000e+02 1.00163e+00 1.00366e+00
1.03500e+02 1.00118e+00 1.00231e+00
1.04000e+02 1.00051e+00 1.00049e+00
1.04500e+02 9.99701e-01 9.98251e-01
1.05000e+02 9.98794e-01 9.95839e-01
1.05500e+02 9.97874e-01 9.93600e-01
1.06000e+02 9.97134e-01 9.91631e-01
1.06500e+02 9.96586e-01 9.90524e-01
1.07000e+02 9.96425e-01 9.90684e-01
1.07500e+02 9.96545e-01 9.91496e-01
1.08000e+02 9.96975e-01 9.93053e-01
1.08500e+02 9.97748e-01 9.95339e-01
1.09000e+02 9.98817e-01 9.98415e-01
1.09500e+02 1.00011e+00 1.00205e+00
1.10000e+02 1.00158e+00 1.00573e+00
1.10500e+02 1.00306e+00 1.00999e+00
1.11000e+02 1.00429e+00 1.01252e+00
1.11500e+02 1.00527e+00 1.01542e+00
1.12000e+02 1.00571e+00 1.01546e+00
1.12500e+02 1.00571e+00 1.01471e+00
1.13000e+02 1.00525e+00 1.01292e+00
1.13500e+02 1.00436e+00 1.00991e+00
1.14000e+02 1.00304e+00 1.00596e+00
1.14500e+02 1.00130e+00 1.00119e+00
1.15000e+02 9.99338e-01 9.95734e-01
1.15500e+02 9.97291e-01 9.90154e-01
1.16000e+02 9.95320e-01 9.85080e-01
1.16500e+02 9.93813e-01 9.81515e-01
1.17000e+02 9.92689e-01 9.78726e-01
1.17500e+02 9.92242e-01 9.78840e-01
1.18000e+02 9.92277e-01 9.79818e-01
1.18500e+02 9.92757e-01 9.81878e-01
1.19000e+02 9.93660e-01 9.85070e-01
1.19500e+02 9.95001e-01 9.89239e-01
1.20000e+02 9.96737e-01 9.94365e-01
1.20500e+02 9.98780e-01 1.00030e+00
1.21000e+02 1.00107e+00 1.00655e+00
1.21500e+02 1.00350e+00 1.01297e+00
1.22000e+02 1.00580e+00 1.01935e+00
1.22500e+02 1.00792e+00 1.02427e+00
1.23000e+02 1.00954e+00 1.02812e+00
1.23500e+02 1.01074e+00 1.03049e+00
1.24000e+02 1.01122e+00 1.03013e+00
1.24500e+02 1.01121e+00 1.02864e+00
1.25000e+02 1.01056e+00 1.02572e+00
1.25500e+02 1.00918e+00 1.02091e+00
1.26000e+02 1.00704e+00 1.01396e+00
1.26500e+02 1.00407e+00 1.00535e+00
1.27000e+02 1.00028e+00 9.95058e-01
1.27500e+02 9.95993e-01 9.83404e-01
1.28000e+02 9.91439e-01 9.71387e-01
1.28500e+02 9.86984e-01 9.60346e-01
1.29000e+02 9.83460e-01 9.51916e-01
1.29500e+02 9.80766e-01 9.46026e-01
1.30000e+02 9.79729e-01 9.46315e-01
1.30500e+02 9.79866e-01 9.49161e-01
1.31000e+02 9.81227e-01 9.55065e-01
1.31500e+02 9.84027e-01 9.64135e-01
1.32000e+02 9.88262e-01 9.76951e-01
1.32500e+02 9.93777e-01 9.93215e-01
1.33000e+02 1.00056e+00 1.01140e+00
1.33500e+02 1.00825e+00 1.03138e+00
1.34000e+02 1.01597e+00 1.05409e+00
1.34500e+02 1.02329e+00 1.06895e+00
1.35000e+02 1.02897e+00 1.08663e+00
1.35500e+02 1.03257e+00 1.09080e+00
1.36000e+02 1.03341e+00 1.08798e+00
1.36500e+02 1.03162e+00 1.07987e+00
1.37000e+02 1.02696e+00 1.06421e+00
1.37500e+02 1.01959e+00 1.04112e+00
1.38000e+02 1.00943e+00 1.01338e+00
1.38500e+02 9.97231e-01 9.81203e-01
1.39000e+02 9.84740e-01 9.44224e-01
1.39500e+02 9.72999e-01 9.19423e-01
1.40000e+02 9.64214e-01 8.92973e-01
1.40500e+02 9.58751e-01 8.85216e-01
1.41000e+02 9.57567e-01 8.87929e-01
1.41500e+02 9.59198e-01 8.96498e-01
1.42000e+02 9.63365e-01 9.11299e-01
1.42500e+02 9.69847e-01 9.31167e-01
1.43000e+02 9.78302e-01 9.55861e-01
1.43500e+02 9.88263e-01 9.84435e-01
1.44000e+02 9.99409e-01 1.01485e+00
1.44500e+02 1.01129e+00 1.04583e+00
1.45000e+02 1.02267e+00 1.07925e+00
1.45500e+02 1.03317e+00 1.10188e+00
1.46000e+02 1.04104e+00 1.12541e+00
1.46500e+02 1.04638e+00 1.13297e+00
1.47000e+02 1.04786e+00 1.13041e+00
1.47500e+02 1.04602e+00 1.12080e+00
1.48000e+02 1.04077e+00 1.10126e+00
1.48500e+02 1.03194e+00 1.07351e+00
1.49000e+02 1.01939e+00 1.03869e+00
1.49500e+02 1.00455e+00 9.97198e-01
1.50000e+02 9.88886e-01 9.52530e-01
1.50500e+02 9.73806e-01 9.15813e-01
1.51000e+02 9.62507e-01 8.86090e-01
1.51500e+02 9.54731e-01 8.68448e-01
1.52000e+02 9.52250e-01 8.69892e-01
1.52500e+02 9.52957e-01 8.76563e-01
1.53000e+02 9.56049e-01 8.88563e-01
1.53500e+02 9.60995e-01 9.05132e-01
1.54000e+02 9.67449e-01 9.25045e-01
1.54500e+02 9.75088e-01 9.48000e-01
1.55000e+02 9.83702e-01 9.73437e-01
1.55500e+02 9.93301e-01 1.00048e+00
1.56000e+02 1.00370e+00 1.02936e+00
1.56500e+02 1.01456e+00 1.06010e+00
1.57000e+02 1.02567e+00 1.08757e+00
1.57500e+02 1.03642e+00 1.11953e+00
1.58000e+02 1.04563e+00 1.13711e+00
1.58500e+02 1.05319e+00 1.15852e+00
1.59000e+02 1.05763e+00 1.16228e+00
1.59500e+02 1.05880e+00 1.15754e+00
1.60000e+02 1.05681e+00 1.14429e+00
1.60500e+02 1.05049e+00 1.12162e+00
1.61000e+02 1.03954e+00 1.08699e+00
1.61500e+02 1.02424e+00 1.04030e+00
1.62000e+02 1.00463e+00 9.87403e-01
1.62500e+02 9.81903e-01 9.29759e-01
1.63000e+02 9.59640e-01 8.64431e-01
1.63500e+02 9.39569e-01 8.24377e-01
1.64000e+02 9.25005e-01 7.84024e-01
1.64500e+02 9.15865e-01 7.72517e-01
1.65000e+02 9.13039e-01 7.75224e-01
1.65500e+02 9.13854e-01 7.85294e-01
1.66000e+02 9.17782e-01 8.03519e-01
1.66500e+02 9.25227e-01 8.28838e-01
1.67000e+02 9.36605e-01 8.64304e-01
1.67500e+02 9.52050e-01 9.12051e-01
1.68000e+02 9.72686e-01 9.70056e-01
1.68500e+02 9.98969e-01 1.04090e+00
1.69000e+02 1.02954e+00 1.12476e+00
1.69500e+02 1.06352e+00 1.21428e+00
1.70000e+02 1.09898e+00 1.30413e+00
1.70500e+02 1.12940e+00 1.37917e+00
1.71000e+02 1.15164e+00 1.44372e+00
1.71500e+02 1.15686e+00 1.42467e+00
1.72000e+02 1.14433e+00 1.37199e+00
1.72500e+02 1.10696e+00 1.27213e+00
1.73000e+02 1.04694e+00 1.10663e+00
1.73500e+02 9.70393e-01 8.92410e-01
1.74000e+02 8.85255e-01 7.11097e-01
1.74500e+02 8.13130e-01 4.76913e-01
1.75000e+02 7.81638e-01 4.54628e-01
1.75500e+02 7.85019e-01 4.86688e-01
1.76000e+02 8.07482e-01 5.52215e-01
1.76500e+02 8.38023e-01 6.31075e-01
1.77000e+02 8.69203e-01 7.15673e-01
1.77500e+02 8.98344e-01 7.91013e-01
1.78000e+02 9.26542e-01 8.68055e-01
1.78500e+02 9.55162e-01 9.48935e-01
1.79000e+02 9.87159e-01 1.03597e+00
1.79500e+02 1.02385e+00 1.13672e+00
1.80000e+02 1.06489e+00 1.25144e+00
1.80500e+02 1.11021e+00 1.37089e+00
1.81000e+02 1.15639e+00 1.49065e+00
1.81500e+02 1.19323e+00 1.61407e+00
1.82000e+02 1.21899e+00 1.64706e+00
1.82500e+02 1.21870e+00 1.63522e+00
1.83000e+02 1.19105e+00 1.54602e+00
1.83500e+02 1.13574e+00 1.36453e+00
1.84000e+02 1.04809e+00 1.14000e+00
1.84500e+02 9.34663e-01 8.65137e-01
1.85000e+02 8.36107e-01 5.22718e-01
1.85500e+02 7.70153e-01 4.06920e-01
1.86000e+02 7.70223e-01 4.46110e-01
1.86500e+02 8.04613e-01 5.43988e-01
1.87000e+02 8.53759e-01 6.71370e-01
1.87500e+02 9.04102e-01 8.01165e-01
1.88000e+02 9.45576e-01 9.09420e-01
1.88500e+02 9.79205e-01 1.00694e+00
1.89000e+02 1.00196e+00 1.06024e+00
1.89500e+02 1.01780e+00 1.10005e+00
1.90000e+02 1.03158e+00 1.13585e+00
1.90500e+02 1.04516e+00 1.17893e+00
1.91000e+02 1.05978e+00 1.22421e+00
1.91500e+02 1.07379e+00 1.26300e+00
1.92000e+02 1.08819e+00 1.30186e+00
1.92500e+02 1.10378e+00 1.34520e+00
1.93000e+02 1.11943e+00 1.38271e+00
1.93500e+02 1.13439e+00 1.42749e+00
1.94000e+02 1.14359e+00 1.42970e+00
1.94500e+02 1.14964e+00 1.42307e+00
1.95000e+02 1.15082e+00 1.40746e+00
1.95500e+02 1.14413e+00 1.37290e+00
1.96000e+02 1.12705e+00 1.30599e+00
1.96500e+02 1.09568e+00 1.20769e+00
1.97000e+02 1.04669e+00 1.07892e+00
1.97500e+02 9.84104e-01 9.19513e-01
1.98000e+02 9.14891e-01 7.36580e-01
1.98500e+02 8.47436e-01 6.06926e-01
1.99000e+02 7.96206e-01 4.71092e-01
1.99500e+02 7.68629e-01 4.38135e-01
2.00000e+02 7.65300e-01 4.50609e-01
2.00500e+02 7.74445e-01 4.82119e-01
2.01000e+02 7.92316e-01 5.27703e-01
2.01500e+02 8.16122e-01 5.84842e-01
2.02000e+02 8.43543e-01 6.56297e-01
2.02500e+02 8.75518e-01 7.37733e-01
2.03000e+02 9.13802e-01 8.31859e-01
2.03500e+02 9.57217e-01 9.46424e-01
2.04000e+02 1.00554e+00 1.07487e+00
2.04500e+02 1.05957e+00 1.20393e+00
2.05000e+02 1.11325e+00 1.34959e+00
2.05500e+02 1.15679e+00 1.48502e+00
2.06000e+02 1.18893e+00 1.54000e+00
2.06500e+02 1.19059e+00 1.53530e+00
2.07000e+02 1.16062e+00 1.45613e+00
2.07500e+02 1.09916e+00 1.26971e+00
2.08000e+02 1.00201e+00 1.02993e+00
2.08500e+02 8.74178e-01 7.53607e-01
2.09000e+02 7.63708e-01 3.74905e-01
2.09500e+02 6.99706e-01 2.82970e-01
2.10000e+02 7.08125e-01 3.35663e-01
2.10500e+02 7.52229e-01 4.41776e-01
2.11000e+02 8.06818e-01 5.66241e-01
2.11500e+02 8.53981e-01 6.91634e-01
2.12000e+02 8.88278e-01 7.78966e-01
2.12500e+02 9.08319e-01 8.23468e-01
2.13000e+02 9.24447e-01 8.67404e-01
2.13500e+02 9.40909e-01 9.22841e-01
2.14000e+02 9.62308e-01 9.91686e-01
2.14500e+02 9.93102e-01 1.08235e+00
2.15000e+02 1.03347e+00 1.20638e+00
2.15500e+02 1.08376e+00 1.35770e+00
2.16000e+02 1.14502e+00 1.52326e+00
2.16500e+02 1.21004e+00 1.71612e+00
2.17000e+02 1.26919e+00 1.90451e+00
2.17500e+02 1.31729e+00 2.02957e+00
2.18000e+02 1.33245e+00 2.06435e+00
2.18500e+02 1.30226e+00 1.98506e+00
2.19000e+02 1.23205e+00 1.72740e+00
2.19500e+02 1.10888e+00 1.38864e+00
2.20000e+02 9.30580e-01 9.75740e-01
2.20500e+02 7.70385e-01 3.48002e-01
2.21000e+02 6.72094e-01 1.96811e-01
2.21500e+02 6.84189e-01 2.77723e-01
2.22000e+02 7.44645e-01 4.05780e-01
2.22500e+02 8.02143e-01 5.83254e-01
2.23000e+02 8.28346e-01 6.10352e-01
2.23500e+02 8.27299e-01 5.93642e-01
2.24000e+02 8.18145e-01 5.51006e-01
2.24500e+02 8.11011e-01 5.37124e-01
2.25000e+02 8.13001e-01 5.48644e-01
2.25500e+02 8.22160e-01 5.74884e-01
2.26000e+02 8.36438e-01 6.13770e-01
2.26500e+02 8.52618e-01 6.60970e-01
2.27000e+02 8.69757e-01 7.09368e-01
2.27500e+02 8.88233e-01 7.61264e-01
2.28000e+02 9.08194e-01 8.23301e-01
2.28500e+02 9.32558e-01 8.94481e-01
2.29000e+02 9.64578e-01 9.82953e-01
2.29500e+02 1.00385e+00 1.09993e+00
2.30000e+02 1.05123e+00 1.23528e+00
2.30500e+02 1.10779e+00 1.38315e+00
2.31000e+02 1.16536e+00 1.55905e+00
2.31500e+02 1.21778e+00 1.70928e+00
2.32000e+02 1.26099e+00 1.82457e+00
2.32500e+02 1.27119e+00 1.83896e+00
2.33000e+02 1.25197e+00 1.75870e+00
2.33500e+02 1.20171e+00 1.57104e+00
2.34000e+02 1.10527e+00 1.33027e+00
2.34500e+02 9.76709e-01 9.79541e-01
2.35000e+02 8.57808e-01 5.50829e-01
2.35500e+02 7.65993e-01 3.59391e-01
2.36000e+02 7.59698e-01 3.91514e-01
2.36500e+02 7.94787e-01 4.88178e-01
2.37000e+02 8.34747e-01 6.22338e-01
2.37500e+02 8.62041e-01 6.89477e-01
2.38000e+02 8.63003e-01 6.76601e-01
2.38500e+02 8.49516e-01 6.49013e-01
2.39000e+02 8.34373e-01 5.95961e-01
2.39500e+02 8.28868e-01 5.98508e-01
2.40000e+02 8.38283e-01 6.28661e-01
2.40500e+02 8.64443e-01 6.94113e-01
2.41000e+02 9.04597e-01 8.00225e-01
2.41500e+02 9.55693e-01 9.32906e-01
2.42000e+02 1.01493e+00 1.07619e+00
2.42500e+02 1.07404e+00 1.23911e+00
2.43000e+02 1.12447e+00 1.37783e+00
2.43500e+02 1.16278e+00 1.47301e+00
2.44000e+02 1.16987e+00 1.47995e+00
2.44500e+02 1.14534e+00 1.41459e+00
2.45000e+02 1.08956e+00 1.24500e+00
2.45500e+02 9.97741e-01 1.02580e+00
2.46000e+02 8.76402e-01 7.62380e-01
2.46500e+02 7.70319e-01 4.05459e-01
2.47000e+02 7.06994e-01 3.13550e-01
2.47500e+02 7.15552e-01 3.69341e-01
2.48000e+02 7.64686e-01 4.96584e-01
2.48500e+02 8.34392e-01 6.66100e-01
2.49000e+02 9.10372e-01 8.55647e-01
2.49500e+02 9.85812e-01 1.05386e+00
2.50000e+02 1.05953e+00 1.24612e+00
2.50500e+02 1.12842e+00 1.43200e+00
2.51000e+02 1.18310e+00 1.59434e+00
2.51500e+02 1.22372e+00 1.68614e+00
2.52000e+02 1.23169e+00 1.69098e+00
2.52500e+02 1.20527e+00 1.61483e+00
2.53000e+02 1.14566e+00 1.41652e+00
2.53500e+02 1.04762e+00 1.15956e+00
2.54000e+02 9.15096e-01 8.51539e-01
2.54500e+02 7.98594e-01 4.28883e-01
2.55000e+02 7.28886e-01 3.11801e-01
2.55500e+02 7.40005e-01 3.74835e-01
2.56000e+02 7.88630e-01 5.00600e-01
2.56500e+02 8.47078e-01 6.30399e-01
2.57000e+02 8.92422e-01 7.77824e-01
2.57500e+02 9.11106e-01 8.05761e-01
2.58000e+02 9.08848e-01 7.87895e-01
2.58500e+02 8.97349e-01 7.58429e-01
2.59000e+02 8.83839e-01 7.22239e-01
2.59500e+02 8.80295e-01 7.29817e-01
2.60000e+02 8.89599e-01 7.62841e-01
2.60500e+02 9.12814e-01 8.35298e-01
2.61000e+02 9.49535e-01 9.44759e-01
2.61500e+02 9.99569e-01 1.08205e+00
2.62000e+02 1.05834e+00 1.24825e+00
2.62500e+02 1.12022e+00 1.43896e+00
2.63000e+02 1.18174e+00 1.58567e+00
2.63500e+02 1.23171e+00 1.76641e+00
2.64000e+02 1.26025e+00 1.83440e+00
2.64500e+02 1.26170e+00 1.78529e+00
2.65000e+02 1.22559e+00 1.68243e+00
2.65500e+02 1.14940e+00 1.46620e+00
2.66000e+02 1.04804e+00 1.13319e+00
2.66500e+02 9.28317e-01 8.16694e-01
2.67000e+02 8.18508e-01 4.28446e-01
2.67500e+02 7.91447e-01 4.39568e-01
2.68000e+02 8.17454e-01 5.29662e-01
2.68500e+02 8.68657e-01 6.52321e-01
2.69000e+02 9.13411e-01 8.16522e-01
2.69500e+02 9.31926e-01 8.40849e-01
2.70000e+02 9.19893e-01 8.12735e-01
2.70500e+02 8.90572e-01 7.36473e-01
2.71000e+02 8.55726e-01 6.44039e-01
2.71500e+02 8.25270e-01 5.71179e-01
2.72000e+02 8.19787e-01 5.83526e-01
2.72500e+02 8.33911e-01 6.33970e-01
2.73000e+02 8.65220e-01 7.26286e-01
2.73500e+02 9.10942e-01 8.53108e-01
2.74000e+02 9.67562e-01 1.00967e+00
2.74500e+02 1.03155e+00 1.18901e+00
2.75000e+02 1.10052e+00 1.38082e+00
2.75500e+02 1.16990e+00 1.56773e+00
2.76000e+02 1.23043e+00 1.75919e+00
2.76500e+02 1.27412e+00 1.88551e+00
2.77000e+02 1.28882e+00 1.89115e+00
2.77500e+02 1.25557e+00 1.81492e+00
2.78000e+02 1.17764e+00 1.57184e+00
2.78500e+02 1.06165e+00 1.20984e+00
2.79000e+02 9.01074e-01 8.58841e-01
2.79500e+02 7.51586e-01 2.93867e-01
2.80000e+02 6.89790e-01 2.35790e-01
2.80500e+02 7.12065e-01 3.29252e-01
2.81000e+02 7.68307e-01 4.60227e-01
2.81500e+02 8.19962e-01 6.13429e-01
2.82000e+02 8.35444e-01 6.23185e-01
2.82500e+02 8.27862e-01 5.94785e-01
2.83000e+02 8.12932e-01 5.40564e-01
2.83500e+02 8.00652e-01 5.16168e-01
2.84000e+02 8.01622e-01 5.27498e-01
2.84500e+02 8.11813e-01 5.60022e-01
2.85000e+02 8.28688e-01 6.08131e-01
2.85500e+02 8.49327e-01 6.65870e-01
2.86000e+02 8.71343e-01 7.31427e-01
2.86500e+02 8.95038e-01 8.02219e-01
2.87000e+02 9.22637e-01 8.83248e-01
2.87500e+02 9.55589e-01 9.84907e-01
2.88000e+02 9.96407e-01 1.10776e+00
2.88500e+02 1.04777e+00 1.25521e+00
2.89000e+02 1.10769e+00 1.43263e+00
2.89500e+02 1.17358e+00 1.63105e+00
2.90000e+02 1.24186e+00 1.81080e+00
2.90500e+02 1.30092e+00 2.00649e+00
2.91000e+02 1.33764e+00 2.13239e+00
2.91500e+02 1.34426e+00 2.07963e+00
2.92000e+02 1.30049e+00 1.95845e+00
2.92500e+02 1.20003e+00 1.68683e+00
2.93000e+02 1.06207e+00 1.23363e+00
2.93500e+02 8.91624e-01 7.82337e-01
2.94000e+02 7.24687e-01 2.31512e-01
2.94500e+02 6.80536e-01 2.28474e-01
2.95000e+02 7.18838e-01 3.38571e-01
2.95500e+02 7.74031e-01 5.14243e-01
2.96000e+02 8.08940e-01 5.87015e-01
2.96500e+02 8.07962e-01 5.65066e-01
2.97000e+02 7.95594e-01 5.15701e-01
2.97500e+02 7.82837e-01 4.88801e-01
2.98000e+02 7.84533e-01 5.01332e-01
2.98500e+02 7.98585e-01 5.41734e-01
2.99000e+02 8.22376e-01 6.08753e-01
2.99500e+02 8.53250e-01 6.92196e-01
3.00000e+02 8.89001e-01 7.90477e-01
3.00500e+02 9.28056e-01 9.04037e-01
3.01000e+02 9.72379e-01 1.02836e+00
3.01500e+02 1.02362e+00 1.17105e+00
3.02000e+02 1.08017e+00 1.33582e+00
3.02500e+02 1.14180e+00 1.51293e+00
3.03000e+02 1.20584e+00 1.67695e+00
3.03500e+02 1.25877e+00 1.86247e+00
3.04000e+02 1.29615e+00 1.95125e+00
3.04500e+02 1.30544e+00 1.93592e+00
3.05000e+02 1.26917e+00 1.84388e+00
3.05500e+02 1.19033e+00 1.59798e+00
3.06000e+02 1.07601e+00 1.22932e+00
3.06500e+02 9.21108e-01 8.77374e-01
3.07000e+02 7.75858e-01 3.35488e-01
3.07500e+02 7.15679e-01 2.70576e-01
3.08000e+02 7.35242e-01 3.62772e-01
3.08500e+02 7.84473e-01 4.96534e-01
3.09000e+02 8.30037e-01 6.24301e-01
3.09500e+02 8.38264e-01 6.22986e-01
3.10000e+02 8.27164e-01 5.85542e-01
3.10500e+02 8.09024e-01 5.30634e-01
3.11000e+02 7.92633e-01 4.89048e-01
3.11500e+02 7.91106e-01 4.96372e-01
3.12000e+02 7.99159e-01 5.20489e-01
3.12500e+02 8.12763e-01 5.57397e-01
3.13000e+02 8.28184e-01 5.98735e-01
3.13500e+02 8.42966e-01 6.39984e-01
3.14000e+02 8.56471e-01 6.78860e-01
3.14500e+02 8.71320e-01 7.20714e-01
3.15000e+02 8.89609e-01 7.76190e-01
3.15500e+02 9.14059e-01 8.49289e-01
3.16000e+02 9.48106e-01 9.44244e-01
3.16500e+02 9.91964e-01 1.06993e+00
3.17000e+02 1.04467e+00 1.22263e+00
3.17500e+02 1.10600e+00 1.38744e+00
3.18000e+02 1.17043e+00 1.57035e+00
3.18500e+02 1.22773e+00 1.74563e+00
3.19000e+02 1.27335e+00 1.86810e+00
3.19500e+02 1.28851e+00 1.89360e+00
3.20000e+02 1.26168e+00 1.82201e+00
3.20500e+02 1.19718e+00 1.59118e+00
3.21000e+02 1.08734e+00 1.28393e+00
3.21500e+02 9.30567e-01 9.22784e-01
3.22000e+02 7.89640e-01 3.83812e-01
3.22500e+02 7.04931e-01 2.47276e-01
3.23000e+02 7.13178e-01 3.23540e-01
3.23500e+02 7.61024e-01 4.36585e-01
3.24000e+02 8.08581e-01 5.86647e-01
3.24500e+02 8.23629e-01 6.00968e-01
3.25000e+02 8.15057e-01 5.73575e-01
3.25500e+02 7.98925e-01 5.19199e-01
3.26000e+02 7.85527e-01 4.94714e-01
3.26500e+02 7.86667e-01 5.08178e-01
3.27000e+02 7.99320e-01 5.48675e-01
3.27500e+02 8.21786e-01 6.12851e-01
3.28000e+02 8.51491e-01 6.96642e-01
3.28500e+02 8.85980e-01 7.98974e-01
3.29000e+02 9.25429e-01 9.16082e-01
3.29500e+02 9.71443e-01 1.05248e+00
3.30000e+02 1.02425e+00 1.21566e+00
3.30500e+02 1.08518e+00 1.39969e+00
3.31000e+02 1.15475e+00 1.60309e+00
3.31500e+02 1.22725e+00 1.83357e+00
3.32000e+02 1.29716e+00 2.03097e+00
3.32500e+02 1.35715e+00 2.22077e+00
3.33000e+02 1.38815e+00 2.33308e+00
3.33500e+02 1.37698e+00 2.24287e+00
3.34000e+02 1.32551e+00 2.03756e+00
3.34500e+02 1.20650e+00 1.72430e+00
3.35000e+02 1.03884e+00 1.22079e+00
3.35500e+02 8.66979e-01 6.05735e-01
3.36000e+02 7.21019e-01 2.06662e-01
3.36500e+02 7.12291e-01 2.95124e-01
3.37000e+02 7.63785e-01 4.44662e-01
3.37500e+02 8.22515e-01 6.21190e-01
3.38000e+02 8.35696e-01 6.25779e-01
3.38500e+02 8.20427e-01 5.77449e-01
3.39000e+02 7.97138e-01 4.92188e-01
3.39500e+02 7.77680e-01 4.49890e-01
3.40000e+02 7.76675e-01 4.58840e-01
3.40500e+02 7.85870e-01 4.81261e-01
3.41000e+02 7.96002e-01 5.18847e-01
3.41500e+02 8.02223e-01 5.28981e-01
3.42000e+02 8.02540e-01 5.26659e-01
3.42500e+02 8.00847e-01 5.21814e-01
3.43000e+02 8.00977e-01 5.23922e-01
3.43500e+02 8.03664e-01 5.33545e-01
3.44000e+02 8.09555e-01 5.51465e-01
3.44500e+02 8.18463e-01 5.77759e-01
3.45000e+02 8.29383e-01 6.12260e-01
3.45500e+02 8.42329e-01 6.52683e-01
3.46000e+02 8.57968e-01 7.02409e-01
3.46500e+02 8.76861e-01 7.66579e-01
3.47000e+02 9.01374e-01 8.46643e-01
3.47500e+02 9.33745e-01 9.51911e-01
3.48000e+02 9.74650e-01 1.08963e+00
3.48500e+02 1.02670e+00 1.25675e+00
3.49000e+02 1.09079e+00 1.46093e+00
3.49500e+02 1.16393e+00 1.70308e+00
3.50000e+02 1.24532e+00 1.95615e+00
3.50500e+02 1.33014e+00 2.23828e+00
3.51000e+02 1.40355e+00 2.45471e+00
3.51500e+02 1.45658e+00 2.68672e+00
3.52000e+02 1.47554e+00 2.64831e+00
3.52500e+02 1.43723e+00 2.52386e+00
3.53000e+02 1.33245e+00 2.19873e+00
3.53500e+02 1.18283e+00 1.62721e+00
3.54000e+02 9.81967e-01 1.06507e+00
3.54500e+02 7.75504e-01 2.44844e-01
3.55000e+02 7.13993e-01 2.63807e-01
3.55500e+02 7.62003e-01 4.04637e-01
3.56000e+02 8.33406e-01 6.61687e-01
3.56500e+02 8.64142e-01 7.04327e-01
3.57000e+02 8.52728e-01 6.53455e-01
3.57500e+02 8.27634e-01 5.54927e-01
3.58000e+02 8.03908e-01 4.90451e-01
3.58500e+02 8.02821e-01 5.05455e-01
3.59000e+02 8.15024e-01 5.35034e-01
3.59500e+02 8.29036e-01 5.87611e-01
3.60000e+02 8.36063e-01 5.94129e-01
3.60500e+02 8.35098e-01 5.87984e-01
3.61000e+02 8.31798e-01 5.72129e-01
3.61500e+02 8.29730e-01 5.67205e-01
3.62000e+02 8.30495e-01 5.70874e-01
3.62500e+02 8.32508e-01 5.76500e-01
3.63000e+02 8.34588e-01 5.83470e-01
3.63500e+02 8.34817e-01 5.82508e-01
3.64000e+02 8.33741e-01 5.79743e-01
3.64500e+02 8.31916e-01 5.75546e-01
3.65000e+02 8.30163e-01 5.70414e-01
3.65500e+02 8.28872e-01 5.68025e-01
3.66000e+02 8.28412e-01 5.68059e-01
3.66500e+02 8.28073e-01 5.67987e-01
3.67000e+02 8.27689e-01 5.67242e-01
3.67500e+02 8.27256e-01 5.66172e-01
3.68000e+02 8.26866e-01 5.64983e-01
3.68500e+02 8.26878e-01 5.65180e-01
3.69000e+02 8.27226e-01 5.65905e-01
3.69500e+02 8.27759e-01 5.67111e-01
3.70000e+02 8.28302e-01 5.68413e-01
3.70500e+02 8.28724e-01 5.69391e-01
3.71000e+02 8.28850e-01 5.69315e-01
3.71500e+02 8.28789e-01 5.69001e-01
3.72000e+02 8.28586e-01 5.68488e-01
3.72500e+02 8.28264e-01 5.67775e-01
3.73000e+02 8.27827e-01 5.66858e-01
3.73500e+02 8.27258e-01 5.65756e-01
3.74000e+02 8.26561e-01 5.64413e-01
3.74500e+02 8.25791e-01 5.62864e-01
3.75000e+02 8.25009e-01 5.61219e-01
3.75500e+02 8.24294e-01 5.59825e-01
3.76000e+02 8.23774e-01 5.58793e-01
3.76500e+02 8.23441e-01 5.58219e-01
3.77000e+02 8.23329e-01 5.58272e-01
3.77500e+02 8.23359e-01 5.58508e-01
3.78000e+02 8.23517e-01 5.58962e-01
3.78500e+02 8.23808e-01 5.59688e-01
3.79000e+02 8.24247e-01 5.60704e-01
3.79500e+02 8.24846e-01 5.62043e-01
3.80000e+02 8.25607e-01 5.63723e-01
3.80500e+02 8.26533e-01 5.65713e-01
3.81000e+02 8.27617e-01 5.68010e-01
3.81500e+02 8.28835e-01 5.70589e-01
3.82000e+02 8.30176e-01 5.73351e-01
3.82500e+02 8.31610e-01 5.76284e-01
3.83000e+02 8.33081e-01 5.79376e-01
3.83500e+02 8.34558e-01 5.82249e-01
3.84000e+02 8.35972e-01 5.85403e-01
3.84500e+02 8.37262e-01 5.87792e-01
3.85000e+02 8.38354e-01 5.90140e-01
3.85500e+02 8.39328e-01 5.92210e-01
3.86000e+02 8.40013e-01 5.93356e-01
3.86500e+02 8.40580e-01 5.94775e-01
3.87000e+02 8.40961e-01 5.95443e-01
3.87500e+02 8.41225e-01 5.96063e-01
3.88000e+02 8.41442e-01 5.96625e-01
3.88500e+02 8.41650e-01 5.97202e-01
3.89000e+02 8.41897e-01 5.97889e-01
3.89500e+02 8.42242e-01 5.98821e-01
3.90000e+02 8.42734e-01 6.00112e-01
3.90500e+02 8.43401e-01 6.01818e-01
3.91000e+02 8.44244e-01 6.03950e-01
3.91500e+02 8.45246e-01 6.06492e-01
3.92000e+02 8.46369e-01 6.09397e-01
3.92500e+02 8.47558e-01 6.12579e-01
3.93000e+02 8.48747e-01 6.15925e-01
3.93500e+02 8.49879e-01 6.19349e-01
3.94000e+02 8.50923e-01 6.22839e-01
3.94500e+02 8.51891e-01 6.26486e-01
3.95000e+02 8.52835e-01 6.30485e-01
3.95500e+02 8.53844e-01 6.35123e-01
3.96000e+02 8.55036e-01 6.40792e-01
3.96500e+02 8.56550e-01 6.47937e-01
3.97000e+02 8.58525e-01 6.57059e-01
3.97500e+02 8.61084e-01 6.68674e-01
3.98000e+02 8.64333e-01 6.83276e-01
3.98500e+02 8.68355e-01 7.01429e-01
3.99000e+02 8.73225e-01 7.23677e-01
3.99500e+02 8.79039e-01 7.50772e-01
4.00000e+02 8.85903e-01 7.83586e-01
4.00500e+02 8.94009e-01 8.23222e-01
4.01000e+02 9.03588e-01 8.71264e-01
4.01500e+02 9.14993e-01 9.29402e-01
4.02000e+02 9.28688e-01 1.00024e+00
4.02500e+02 9.45209e-01 1.08657e+00
4.03000e+02 9.65345e-01 1.19191e+00
4.03500e+02 9.89852e-01 1.32100e+00
4.04000e+02 1.01980e+00 1.47801e+00
4.04500e+02 1.05636e+00 1.66997e+00
4.05000e+02 1.10066e+00 1.90263e+00
4.05500e+02 1.15453e+00 2.18289e+00
4.06000e+02 1.21903e+00 2.52143e+00
4.06500e+02 1.29603e+00 2.92039e+00
4.07000e+02 1.38740e+00 3.39307e+00
4.07500e+02 1.49263e+00 3.94256e+00
4.08000e+02 1.61439e+00 4.55790e+00
4.08500e+02 1.74967e+00 5.25824e+00
4.09000e+02 1.89249e+00 6.00363e+00
4.09500e+02 2.04095e+00 6.74495e+00
4.10000e+02 2.16218e+00 7.46251e+00
4.10500e+02 2.25769e+00 7.90037e+00
4.11000e+02 2.25516e+00 7.86234e+00
4.11500e+02 2.19189e+00 7.30062e+00
4.12000e+02 2.00381e+00 6.39461e+00
4.12500e+02 1.63282e+00 4.68699e+00
4.13000e+02 1.21400e+00 1.85228e+00
4.13500e+02 7.56489e-01 1.11514e-02
4.14000e+02 7.44987e-01 4.74242e-01
4.14500e+02 8.18209e-01 6.51141e-01
4.15000e+02 8.09105e-01 5.18664e-01
4.15500e+02 7.92063e-01 4.78468e-01
4.16000e+02 7.99927e-01 5.35410e-01
4.16500e+02 8.09251e-01 5.52755e-01
4.17000e+02 8.13223e-01 5.60560e-01
4.17500e+02 8.19636e-01 5.79835e-01
4.18000e+02 8.31454e-01 6.16913e-01
4.18500e+02 8.47426e-01 6.67025e-01
4.19000e+02 8.67291e-01 7.24920e-01
4.19500e+02 8.92646e-01 7.98517e-01
4.20000e+02 9.25285e-01 8.97781e-01
4.20500e+02 9.67860e-01 1.02244e+00
4.21000e+02 1.02097e+00 1.17598e+00
4.21500e+02 1.08183e+00 1.35748e+00
4.22000e+02 1.14887e+00 1.55217e+00
4.22500e+02 1.21867e+00 1.74637e+00
4.23000e+02 1.27903e+00 1.93677e+00
4.23500e+02 1.32399e+00 2.07871e+00
4.24000e+02 1.33893e+00 2.07473e+00
4.24500e+02 1.30480e+00 1.98452e+00
4.25000e+02 1.22295e+00 1.72105e+00
4.25500e+02 1.10091e+00 1.32300e+00
4.26000e+02 9.31611e-01 9.25150e-01
4.26500e+02 7.71360e-01 3.16245e-01
4.27000e+02 7.01381e-01 2.38344e-01
4.27500e+02 7.29112e-01 3.39703e-01
4.28000e+02 7.82987e-01 5.20913e-01
4.28500e+02 8.25279e-01 6.12149e-01
4.29000e+02 8.28773e-01 5.97721e-01
4.29500e+02 8.10761e-01 5.53284e-01
4.30000e+02 7.89714e-01 4.73230e-01
4.30500e+02 7.76154e-01 4.53682e-01
4.31000e+02 7.77482e-01 4.63119e-01
4.31500e+02 7.86129e-01 4.85790e-01
4.32000e+02 7.95190e-01 5.15784e-01
4.32500e+02 8.01267e-01 5.30216e-01
4.33000e+02 8.01858e-01 5.29082e-01
4.33500e+02 8.01424e-01 5.28972e-01
4.34000e+02 8.03023e-01 5.35376e-01
4.34500e+02 8.08275e-01 5.53076e-01
4.35000e+02 8.18266e-01 5.82698e-01
4.35500e+02 8.33102e-01 6.26019e-01
4.36000e+02 8.52081e-01 6.83800e-01
4.36500e+02 8.75854e-01 7.54208e-01
4.37000e+02 9.05429e-01 8.42094e-01
4.37500e+02 9.41222e-01 9.52885e-01
4.38000e+02 9.85436e-01 1.08497e+00
4.38500e+02 1.03943e+00 1.24425e+00
4.39000e+02 1.10128e+00 1.43285e+00
4.39500e+02 1.16982e+00 1.63586e+00
4.40000e+02 1.24166e+00 1.84245e+00
4.40500e+02 1.30439e+00 2.03923e+00
4.41000e+02 1.35137e+00 2.19612e+00
4.41500e+02 1.36817e+00 2.19333e+00
4.42000e+02 1.33438e+00 2.10136e+00
4.42500e+02 1.25072e+00 1.82475e+00
4.43000e+02 1.12514e+00 1.40317e+00
4.43500e+02 9.48615e-01 9.78293e-01
4.44000e+02 7.80264e-01 3.18794e-01
4.44500e+02 7.06258e-01 2.42467e-01
4.45000e+02 7.37257e-01 3.49532e-01
4.45500e+02 7.94774e-01 5.51466e-01
4.46000e+02 8.37078e-01 6.40529e-01
4.46500e+02 8.39463e-01 6.18189e-01
4.47000e+02 8.18969e-01 5.69902e-01
4.47500e+02 7.95316e-01 4.79285e-01
4.48000e+02 7.82274e-01 4.60243e-01
4.48500e+02 7.84147e-01 4.75096e-01
4.49000e+02 7.93143e-01 4.97162e-01
4.49500e+02 8.02419e-01 5.30369e-01
4.50000e+02 8.05405e-01 5.30424e-01
4.50500e+02 8.03761e-01 5.25799e-01
4.51000e+02 8.00688e-01 5.15672e-01
4.51500e+02 7.99567e-01 5.15324e-01
4.52000e+02 8.00867e-01 5.20910e-01
4.52500e+02 8.04291e-01 5.32071e-01
4.53000e+02 8.09556e-01 5.47225e-01
4.53500e+02 8.15870e-01 5.67006e-01
4.54000e+02 8.22967e-01 5.90161e-01
4.54500e+02 8.31880e-01 6.17559e-01
4.55000e+02 8.43240e-01 6.55519e-01
4.55500e+02 8.58368e-01 7.05934e-01
4.56000e+02 8.79836e-01 7.72425e-01
4.56500e+02 9.08372e-01 8.65288e-01
4.57000e+02 9.45226e-01 9.84188e-01
4.57500e+02 9.93238e-01 1.13049e+00
4.58000e+02 1.05140e+00 1.31579e+00
4.58500e+02 1.11866e+00 1.52956e+00
4.59000e+02 1.19606e+00 1.75759e+00
4.59500e+02 1.27557e+00 2.02330e+00
4.60000e+02 1.34766e+00 2.23328e+00
4.60500e+02 1.40562e+00 2.43847e+00
4.61000e+02 1.43171e+00 2.47524e+00
4.61500e+02 1.40401e+00 2.39949e+00
4.62000e+02 1.32714e+00 2.09547e+00
4.62500e+02 1.19678e+00 1.66349e+00
4.63000e+02 1.00015e+00 1.16813e+00
4.63500e+02 8.14623e-01 3.72550e-01
4.64000e+02 7.09138e-01 2.25969e-01
4.64500e+02 7.36221e-01 3.36921e-01
4.65000e+02 7.99079e-01 5.64965e-01
4.65500e+02 8.44269e-01 6.68197e-01
4.66000e+02 8.44554e-01 6.30425e-01
4.66500e+02 8.21641e-01 5.71039e-01
4.67000e+02 7.93973e-01 4.69995e-01
4.67500e+02 7.84141e-01 4.62725e-01
4.68000e+02 7.90333e-01 4.83899e-01
4.68500e+02 8.01181e-01 5.21567e-01
4.69000e+02 8.09651e-01 5.42991e-01
4.69500e+02 8.09833e-01 5.36256e-01
4.70000e+02 8.06427e-01 5.25486e-01
4.70500e+02 8.02156e-01 5.11618e-01
4.71000e+02 8.01330e-01 5.11761e-01
4.71500e+02 8.02720e-01 5.15921e-01
4.72000e+02 8.04724e-01 5.22483e-01
4.72500e+02 8.06323e-01 5.26459e-01
4.73000e+02 8.06431e-01 5.25475e-01
4.73500e+02 8.05976e-01 5.23668e-01
4.74000e+02 8.05390e-01 5.21934e-01
4.74500e+02 8.05353e-01 5.22144e-01
4.75000e+02 8.05587e-01 5.22955e-01
4.75500e+02 8.05937e-01 5.23918e-01
4.76000e+02 8.06244e-01 5.25030e-01
4.76500e+02 8.06318e-01 5.25137e-01
4.77000e+02 8.06304e-01 5.25197e-01
4.77500e+02 8.06354e-01 5.25541e-01
4.78000e+02 8.06566e-01 5.26412e-01
4.78500e+02 8.06990e-01 5.27892e-01
4.79000e+02 8.07618e-01 5.30053e-01
4.79500e+02 8.08426e-01 5.32870e-01
4.80000e+02 8.09440e-01 5.36419e-01
4.80500e+02 8.10700e-01 5.41043e-01
4.81000e+02 8.12329e-01 5.47069e-01
4.81500e+02 8.14521e-01 5.55170e-01
4.82000e+02 8.17465e-01 5.66254e-01
4.82500e+02 8.21466e-01 5.81116e-01
4.83000e+02 8.26873e-01 6.01260e-01
4.83500e+02 8.34059e-01 6.28325e-01
4.84000e+02 8.43672e-01 6.64152e-01
4.84500e+02 8.56417e-01 7.12090e-01
4.85000e+02 8.73192e-01 7.75357e-01
4.85500e+02 8.95355e-01 8.58162e-01
4.86000e+02 9.24187e-01 9.66787e-01
4.86500e+02 9.61343e-01 1.10607e+00
4.87000e+02 1.00884e+00 1.28266e+00
4.87500e+02 1.06795e+00 1.50393e+00
4.88000e+02 1.14017e+00 1.77117e+00
4.88500e+02 1.22613e+00 2.08679e+00
4.89000e+02 1.32366e+00 2.44673e+00
4.89500e+02 1.42935e+00 2.82910e+00
4.90000e+02 1.53581e+00 3.24051e+00
4.90500e+02 1.62756e+00 3.55016e+00
4.91000e+02 1.69349e+00 3.86472e+00
4.91500e+02 1.68973e+00 3.75925e+00
4.92000e+02 1.64352e+00 3.45282e+00
4.92500e+02 1.49737e+00 3.00757e+00
4.93000e+02 1.26178e+00 2.13806e+00
4.93500e+02 1.01381e+00 9.45947e-01
4.94000e+02 7.61035e-01 2.07073e-01
4.94500e+02 7.45885e-01 2.94369e-01
4.95000e+02 8.14112e-01 6.30616e-01
4.95500e+02 8.74068e-01 7.48094e-01
4.96000e+02 8.67334e-01 7.02804e-01
4.96500e+02 8.40899e-01 5.66365e-01
4.97000e+02 8.18256e-01 5.20058e-01
4.97500e+02 8.24476e-01 5.43873e-01
4.98000e+02 8.39362e-01 6.09507e-01
4.98500e+02 8.52837e-01 6.35711e-01
4.99000e+02 8.54380e-01 6.31327e-01
4.99500e+02 8.52196e-01 6.15851e-01
5.00000e+02 8.51062e-01 6.13197e-01
5.00500e+02 8.53166e-01 6.18282e-01
5.01000e+02 8.56204e-01 6.29741e-01
5.01500e+02 8.58562e-01 6.35086e-01
5.02000e+02 8.58464e-01 6.32485e-01
5.02500e+02 8.56958e-01 6.28148e-01
5.03000e+02 8.54886e-01 6.21484e-01
5.03500e+02 8.53326e-01 6.18914e-01
5.04000e+02 8.51905e-01 6.16445e-01
5.04500e+02 8.50240e-01 6.12997e-01
5.05000e+02 8.48024e-01 6.08477e-01
5.05500e+02 8.45350e-01 6.02687e-01
5.06000e+02 8.42688e-01 5.96151e-01
5.06500e+02 8.40292e-01 5.91227e-01
5.07000e+02 8.38609e-01 5.88453e-01
5.07500e+02 8.37174e-01 5.86080e-01
5.08000e+02 8.35874e-01 5.83253e-01
5.08500e+02 8.34726e-01 5.81245e-01
5.09000e+02 8.33831e-01 5.78947e-01
5.09500e+02 8.33364e-01 5.78613e-01
5.10000e+02 8.33201e-01 5.78785e-01
5.10500e+02 8.33176e-01 5.79145e-01
5.11000e+02 8.33262e-01 5.79627e-01
5.11500e+02 8.33489e-01 5.80369e-01
5.12000e+02 8.33960e-01 5.81620e-01
5.12500e+02 8.34831e-01 5.83667e-01
5.13000e+02 8.36224e-01 5.86818e-01
5.13500e+02 8.38151e-01 5.91174e-01
5.14000e+02 8.40580e-01 5.96443e-01
5.14500e+02 8.43459e-01 6.02429e-01
5.15000e+02 8.46637e-01 6.09035e-01
5.15500e+02 8.49978e-01 6.16038e-01
5.16000e+02 8.53307e-01 6.22513e-01
5.16500e+02 8.56401e-01 6.29601e-01
5.17000e+02 8.58803e-01 6.33522e-01
5.17500e+02 8.60528e-01 6.37808e-01
5.18000e+02 8.61205e-01 6.37852e-01
5.18500e+02 8.61013e-01 6.36705e-01
5.19000e+02 8.59954e-01 6.34089e-01
5.19500e+02 8.58111e-01 6.29847e-01
5.20000e+02 8.55570e-01 6.24209e-01
5.20500e+02 8.52424e-01 6.17816e-01
5.21000e+02 8.48978e-01 6.10755e-01
5.21500e+02 8.45634e-01 6.03144e-01
5.22000e+02 8.42660e-01 5.97951e-01
5.22500e+02 8.40519e-01 5.93041e-01
5.23000e+02 8.39256e-01 5.91370e-01
5.23500e+02 8.39067e-01 5.92016e-01
5.24000e+02 8.39671e-01 5.94015e-01
5.24500e+02 8.41078e-01 5.97518e-01
5.25000e+02 8.43253e-01 6.02577e-01
5.25500e+02 8.46088e-01 6.09073e-01
5.26000e+02 8.49535e-01 6.16597e-01
5.26500e+02 8.53444e-01 6.25064e-01
5.27000e+02 8.57580e-01 6.34214e-01
5.27500e+02 8.61808e-01 6.42777e-01
5.28000e+02 8.65837e-01 6.52496e-01
5.28500e+02 8.69406e-01 6.58943e-01
5.29000e+02 8.72226e-01 6.65810e-01
5.29500e+02 8.74559e-01 6.69946e-01
5.30000e+02 8.75909e-01 6.72658e-01
5.30500e+02 8.76611e-01 6.73426e-01
5.31000e+02 8.76676e-01 6.72962e-01
5.31500e+02 8.76236e-01 6.71495e-01
5.32000e+02 8.75308e-01 6.69081e-01
5.32500e+02 8.73985e-01 6.65905e-01
5.33000e+02 8.72395e-01 6.62166e-01
5.33500e+02 8.70583e-01 6.58185e-01
5.34000e+02 8.68649e-01 6.53825e-01
5.34500e+02 8.66755e-01 6.49556e-01
5.35000e+02 8.64954e-01 6.45301e-01
5.35500e+02 8.63524e-01 6.42840e-01
5.36000e+02 8.62286e-01 6.39684e-01
5.36500e+02 8.61252e-01 6.37606e-01
5.37000e+02 8.60533e-01 6.36433e-01
5.37500e+02 8.59870e-01 6.34790e-01
5.38000e+02 8.59265e-01 6.33573e-01
5.38500e+02 8.58720e-01 6.32451e-01
5.39000e+02 8.58149e-01 6.31215e-01
5.39500e+02 8.57512e-01 6.29788e-01
5.40000e+02 8.56817e-01 6.28228e-01
5.40500e+02 8.56096e-01 6.26698e-01
5.41000e+02 8.55355e-01 6.25092e-01
5.41500e+02 8.54598e-01 6.23419e-01
5.42000e+02 8.53845e-01 6.21709e-01
5.42500e+02 8.53170e-01 6.20363e-01
5.43000e+02 8.52546e-01 6.19013e-01
5.43500e+02 8.51935e-01 6.17661e-01
5.44000e+02 8.51393e-01 6.16570e-01
5.44500e+02 8.50883e-01 6.15542e-01
5.45000e+02 8.50380e-01 6.14438e-01
5.45500e+02 8.49882e-01 6.13363e-01
5.46000e+02 8.49423e-01 6.12443e-01
5.46500e+02 8.48985e-01 6.11532e-01
5.47000e+02 8.48540e-01 6.10559e-01
5.47500e+02 8.48138e-01 6.09803e-01
5.48000e+02 8.47752e-01 6.08948e-01
5.48500e+02 8.47403e-01 6.08323e-01
5.49000e+02 8.47096e-01 6.07607e-01
5.49500e+02 8.46821e-01 6.07110e-01
5.50000e+02 8.46621e-01 6.06842e-01
5.50500e+02 8.46457e-01 6.06491e-01
5.51000e+02 8.46316e-01 6.06261e-01
5.51500e+02 8.46257e-01 6.06303e-01
5.52000e+02 8.46258e-01 6.06435e-01
5.52500e+02 8.46332e-01 6.06716e-01
5.53000e+02 8.46501e-01 6.07233e-01
5.53500e+02 8.46791e-01 6.08037e-01
5.54000e+02 8.47229e-01 6.09167e-01
5.54500e+02 8.47832e-01 6.10670e-01
5.55000e+02 8.48621e-01 6.12567e-01
5.55500e+02 8.49614e-01 6.14913e-01
5.56000e+02 8.50816e-01 6.17737e-01
5.56500e+02 8.52238e-01 6.20987e-01
5.57000e+02 8.53880e-01 6.24694e-01
5.57500e+02 8.55720e-01 6.28836e-01
5.58000e+02 8.57758e-01 6.33273e-01
5.58500e+02 8.59957e-01 6.38018e-01
5.59000e+02 8.62240e-01 6.43029e-01
5.59500e+02 8.64550e-01 6.47685e-01
5.60000e+02 8.66750e-01 6.52949e-01
5.60500e+02 8.68731e-01 6.56491e-01
5.61000e+02 8.70364e-01 6.60293e-01
5.61500e+02 8.71628e-01 6.62612e-01
5.62000e+02 8.72378e-01 6.64210e-01
5.62500e+02 8.72602e-01 6.64111e-01
5.63000e+02 8.72438e-01 6.63458e-01
5.63500e+02 8.71878e-01 6.62156e-01
5.64000e+02 8.70958e-01 6.60115e-01
5.64500e+02 8.69777e-01 6.57524e-01
5.65000e+02 8.68454e-01 6.54712e-01
5.65500e+02 8.67147e-01 6.52150e-01
5.66000e+02 8.66082e-01 6.49757e-01
5.66500e+02 8.65321e-01 6.48415e-01
5.67000e+02 8.65105e-01 6.48676e-01
5.67500e+02 8.65345e-01 6.49695e-01
5.68000e+02 8.66053e-01 6.51733e-01
5.68500e+02 8.67266e-01 6.54823e-01
5.69000e+02 8.68983e-01 6.58962e-01
5.69500e+02 8.71123e-01 6.64124e-01
5.70000e+02 8.73607e-01 6.69910e-01
5.70500e+02 8.76325e-01 6.76106e-01
5.71000e+02 8.79067e-01 6.82808e-01
5.71500e+02 8.81711e-01 6.88515e-01
5.72000e+02 8.84063e-01 6.94365e-01
5.72500e+02 8.86137e-01 6.99320e-01
5.73000e+02 8.87643e-01 7.02172e-01
5.73500e+02 8.88865e-01 7.05644e-01
5.74000e+02 8.89798e-01 7.07884e-01
5.74500e+02 8.90343e-01 7.09210e-01
5.75000e+02 8.90722e-01 7.10552e-01
5.75500e+02 8.91005e-01 7.11943e-01
5.76000e+02 8.91152e-01 7.13127e-01
5.76500e+02 8.91190e-01 7.14299e-01
5.77000e+02 8.91149e-01 7.15539e-01
5.77500e+02 8.91076e-01 7.17009e-01
5.78000e+02 8.91038e-01 7.18941e-01
5.78500e+02 8.91105e-01 7.21587e-01
5.79000e+02 8.91332e-01 7.25171e-01
5.79500e+02 8.91760e-01 7.29882e-01
5.80000e+02 8.92424e-01 7.35912e-01
5.80500e+02 8.93367e-01 7.43520e-01
5.81000e+02 8.94652e-01 7.53046e-01
5.81500e+02 8.96359e-01 7.64929e-01
5.82000e+02 8.98584e-01 7.79679e-01
5.82500e+02 9.01434e-01 7.97891e-01
5.83000e+02 9.05030e-01 8.20278e-01
5.83500e+02 9.09525e-01 8.47680e-01
5.84000e+02 9.15100e-01 8.81169e-01
5.84500e+02 9.21979e-01 9.21979e-01
5.85000e+02 9.30437e-01 9.71661e-01
5.85500e+02 9.40790e-01 1.03204e+00
5.86000e+02 9.53442e-01 1.10526e+00
5.86500e+02 9.68846e-01 1.19407e+00
5.87000e+02 9.87573e-01 1.30138e+00
5.87500e+02 1.01030e+00 1.43115e+00
5.88000e+02 1.03776e+00 1.58750e+00
5.88500e+02 1.07095e+00 1.77551e+00
5.89000e+02 1.11081e+00 2.00142e+00
5.89500e+02 1.15865e+00 2.27071e+00
5.90000e+02 1.21578e+00 2.59253e+00
5.90500e+02 1.28345e+00 2.97265e+00
5.91000e+02 1.36368e+00 3.41988e+00
5.91500e+02 1.45702e+00 3.94495e+00
5.92000e+02 1.56546e+00 4.54427e+00
5.92500e+02 1.68968e+00 5.23590e+00
5.93000e+02 1.82696e+00 6.00387e+00
5.93500e+02 1.97991e+00 6.81994e+00
5.94000e+02 2.13683e+00 7.78449e+00
5.94500e+02 2.28578e+00 8.46704e+00
5.95000e+02 2.41092e+00 9.45869e+00
5.95500e+02 2.47268e+00 9.52465e+00
5.96000e+02 2.46079e+00 9.39928e+00
5.96500e+02 2.32124e+00 8.62471e+00
5.97000e+02 2.08417e+00 6.92365e+00
5.97500e+02 1.64742e+00 5.02631e+00
5.98000e+02 1.08584e+00 8.13321e-01
5.98500e+02 7.75491e-01 2.32775e-01
5.99000e+02 8.40150e-01 7.16707e-01
5.99500e+02 8.72464e-01 6.99014e-01
6.00000e+02 8.49162e-01 5.79622e-01
6.00500e+02 8.45474e-01 6.04231e-01
6.01000e+02 8.51972e-01 6.25859e-01
6.01500e+02 8.52641e-01 6.20523e-01
6.02000e+02 8.52497e-01 6.18697e-01
6.02500e+02 8.53521e-01 6.22943e-01
6.03000e+02 8.55135e-01 6.26643e-01
6.03500e+02 8.56142e-01 6.28235e-01
6.04000e+02 8.57016e-01 6.29779e-01
6.04500e+02 8.57924e-01 6.32278e-01
6.05000e+02 8.58561e-01 6.33328e-01
6.05500e+02 8.58910e-01 6.33826e-01
6.06000e+02 8.59164e-01 6.34503e-01
6.06500e+02 8.59235e-01 6.34477e-01
6.07000e+02 8.59184e-01 6.34288e-01
6.07500e+02 8.59065e-01 6.34018e-01
6.08000e+02 8.58925e-01 6.33712e-01
6.08500e+02 8.58806e-01 6.33508e-01
6.09000e+02 8.58712e-01 6.33352e-01
6.09500e+02 8.58676e-01 6.33383e-01
6.10000e+02 8.58700e-01 6.33539e-01
6.10500e+02 8.58811e-01 6.33876e-01
6.11000e+02 8.59027e-01 6.34451e-01
6.11500e+02 8.59356e-01 6.35275e-01
6.12000e+02 8.59812e-01 6.36337e-01
6.12500e+02 8.60393e-01 6.37681e-01
6.13000e+02 8.61084e-01 6.39252e-01
6.13500e+02 8.61874e-01 6.40976e-01
6.14000e+02 8.62716e-01 6.42852e-01
6.14500e+02 8.63567e-01 6.44682e-01
6.15000e+02 8.64403e-01 6.46617e-01
6.15500e+02 8.65124e-01 6.47951e-01
6.16000e+02 8.65770e-01 6.49601e-01
6.16500e+02 8.66278e-01 6.50589e-01
6.17000e+02 8.66613e-01 6.51114e-01
6.17500e+02 8.66915e-01 6.51990e-01
6.18000e+02 8.67104e-01 6.52242e-01
6.18500e+02 8.67209e-01 6.52292e-01
6.19000e+02 8.67316e-01 6.52553e-01
6.19500e+02 8.67418e-01 6.52786e-01
6.20000e+02 8.67463e-01 6.52989e-01
6.20500e+02 8.67476e-01 6.53295e-01
6.21000e+02 8.67507e-01 6.53793e-01
6.21500e+02 8.67630e-01 6.54457e-01
6.22000e+02 8.67966e-01 6.55226e-01
6.22500e+02 8.68647e-01 6.56077e-01
6.23000e+02 8.69707e-01 6.57072e-01
6.23500e+02 8.70964e-01 6.58194e-01
6.24000e+02 8.71949e-01 6.59922e-01
6.24500e+02 8.71961e-01 6.59951e-01
