0.00000e+00 0.00000e+00 -3.25512e+00 -3.00352e+00 -3.50672e+00 -3.25512e+00 -3.00352e+00 -3.50672e+00
3.20000e+02 0.00000e+00 -3.25512e+00 -3.00352e+00 -3.50672e+00 -3.25512e+00 -3.00352e+00 -3.50672e+00
6.40000e+02 1.00000e+00 -3.06717e+00 -2.73472e+00 -3.39962e+00 -3.25512e+00 -3.00352e+00 -3.50672e+00
9.60000e+02 2.00000e+00 -3.18338e+00 -2.89995e+00 -3.46681e+00 -3.25512e+00 -3.00352e+00 -3.50672e+00
1.28000e+03 3.00000e+00 -2.87518e+00 -2.73974e+00 -3.01062e+00 -3.25512e+00 -3.00352e+00 -3.50672e+00
1.60000e+03 4.00000e+00 -3.18077e+00 -3.00988e+00 -3.35166e+00 -3.25512e+00 -3.00352e+00 -3.50672e+00
1.92000e+03 4.00000e+00 -3.18077e+00 -3.00988e+00 -3.35166e+00 -3.25512e+00 -3.00352e+00 -3.50672e+00
2.24000e+03 5.00000e+00 -3.23556e+00 -3.09399e+00 -3.37713e+00 -3.25512e+00 -3.00353e+00 -3.50671e+00
2.56000e+03 6.00000e+00 -3.18506e+00 -2.93434e+00 -3.43578e+00 -3.25510e+00 -3.00354e+00 -3.50667e+00
2.88000e+03 7.00000e+00 -3.09693e+00 -2.76450e+00 -3.42936e+00 -3.25507e+00 -3.00358e+00 -3.50656e+00
3.20000e+03 8.00000e+00 -3.06632e+00 -2.74472e+00 -3.38791e+00 -3.25499e+00 -3.00366e+00 -3.50632e+00
3.52000e+03 8.00000e+00 -3.06632e+00 -2.74472e+00 -3.38791e+00 -3.25483e+00 -3.00380e+00 -3.50585e+00
3.84000e+03 9.00000e+00 -3.03973e+00 -2.65264e+00 -3.42681e+00 -3.25454e+00 -3.00405e+00 -3.50503e+00
4.16000e+03 1.00000e+01 -3.06402e+00 -2.65667e+00 -3.47136e+00 -3.25407e+00 -3.00445e+00 -3.50368e+00
4.48000e+03 1.10000e+01 -2.78982e+00 -2.68406e+00 -2.89559e+00 -3.25334e+00 -3.00504e+00 -3.50164e+00
4.80000e+03 1.20000e+01 -2.95712e+00 -2.65014e+00 -3.26410e+00 -3.25231e+00 -3.00589e+00 -3.49873e+00
5.12000e+03 1.20000e+01 -2.95712e+00 -2.65014e+00 -3.26410e+00 -3.25090e+00 -3.00704e+00 -3.49476e+00
5.44000e+03 1.30000e+01 -3.16778e+00 -2.82443e+00 -3.51112e+00 -3.24907e+00 -3.00854e+00 -3.48959e+00
5.76000e+03 1.40000e+01 -2.96837e+00 -2.79685e+00 -3.13989e+00 -3.24678e+00 -3.01043e+00 -3.48312e+00
6.08000e+03 1.50000e+01 -3.06244e+00 -2.61502e+00 -3.50987e+00 -3.24400e+00 -3.01273e+00 -3.47527e+00
6.40000e+03 1.60000e+01 -2.78240e+00 -2.56435e+00 -3.00045e+00 -3.24072e+00 -3.01542e+00 -3.46602e+00
6.72000e+03 1.60000e+01 -2.78240e+00 -2.56435e+00 -3.00045e+00 -3.23693e+00 -3.01844e+00 -3.45541e+00
7.04000e+03 1.70000e+01 -2.85919e+00 -2.43075e+00 -3.28764e+00 -3.23261e+00 -3.02170e+00 -3.44351e+00
7.36000e+03 1.80000e+01 -2.89566e+00 -2.56756e+00 -3.22375e+00 -3.22776e+00 -3.02510e+00 -3.43042e+00
7.68000e+03 1.90000e+01 -2.81916e+00 -2.51252e+00 -3.12580e+00 -3.22238e+00 -3.02846e+00 -3.41630e+00
8.00000e+03 2.00000e+01 -2.73588e+00 -2.40269e+00 -3.06906e+00 -3.21646e+00 -3.03162e+00 -3.40130e+00
8.32000e+03 2.00000e+01 -2.73588e+00 -2.40269e+00 -3.06906e+00 -3.21001e+00 -3.03445e+00 -3.38557e+00
8.64000e+03 2.10000e+01 -2.86232e+00 -2.53462e+00 -3.19003e+00 -3.20303e+00 -3.03678e+00 -3.36929e+00
8.96000e+03 2.20000e+01 -2.84259e+00 -2.44609e+00 -3.23909e+00 -3.19555e+00 -3.03848e+00 -3.35262e+00
9.28000e+03 2.30000e+01 -2.67892e+00 -2.51663e+00 -2.84121e+00 -3.18758e+00 -3.03945e+00 -3.33570e+00
9.60000e+03 2.40000e+01 -2.40603e+00 -2.09936e+00 -2.71270e+00 -3.17912e+00 -3.03959e+00 -3.31866e+00
9.92000e+03 2.40000e+01 -2.40603e+00 -2.09936e+00 -2.71270e+00 -3.17021e+00 -3.03882e+00 -3.30160e+00
1.02400e+04 2.50000e+01 -2.53728e+00 -2.36380e+00 -2.71076e+00 -3.16085e+00 -3.03707e+00 -3.28463e+00
1.05600e+04 2.60000e+01 -2.82352e+00 -2.62756e+00 -3.01948e+00 -3.15105e+00 -3.03429e+00 -3.26782e+00
1.08800e+04 2.70000e+01 -2.34600e+00 -2.08174e+00 -2.61025e+00 -3.14082e+00 -3.03041e+00 -3.25123e+00
1.12000e+04 2.80000e+01 -2.47559e+00 -2.19925e+00 -2.75193e+00 -3.13016e+00 -3.02539e+00 -3.23492e+00
1.15200e+04 2.80000e+01 -2.47559e+00 -2.19925e+00 -2.75193e+00 -3.11905e+00 -3.01918e+00 -3.21893e+00
1.18400e+04 2.90000e+01 -2.83174e+00 -2.53366e+00 -3.12982e+00 -3.10750e+00 -3.01173e+00 -3.20328e+00
1.21600e+04 3.00000e+01 -2.71004e+00 -2.42747e+00 -2.99261e+00 -3.09548e+00 -3.00300e+00 -3.18797e+00
1.24800e+04 3.10000e+01 -2.47209e+00 -2.10708e+00 -2.83709e+00 -3.08298e+00 -2.99296e+00 -3.17299e+00
1.28000e+04 3.20000e+01 -2.35431e+00 -1.89090e+00 -2.81771e+00 -3.06994e+00 -2.98159e+00 -3.15829e+00
1.31200e+04 3.20000e+01 -2.35431e+00 -1.89090e+00 -2.81771e+00 -3.05634e+00 -2.96891e+00 -3.14377e+00
1.34400e+04 3.30000e+01 -2.24354e+00 -1.88642e+00 -2.60067e+00 -3.04212e+00 -2.95492e+00 -3.12933e+00
1.37600e+04 3.40000e+01 -2.48691e+00 -2.29602e+00 -2.67780e+00 -3.02727e+00 -2.93968e+00 -3.11486e+00
1.40800e+04 3.50000e+01 -2.36673e+00 -2.15807e+00 -2.57539e+00 -3.01174e+00 -2.92327e+00 -3.10021e+00
1.44000e+04 3.60000e+01 -2.23593e+00 -2.10971e+00 -2.36216e+00 -2.99554e+00 -2.90580e+00 -3.08528e+00
1.47200e+04 3.60000e+01 -2.23593e+00 -2.10971e+00 -2.36216e+00 -2.97868e+00 -2.88738e+00 -3.06999e+00
1.50400e+04 3.70000e+01 -2.40398e+00 -2.00173e+00 -2.80623e+00 -2.96121e+00 -2.86814e+00 -3.05428e+00
1.53600e+04 3.80000e+01 -2.28106e+00 -1.97737e+00 -2.58475e+00 -2.94317e+00 -2.84820e+00 -3.03815e+00
1.56800e+04 3.90000e+01 -2.19430e+00 -1.73098e+00 -2.65762e+00 -2.92464e+00 -2.82767e+00 -3.02161e+00
1.60000e+04 4.00000e+01 -1.83559e+00 -1.69339e+00 -1.97779e+00 -2.90567e+00 -2.80664e+00 -3.00469e+00
1.63200e+04 4.00000e+01 -1.83559e+00 -1.69339e+00 -1.97779e+00 -2.88633e+00 -2.78519e+00 -2.98747e+00
1.66400e+04 4.10000e+01 -2.10134e+00 -1.75525e+00 -2.44743e+00 -2.86667e+00 -2.76335e+00 -2.96999e+00
1.69600e+04 4.20000e+01 -2.23400e+00 -1.91709e+00 -2.55091e+00 -2.84674e+00 -2.74117e+00 -2.95232e+00
1.72800e+04 4.30000e+01 -2.00276e+00 -1.84130e+00 -2.16422e+00 -2.82657e+00 -2.71865e+00 -2.93449e+00
1.76000e+04 4.40000e+01 -1.95572e+00 -1.72427e+00 -2.18718e+00 -2.80618e+00 -2.69581e+00 -2.91656e+00
1.79200e+04 4.40000e+01 -1.95572e+00 -1.72427e+00 -2.18718e+00 -2.78558e+00 -2.67265e+00 -2.89852e+00
1.82400e+04 4.50000e+01 -2.01069e+00 -1.76351e+00 -2.25786e+00 -2.76477e+00 -2.64920e+00 -2.88035e+00
1.85600e+04 4.60000e+01 -1.92297e+00 -1.73137e+00 -2.11456e+00 -2.74373e+00 -2.62547e+00 -2.86200e+00
1.88800e+04 4.70000e+01 -2.09560e+00 -1.81551e+00 -2.37569e+00 -2.72244e+00 -2.60148e+00 -2.84340e+00
1.92000e+04 4.80000e+01 -1.79530e+00 -1.50345e+00 -2.08716e+00 -2.70085e+00 -2.57726e+00 -2.82444e+00
1.95200e+04 4.80000e+01 -1.79530e+00 -1.50345e+00 -2.08716e+00 -2.67893e+00 -2.55283e+00 -2.80503e+00
1.98400e+04 4.90000e+01 -1.82593e+00 -1.49430e+00 -2.15757e+00 -2.65662e+00 -2.52820e+00 -2.78505e+00
2.01600e+04 5.00000e+01 -1.94174e+00 -1.62817e+00 -2.25531e+00 -2.63391e+00 -2.50340e+00 -2.76441e+00
2.04800e+04 5.10000e+01 -1.90070e+00 -1.69251e+00 -2.10890e+00 -2.61074e+00 -2.47841e+00 -2.74306e+00
2.08000e+04 5.20000e+01 -1.83321e+00 -1.56524e+00 -2.10118e+00 -2.58709e+00 -2.45323e+00 -2.72095e+00
2.11200e+04 5.20000e+01 -1.83321e+00 -1.56524e+00 -2.10118e+00 -2.56298e+00 -2.42785e+00 -2.69811e+00
2.14400e+04 5.30000e+01 -1.93327e+00 -1.81748e+00 -2.04906e+00 -2.53840e+00 -2.40225e+00 -2.67455e+00
2.17600e+04 5.40000e+01 -1.80964e+00 -1.65128e+00 -1.96799e+00 -2.51338e+00 -2.37641e+00 -2.65035e+00
2.20800e+04 5.50000e+01 -1.74938e+00 -1.53453e+00 -1.96424e+00 -2.48796e+00 -2.35034e+00 -2.62559e+00
2.24000e+04 5.60000e+01 -1.37544e+00 -1.04679e+00 -1.70408e+00 -2.46220e+00 -2.32404e+00 -2.60036e+00
2.27200e+04 5.60000e+01 -1.37544e+00 -1.04679e+00 -1.70408e+00 -2.43616e+00 -2.29754e+00 -2.57477e+00
2.30400e+04 5.70000e+01 -1.55366e+00 -1.37713e+00 -1.73019e+00 -2.40990e+00 -2.27088e+00 -2.54891e+00
2.33600e+04 5.80000e+01 -1.49335e+00 -1.40812e+00 -1.57858e+00 -2.38351e+00 -2.24411e+00 -2.52291e+00
2.36800e+04 5.90000e+01 -1.53644e+00 -1.35050e+00 -1.72238e+00 -2.35708e+00 -2.21730e+00 -2.49686e+00
2.40000e+04 6.00000e+01 -1.46047e+00 -1.31931e+00 -1.60164e+00 -2.33070e+00 -2.19053e+00 -2.47088e+00
2.43200e+04 6.00000e+01 -1.46047e+00 -1.31931e+00 -1.60164e+00 -2.30445e+00 -2.16386e+00 -2.44505e+00
2.46400e+04 6.10000e+01 -1.62008e+00 -1.36020e+00 -1.87996e+00 -2.27842e+00 -2.13738e+00 -2.41945e+00
2.49600e+04 6.20000e+01 -1.54375e+00 -1.42433e+00 -1.66317e+00 -2.25264e+00 -2.11115e+00 -2.39413e+00
2.52800e+04 6.30000e+01 -1.59537e+00 -1.39930e+00 -1.79145e+00 -2.22715e+00 -2.08522e+00 -2.36908e+00
2.56000e+04 6.40000e+01 -1.40945e+00 -1.20874e+00 -1.61016e+00 -2.20196e+00 -2.05963e+00 -2.34428e+00
2.59200e+04 6.40000e+01 -1.40945e+00 -1.20874e+00 -1.61016e+00 -2.17702e+00 -2.03442e+00 -2.31962e+00
2.62400e+04 6.50000e+01 -1.46133e+00 -1.25820e+00 -1.66445e+00 -2.15228e+00 -2.00957e+00 -2.29499e+00
2.65600e+04 6.60000e+01 -1.65986e+00 -1.48954e+00 -1.83018e+00 -2.12768e+00 -1.98510e+00 -2.27026e+00
2.68800e+04 6.70000e+01 -1.44042e+00 -1.14974e+00 -1.73110e+00 -2.10312e+00 -1.96098e+00 -2.24526e+00
2.72000e+04 6.80000e+01 -1.45374e+00 -1.19325e+00 -1.71424e+00 -2.07853e+00 -1.93719e+00 -2.21988e+00
2.75200e+04 6.80000e+01 -1.45374e+00 -1.19325e+00 -1.71424e+00 -2.05386e+00 -1.91369e+00 -2.19403e+00
2.78400e+04 6.90000e+01 -1.26991e+00 -1.05241e+00 -1.48740e+00 -2.02905e+00 -1.89045e+00 -2.16765e+00
2.81600e+04 7.00000e+01 -1.39512e+00 -1.17978e+00 -1.61047e+00 -2.00410e+00 -1.86745e+00 -2.14076e+00
2.84800e+04 7.10000e+01 -1.71927e+00 -1.55664e+00 -1.88191e+00 -1.97904e+00 -1.84468e+00 -2.11340e+00
2.88000e+04 7.20000e+01 -1.21929e+00 -1.03532e+00 -1.40327e+00 -1.95390e+00 -1.82213e+00 -2.08567e+00
2.91200e+04 7.20000e+01 -1.21929e+00 -1.03532e+00 -1.40327e+00 -1.92875e+00 -1.79981e+00 -2.05770e+00
2.94400e+04 7.30000e+01 -1.31741e+00 -1.12181e+00 -1.51301e+00 -1.90370e+00 -1.77774e+00 -2.02966e+00
2.97600e+04 7.40000e+01 -1.25688e+00 -1.01922e+00 -1.49455e+00 -1.87884e+00 -1.75596e+00 -2.00171e+00
3.00800e+04 7.50000e+01 -1.28197e+00 -1.03407e+00 -1.52988e+00 -1.85427e+00 -1.73451e+00 -1.97404e+00
3.04000e+04 7.60000e+01 -1.15835e+00 -1.07463e+00 -1.24207e+00 -1.83010e+00 -1.71341e+00 -1.94680e+00
3.07200e+04 7.60000e+01 -1.15835e+00 -1.07463e+00 -1.24207e+00 -1.80643e+00 -1.69273e+00 -1.92014e+00
3.10400e+04 7.70000e+01 -1.30813e+00 -1.04904e+00 -1.56722e+00 -1.78333e+00 -1.67248e+00 -1.89418e+00
3.13600e+04 7.80000e+01 -1.27727e+00 -1.23935e+00 -1.31519e+00 -1.76087e+00 -1.65271e+00 -1.86902e+00
3.16800e+04 7.90000e+01 -1.24898e+00 -1.16031e+00 -1.33765e+00 -1.73909e+00 -1.63344e+00 -1.84473e+00
3.20000e+04 8.00000e+01 -1.09722e+00 -1.00650e+00 -1.18794e+00 -1.71801e+00 -1.61467e+00 -1.82136e+00
3.23200e+04 8.00000e+01 -1.09722e+00 -1.00650e+00 -1.18794e+00 -1.69765e+00 -1.59637e+00 -1.79893e+00
3.26400e+04 8.10000e+01 -1.27668e+00 -1.10792e+00 -1.44544e+00 -1.67798e+00 -1.57850e+00 -1.77745e+00
3.29600e+04 8.20000e+01 -1.11471e+00 -9.46303e-01 -1.28312e+00 -1.65895e+00 -1.56100e+00 -1.75689e+00
3.32800e+04 8.30000e+01 -1.18261e+00 -1.07410e+00 -1.29112e+00 -1.64050e+00 -1.54378e+00 -1.73722e+00
3.36000e+04 8.40000e+01 -1.01164e+00 -8.81979e-01 -1.14131e+00 -1.62258e+00 -1.52679e+00 -1.71837e+00
3.39200e+04 8.40000e+01 -1.01164e+00 -8.81979e-01 -1.14131e+00 -1.60509e+00 -1.50993e+00 -1.70026e+00
3.42400e+04 8.50000e+01 -1.12222e+00 -9.93683e-01 -1.25076e+00 -1.58798e+00 -1.49316e+00 -1.68280e+00
3.45600e+04 8.60000e+01 -1.09249e+00 -9.45214e-01 -1.23977e+00 -1.57115e+00 -1.47643e+00 -1.66588e+00
3.48800e+04 8.70000e+01 -1.12770e+00 -9.28380e-01 -1.32702e+00 -1.55456e+00 -1.45973e+00 -1.64938e+00
3.52000e+04 8.80000e+01 -1.06469e+00 -9.14461e-01 -1.21492e+00 -1.53813e+00 -1.44308e+00 -1.63319e+00
3.55200e+04 8.80000e+01 -1.06469e+00 -9.14461e-01 -1.21492e+00 -1.52184e+00 -1.42649e+00 -1.61719e+00
3.58400e+04 8.90000e+01 -9.74478e-01 -8.63009e-01 -1.08595e+00 -1.50564e+00 -1.41001e+00 -1.60127e+00
3.61600e+04 9.00000e+01 -1.07838e+00 -8.87131e-01 -1.26963e+00 -1.48951e+00 -1.39368e+00 -1.58533e+00
3.64800e+04 9.10000e+01 -1.07119e+00 -9.36634e-01 -1.20575e+00 -1.47342e+00 -1.37755e+00 -1.56929e+00
3.68000e+04 9.20000e+01 -9.63066e-01 -8.66081e-01 -1.06005e+00 -1.45737e+00 -1.36166e+00 -1.55308e+00
3.71200e+04 9.20000e+01 -9.63066e-01 -8.66081e-01 -1.06005e+00 -1.44134e+00 -1.34602e+00 -1.53666e+00
3.74400e+04 9.30000e+01 -9.95110e-01 -8.56833e-01 -1.13339e+00 -1.42534e+00 -1.33067e+00 -1.52001e+00
3.77600e+04 9.40000e+01 -1.01113e+00 -9.56328e-01 -1.06593e+00 -1.40936e+00 -1.31559e+00 -1.50313e+00
3.80800e+04 9.50000e+01 -9.55920e-01 -7.59412e-01 -1.15243e+00 -1.39342e+00 -1.30078e+00 -1.48606e+00
3.84000e+04 9.60000e+01 -9.57628e-01 -7.98351e-01 -1.11690e+00 -1.37752e+00 -1.28620e+00 -1.46884e+00
3.87200e+04 9.60000e+01 -9.57628e-01 -7.98351e-01 -1.11690e+00 -1.36168e+00 -1.27182e+00 -1.45154e+00
3.90400e+04 9.70000e+01 -9.21887e-01 -8.16336e-01 -1.02744e+00 -1.34591e+00 -1.25760e+00 -1.43423e+00
3.93600e+04 9.80000e+01 -1.07634e+00 -8.49969e-01 -1.30272e+00 -1.33024e+00 -1.24349e+00 -1.41699e+00
3.96800e+04 9.90000e+01 -8.48777e-01 -7.83591e-01 -9.13963e-01 -1.31469e+00 -1.22947e+00 -1.39991e+00
4.00000e+04 1.00000e+02 -8.77246e-01 -8.07540e-01 -9.46952e-01 -1.29927e+00 -1.21550e+00 -1.38303e+00
4.03200e+04 1.00000e+02 -8.77246e-01 -8.07540e-01 -9.46952e-01 -1.28401e+00 -1.20158e+00 -1.36643e+00
4.06400e+04 1.01000e+02 -1.00105e+00 -8.82958e-01 -1.11914e+00 -1.26892e+00 -1.18770e+00 -1.35014e+00
4.09600e+04 1.02000e+02 -7.37628e-01 -6.70173e-01 -8.05084e-01 -1.25403e+00 -1.17387e+00 -1.33418e+00
4.12800e+04 1.03000e+02 -8.81302e-01 -7.84623e-01 -9.77980e-01 -1.23935e+00 -1.16011e+00 -1.31858e+00
4.16000e+04 1.04000e+02 -9.01834e-01 -8.00071e-01 -1.00360e+00 -1.22489e+00 -1.14641e+00 -1.30336e+00
4.19200e+04 1.04000e+02 -9.01834e-01 -8.00071e-01 -1.00360e+00 -1.21066e+00 -1.13279e+00 -1.28853e+00
4.22400e+04 1.05000e+02 -8.36690e-01 -7.45556e-01 -9.27823e-01 -1.19668e+00 -1.11928e+00 -1.27409e+00
4.25600e+04 1.06000e+02 -7.65209e-01 -6.85350e-01 -8.45069e-01 -1.18296e+00 -1.10588e+00 -1.26004e+00
4.28800e+04 1.07000e+02 -8.11134e-01 -7.26421e-01 -8.95847e-01 -1.16950e+00 -1.09260e+00 -1.24640e+00
4.32000e+04 1.08000e+02 -8.74017e-01 -7.68502e-01 -9.79532e-01 -1.15629e+00 -1.07945e+00 -1.23313e+00
4.35200e+04 1.08000e+02 -8.74017e-01 -7.68502e-01 -9.79532e-01 -1.14334e+00 -1.06645e+00 -1.22023e+00
4.38400e+04 1.09000e+02 -8.67937e-01 -7.63324e-01 -9.72549e-01 -1.13063e+00 -1.05360e+00 -1.20767e+00
4.41600e+04 1.10000e+02 -8.12990e-01 -7.51623e-01 -8.74357e-01 -1.11815e+00 -1.04092e+00 -1.19539e+00
4.44800e+04 1.11000e+02 -8.51913e-01 -7.52595e-01 -9.51230e-01 -1.10589e+00 -1.02842e+00 -1.18336e+00
4.48000e+04 1.12000e+02 -7.55363e-01 -6.85848e-01 -8.24879e-01 -1.09381e+00 -1.01612e+00 -1.17150e+00
4.51200e+04 1.12000e+02 -7.55363e-01 -6.85848e-01 -8.24879e-01 -1.08190e+00 -1.00404e+00 -1.15975e+00
4.54400e+04 1.13000e+02 -8.01358e-01 -7.11934e-01 -8.90783e-01 -1.07014e+00 -9.92213e-01 -1.14806e+00
4.57600e+04 1.14000e+02 -8.20187e-01 -7.12124e-01 -9.28250e-01 -1.05850e+00 -9.80646e-01 -1.13635e+00
4.60800e+04 1.15000e+02 -7.34271e-01 -6.43822e-01 -8.24720e-01 -1.04698e+00 -9.69360e-01 -1.12460e+00
4.64000e+04 1.16000e+02 -7.88049e-01 -7.21570e-01 -8.54528e-01 -1.03557e+00 -9.58361e-01 -1.11279e+00
4.67200e+04 1.16000e+02 -7.88049e-01 -7.21570e-01 -8.54528e-01 -1.02428e+00 -9.47658e-01 -1.10090e+00
4.70400e+04 1.17000e+02 -7.71260e-01 -7.26294e-01 -8.16226e-01 -1.01311e+00 -9.37248e-01 -1.08897e+00
4.73600e+04 1.18000e+02 -7.62720e-01 -7.43189e-01 -7.82251e-01 -1.00208e+00 -9.27126e-01 -1.07704e+00
4.76800e+04 1.19000e+02 -7.26003e-01 -6.62233e-01 -7.89773e-01 -9.91220e-01 -9.17281e-01 -1.06516e+00
4.80000e+04 1.20000e+02 -7.43529e-01 -6.80804e-01 -8.06254e-01 -9.80543e-01 -9.07699e-01 -1.05339e+00
4.83200e+04 1.20000e+02 -7.43529e-01 -6.80804e-01 -8.06254e-01 -9.70078e-01 -8.98363e-01 -1.04179e+00
4.86400e+04 1.21000e+02 -7.99419e-01 -6.64287e-01 -9.34552e-01 -9.59842e-01 -8.89258e-01 -1.03043e+00
4.89600e+04 1.22000e+02 -6.95749e-01 -6.29659e-01 -7.61839e-01 -9.49858e-01 -8.80371e-01 -1.01935e+00
4.92800e+04 1.23000e+02 -7.38416e-01 -6.61608e-01 -8.15223e-01 -9.40135e-01 -8.71692e-01 -1.00858e+00
4.96000e+04 1.24000e+02 -7.30614e-01 -6.37551e-01 -8.23677e-01 -9.30683e-01 -8.63215e-01 -9.98150e-01
4.99200e+04 1.24000e+02 -7.30614e-01 -6.37551e-01 -8.23677e-01 -9.21503e-01 -8.54942e-01 -9.88064e-01
5.02400e+04 1.25000e+02 -6.90630e-01 -6.52310e-01 -7.28949e-01 -9.12594e-01 -8.46877e-01 -9.78311e-01
5.05600e+04 1.26000e+02 -7.62943e-01 -6.86974e-01 -8.38912e-01 -9.03948e-01 -8.39028e-01 -9.68869e-01
5.08800e+04 1.27000e+02 -7.46408e-01 -6.08800e-01 -8.84016e-01 -8.95558e-01 -8.31405e-01 -9.59711e-01
5.12000e+04 1.28000e+02 -6.89742e-01 -6.27778e-01 -7.51705e-01 -8.87412e-01 -8.24016e-01 -9.50808e-01
5.15200e+04 1.28000e+02 -6.89742e-01 -6.27778e-01 -7.51705e-01 -8.79498e-01 -8.16865e-01 -9.42131e-01
5.18400e+04 1.29000e+02 -7.26638e-01 -6.60705e-01 -7.92571e-01 -8.71804e-01 -8.09954e-01 -9.33653e-01
5.21600e+04 1.30000e+02 -7.74385e-01 -6.94935e-01 -8.53834e-01 -8.64317e-01 -8.03279e-01 -9.25355e-01
5.24800e+04 1.31000e+02 -7.70105e-01 -6.36626e-01 -9.03584e-01 -8.57027e-01 -7.96834e-01 -9.17221e-01
5.28000e+04 1.32000e+02 -7.33464e-01 -6.32386e-01 -8.34542e-01 -8.49925e-01 -7.90609e-01 -9.09240e-01
5.31200e+04 1.32000e+02 -7.33464e-01 -6.32386e-01 -8.34542e-01 -8.43002e-01 -7.84598e-01 -9.01406e-01
5.34400e+04 1.33000e+02 -6.67519e-01 -6.10331e-01 -7.24707e-01 -8.36253e-01 -7.78789e-01 -8.93718e-01
5.37600e+04 1.34000e+02 -6.46955e-01 -6.10243e-01 -6.83667e-01 -8.29676e-01 -7.73175e-01 -8.86177e-01
5.40800e+04 1.35000e+02 -6.51326e-01 -6.09416e-01 -6.93236e-01 -8.23272e-01 -7.67752e-01 -8.78792e-01
5.44000e+04 1.36000e+02 -6.74211e-01 -5.91886e-01 -7.56535e-01 -8.17046e-01 -7.62516e-01 -8.71576e-01
5.47200e+04 1.36000e+02 -6.74211e-01 -5.91886e-01 -7.56535e-01 -8.11005e-01 -7.57465e-01 -8.64545e-01
5.50400e+04 1.37000e+02 -6.32343e-01 -6.02681e-01 -6.62004e-01 -8.05162e-01 -7.52602e-01 -8.57722e-01
5.53600e+04 1.38000e+02 -6.74924e-01 -6.03259e-01 -7.46590e-01 -7.99530e-01 -7.47928e-01 -8.51132e-01
5.56800e+04 1.39000e+02 -7.13952e-01 -6.37909e-01 -7.89994e-01 -7.94121e-01 -7.43444e-01 -8.44798e-01
5.60000e+04 1.40000e+02 -7.51120e-01 -6.41900e-01 -8.60340e-01 -7.88945e-01 -7.39150e-01 -8.38739e-01
5.63200e+04 1.40000e+02 -7.51120e-01 -6.41900e-01 -8.60340e-01 -7.84003e-01 -7.35043e-01 -8.32962e-01
5.66400e+04 1.41000e+02 -6.51452e-01 -5.84311e-01 -7.18594e-01 -7.79291e-01 -7.31119e-01 -8.27462e-01
5.69600e+04 1.42000e+02 -6.51939e-01 -5.62589e-01 -7.41289e-01 -7.74793e-01 -7.27367e-01 -8.22219e-01
5.72800e+04 1.43000e+02 -6.38877e-01 -5.72099e-01 -7.05655e-01 -7.70486e-01 -7.23777e-01 -8.17195e-01
5.76000e+04 1.44000e+02 -6.37709e-01 -6.04407e-01 -6.71010e-01 -7.66339e-01 -7.20336e-01 -8.12343e-01
5.79200e+04 1.44000e+02 -6.37709e-01 -6.04407e-01 -6.71010e-01 -7.62319e-01 -7.17029e-01 -8.07610e-01
5.82400e+04 1.45000e+02 -6.33356e-01 -6.09301e-01 -6.57412e-01 -7.58393e-01 -7.13844e-01 -8.02943e-01
5.85600e+04 1.46000e+02 -5.61331e-01 -5.17011e-01 -6.05652e-01 -7.54531e-01 -7.10769e-01 -7.98294e-01
5.88800e+04 1.47000e+02 -6.67496e-01 -6.22440e-01 -7.12551e-01 -7.50710e-01 -7.07796e-01 -7.93625e-01
5.92000e+04 1.48000e+02 -6.92673e-01 -6.01662e-01 -7.83685e-01 -7.46914e-01 -7.04913e-01 -7.88915e-01
5.95200e+04 1.48000e+02 -6.92673e-01 -6.01662e-01 -7.83685e-01 -7.43134e-01 -7.02114e-01 -7.84153e-01
5.98400e+04 1.49000e+02 -6.43983e-01 -6.18495e-01 -6.69470e-01 -7.39365e-01 -6.99386e-01 -7.79343e-01
6.01600e+04 1.50000e+02 -6.08893e-01 -5.88446e-01 -6.29341e-01 -7.35607e-01 -6.96716e-01 -7.74498e-01
6.04800e+04 1.51000e+02 -6.61272e-01 -5.67724e-01 -7.54821e-01 -7.31861e-01 -6.94083e-01 -7.69638e-01
6.08000e+04 1.52000e+02 -6.29558e-01 -5.72347e-01 -6.86770e-01 -7.28126e-01 -6.91467e-01 -7.64784e-01
6.11200e+04 1.52000e+02 -6.29558e-01 -5.72347e-01 -6.86770e-01 -7.24400e-01 -6.88842e-01 -7.59958e-01
6.14400e+04 1.53000e+02 -6.39645e-01 -5.53081e-01 -7.26208e-01 -7.20682e-01 -6.86185e-01 -7.55179e-01
6.17600e+04 1.54000e+02 -6.30775e-01 -5.72280e-01 -6.89270e-01 -7.16967e-01 -6.83474e-01 -7.50461e-01
6.20800e+04 1.55000e+02 -6.14245e-01 -4.94076e-01 -7.34414e-01 -7.13254e-01 -6.80691e-01 -7.45817e-01
6.24000e+04 1.56000e+02 -6.13006e-01 -5.83143e-01 -6.42869e-01 -7.09542e-01 -6.77825e-01 -7.41258e-01
6.27200e+04 1.56000e+02 -6.13006e-01 -5.83143e-01 -6.42869e-01 -7.05834e-01 -6.74877e-01 -7.36791e-01
6.30400e+04 1.57000e+02 -5.96049e-01 -5.33475e-01 -6.58624e-01 -7.02136e-01 -6.71851e-01 -7.32421e-01
6.33600e+04 1.58000e+02 -5.95800e-01 -5.16676e-01 -6.74925e-01 -6.98457e-01 -6.68763e-01 -7.28151e-01
6.36800e+04 1.59000e+02 -6.08953e-01 -5.43483e-01 -6.74424e-01 -6.94810e-01 -6.65640e-01 -7.23981e-01
6.40000e+04 1.60000e+02 -6.38879e-01 -6.04092e-01 -6.73665e-01 -6.91208e-01 -6.62509e-01 -7.19907e-01
6.43200e+04 1.60000e+02 -6.38879e-01 -6.04092e-01 -6.73665e-01 -6.87665e-01 -6.59408e-01 -7.15922e-01
6.46400e+04 1.61000e+02 -6.13664e-01 -5.55840e-01 -6.71489e-01 -6.84194e-01 -6.56375e-01 -7.12013e-01
6.49600e+04 1.62000e+02 -5.87852e-01 -5.55684e-01 -6.20020e-01 -6.80806e-01 -6.53444e-01 -7.08167e-01
6.52800e+04 1.63000e+02 -5.41307e-01 -5.02368e-01 -5.80246e-01 -6.77507e-01 -6.50646e-01 -7.04368e-01
6.56000e+04 1.64000e+02 -6.06532e-01 -5.29188e-01 -6.83876e-01 -6.74302e-01 -6.48002e-01 -7.00602e-01
6.59200e+04 1.64000e+02 -6.06532e-01 -5.29188e-01 -6.83876e-01 -6.71190e-01 -6.45519e-01 -6.96861e-01
6.62400e+04 1.65000e+02 -6.62349e-01 -6.10124e-01 -7.14574e-01 -6.68167e-01 -6.43193e-01 -6.93141e-01
6.65600e+04 1.66000e+02 -5.61821e-01 -5.20684e-01 -6.02958e-01 -6.65227e-01 -6.41006e-01 -6.89448e-01
6.68800e+04 1.67000e+02 -5.89481e-01 -5.18897e-01 -6.60065e-01 -6.62362e-01 -6.38931e-01 -6.85793e-01
6.72000e+04 1.68000e+02 -5.28084e-01 -4.67221e-01 -5.88946e-01 -6.59564e-01 -6.36930e-01 -6.82198e-01
6.75200e+04 1.68000e+02 -5.28084e-01 -4.67221e-01 -5.88946e-01 -6.56823e-01 -6.34963e-01 -6.78683e-01
6.78400e+04 1.69000e+02 -6.27085e-01 -5.48655e-01 -7.05515e-01 -6.54132e-01 -6.32988e-01 -6.75275e-01
6.81600e+04 1.70000e+02 -6.14180e-01 -5.74349e-01 -6.54011e-01 -6.51481e-01 -6.30969e-01 -6.71993e-01
6.84800e+04 1.71000e+02 -6.01864e-01 -5.41468e-01 -6.62259e-01 -6.48864e-01 -6.28874e-01 -6.68854e-01
6.88000e+04 1.72000e+02 -6.27474e-01 -6.10701e-01 -6.44247e-01 -6.46276e-01 -6.26687e-01 -6.65865e-01
6.91200e+04 1.72000e+02 -6.27474e-01 -6.10701e-01 -6.44247e-01 -6.43713e-01 -6.24402e-01 -6.63024e-01
6.94400e+04 1.73000e+02 -5.89679e-01 -5.35741e-01 -6.43617e-01 -6.41173e-01 -6.22026e-01 -6.60319e-01
6.97600e+04 1.74000e+02 -5.12206e-01 -4.79741e-01 -5.44670e-01 -6.38653e-01 -6.19573e-01 -6.57733e-01
7.00800e+04 1.75000e+02 -6.29724e-01 -5.45679e-01 -7.13768e-01 -6.36154e-01 -6.17064e-01 -6.55245e-01
7.04000e+04 1.76000e+02 -5.62975e-01 -5.08575e-01 -6.17374e-01 -6.33678e-01 -6.14524e-01 -6.52832e-01
7.07200e+04 1.76000e+02 -5.62975e-01 -5.08575e-01 -6.17374e-01 -6.31228e-01 -6.11980e-01 -6.50475e-01
7.10400e+04 1.77000e+02 -5.62103e-01 -5.33242e-01 -5.90963e-01 -6.28810e-01 -6.09461e-01 -6.48159e-01
7.13600e+04 1.78000e+02 -5.40559e-01 -5.08573e-01 -5.72546e-01 -6.26433e-01 -6.06996e-01 -6.45870e-01
7.16800e+04 1.79000e+02 -6.06188e-01 -5.46777e-01 -6.65599e-01 -6.24107e-01 -6.04611e-01 -6.43602e-01
7.20000e+04 1.80000e+02 -5.90645e-01 -5.30189e-01 -6.51102e-01 -6.21843e-01 -6.02333e-01 -6.41353e-01
7.23200e+04 1.80000e+02 -5.90645e-01 -5.30189e-01 -6.51102e-01 -6.19650e-01 -6.00178e-01 -6.39122e-01
7.26400e+04 1.81000e+02 -5.50882e-01 -4.99762e-01 -6.02002e-01 -6.17538e-01 -5.98164e-01 -6.36912e-01
7.29600e+04 1.82000e+02 -5.23067e-01 -4.93290e-01 -5.52843e-01 -6.15511e-01 -5.96297e-01 -6.34724e-01
7.32800e+04 1.83000e+02 -5.47211e-01 -5.03986e-01 -5.90436e-01 -6.13569e-01 -5.94581e-01 -6.32557e-01
7.36000e+04 1.84000e+02 -5.77598e-01 -5.04696e-01 -6.50500e-01 -6.11711e-01 -5.93013e-01 -6.30410e-01
7.39200e+04 1.84000e+02 -5.77598e-01 -5.04696e-01 -6.50500e-01 -6.09931e-01 -5.91586e-01 -6.28275e-01
7.42400e+04 1.85000e+02 -5.74997e-01 -5.50126e-01 -5.99869e-01 -6.08218e-01 -5.90287e-01 -6.26148e-01
7.45600e+04 1.86000e+02 -5.82269e-01 -5.16108e-01 -6.48431e-01 -6.06562e-01 -5.89102e-01 -6.24023e-01
7.48800e+04 1.87000e+02 -5.79854e-01 -5.57346e-01 -6.02362e-01 -6.04952e-01 -5.88010e-01 -6.21895e-01
7.52000e+04 1.88000e+02 -5.47487e-01 -4.95621e-01 -5.99354e-01 -6.03375e-01 -5.86986e-01 -6.19763e-01
7.55200e+04 1.88000e+02 -5.47487e-01 -4.95621e-01 -5.99354e-01 -6.01817e-01 -5.86003e-01 -6.17631e-01
7.58400e+04 1.89000e+02 -5.31223e-01 -4.56301e-01 -6.06146e-01 -6.00267e-01 -5.85031e-01 -6.15503e-01
7.61600e+04 1.90000e+02 -5.22901e-01 -4.88882e-01 -5.56920e-01 -5.98714e-01 -5.84040e-01 -6.13387e-01
7.64800e+04 1.91000e+02 -5.26033e-01 -4.96341e-01 -5.55725e-01 -5.97149e-01 -5.83003e-01 -6.11295e-01
7.68000e+04 1.92000e+02 -5.05393e-01 -4.75955e-01 -5.34830e-01 -5.95566e-01 -5.81893e-01 -6.09239e-01
7.71200e+04 1.92000e+02 -5.05393e-01 -4.75955e-01 -5.34830e-01 -5.93964e-01 -5.80692e-01 -6.07236e-01
7.74400e+04 1.93000e+02 -5.45454e-01 -4.89763e-01 -6.01145e-01 -5.92345e-01 -5.79389e-01 -6.05300e-01
7.77600e+04 1.94000e+02 -5.20512e-01 -4.65613e-01 -5.75411e-01 -5.90711e-01 -5.77977e-01 -6.03446e-01
7.80800e+04 1.95000e+02 -5.29461e-01 -4.78161e-01 -5.80761e-01 -5.89071e-01 -5.76458e-01 -6.01684e-01
7.84000e+04 1.96000e+02 -5.09191e-01 -4.52350e-01 -5.66032e-01 -5.87430e-01 -5.74842e-01 -6.00018e-01
7.87200e+04 1.96000e+02 -5.09191e-01 -4.52350e-01 -5.66032e-01 -5.85791e-01 -5.73143e-01 -5.98440e-01
7.90400e+04 1.97000e+02 -5.72462e-01 -5.19361e-01 -6.25563e-01 -5.84157e-01 -5.71375e-01 -5.96939e-01
7.93600e+04 1.98000e+02 -5.02368e-01 -4.70884e-01 -5.33853e-01 -5.82525e-01 -5.69556e-01 -5.95494e-01
7.96800e+04 1.99000e+02 -5.04036e-01 -4.81697e-01 -5.26376e-01 -5.80888e-01 -5.67699e-01 -5.94078e-01
8.00000e+04 2.00000e+02 -4.84376e-01 -4.42562e-01 -5.26190e-01 -5.79239e-01 -5.65812e-01 -5.92666e-01
8.03200e+04 2.00000e+02 -4.84376e-01 -4.42562e-01 -5.26190e-01 -5.77567e-01 -5.63902e-01 -5.91231e-01
8.06400e+04 2.01000e+02 -5.36991e-01 -5.12497e-01 -5.61484e-01 -5.75859e-01 -5.61973e-01 -5.89745e-01
8.09600e+04 2.02000e+02 -5.34901e-01 -4.98116e-01 -5.71687e-01 -5.74106e-01 -5.60024e-01 -5.88187e-01
8.12800e+04 2.03000e+02 -5.39478e-01 -4.43676e-01 -6.35280e-01 -5.72300e-01 -5.58060e-01 -5.86539e-01
8.16000e+04 2.04000e+02 -5.36118e-01 -4.84478e-01 -5.87757e-01 -5.70435e-01 -5.56085e-01 -5.84785e-01
8.19200e+04 2.04000e+02 -5.36118e-01 -4.84478e-01 -5.87757e-01 -5.68510e-01 -5.54103e-01 -5.82917e-01
8.22400e+04 2.05000e+02 -5.03902e-01 -4.74951e-01 -5.32852e-01 -5.66526e-01 -5.52122e-01 -5.80930e-01
8.25600e+04 2.06000e+02 -4.70920e-01 -4.37059e-01 -5.04781e-01 -5.64486e-01 -5.50146e-01 -5.78826e-01
8.28800e+04 2.07000e+02 -5.63763e-01 -4.94838e-01 -6.32688e-01 -5.62396e-01 -5.48180e-01 -5.76612e-01
8.32000e+04 2.08000e+02 -4.81396e-01 -4.44539e-01 -5.18253e-01 -5.60264e-01 -5.46224e-01 -5.74303e-01
8.35200e+04 2.08000e+02 -4.81396e-01 -4.44539e-01 -5.18253e-01 -5.58101e-01 -5.44281e-01 -5.71920e-01
8.38400e+04 2.09000e+02 -5.35070e-01 -5.12975e-01 -5.57166e-01 -5.55918e-01 -5.42345e-01 -5.69491e-01
8.41600e+04 2.10000e+02 -5.01328e-01 -4.71166e-01 -5.31490e-01 -5.53731e-01 -5.40413e-01 -5.67049e-01
8.44800e+04 2.11000e+02 -4.84696e-01 -4.43582e-01 -5.25810e-01 -5.51555e-01 -5.38478e-01 -5.64632e-01
8.48000e+04 2.12000e+02 -4.99391e-01 -4.85818e-01 -5.12964e-01 -5.49405e-01 -5.36531e-01 -5.62279e-01
8.51200e+04 2.12000e+02 -4.99391e-01 -4.85818e-01 -5.12964e-01 -5.47295e-01 -5.34566e-01 -5.60024e-01
8.54400e+04 2.13000e+02 -5.26798e-01 -5.09707e-01 -5.43889e-01 -5.45239e-01 -5.32577e-01 -5.57900e-01
8.57600e+04 2.14000e+02 -4.99807e-01 -4.44416e-01 -5.55199e-01 -5.43247e-01 -5.30562e-01 -5.55932e-01
8.60800e+04 2.15000e+02 -5.34054e-01 -4.92830e-01 -5.75278e-01 -5.41327e-01 -5.28519e-01 -5.54136e-01
8.64000e+04 2.16000e+02 -4.83289e-01 -4.36501e-01 -5.30077e-01 -5.39485e-01 -5.26450e-01 -5.52520e-01
8.67200e+04 2.16000e+02 -4.83289e-01 -4.36501e-01 -5.30077e-01 -5.37722e-01 -5.24361e-01 -5.51083e-01
8.70400e+04 2.17000e+02 -4.84334e-01 -4.52141e-01 -5.16526e-01 -5.36038e-01 -5.22257e-01 -5.49820e-01
8.73600e+04 2.18000e+02 -4.95865e-01 -4.65987e-01 -5.25744e-01 -5.34430e-01 -5.20146e-01 -5.48714e-01
8.76800e+04 2.19000e+02 -5.13335e-01 -4.55470e-01 -5.71200e-01 -5.32892e-01 -5.18040e-01 -5.47745e-01
8.80000e+04 2.20000e+02 -5.30431e-01 -4.73109e-01 -5.87753e-01 -5.31418e-01 -5.15952e-01 -5.46885e-01
8.83200e+04 2.20000e+02 -5.30431e-01 -4.73109e-01 -5.87753e-01 -5.30003e-01 -5.13899e-01 -5.46107e-01
8.86400e+04 2.21000e+02 -5.10694e-01 -4.90011e-01 -5.31377e-01 -5.28638e-01 -5.11896e-01 -5.45381e-01
8.89600e+04 2.22000e+02 -5.04494e-01 -4.58001e-01 -5.50988e-01 -5.27321e-01 -5.09961e-01 -5.44680e-01
8.92800e+04 2.23000e+02 -4.97823e-01 -4.58918e-01 -5.36729e-01 -5.26044e-01 -5.08108e-01 -5.43979e-01
8.96000e+04 2.24000e+02 -5.05132e-01 -4.40527e-01 -5.69737e-01 -5.24803e-01 -5.06350e-01 -5.43257e-01
8.99200e+04 2.24000e+02 -5.05132e-01 -4.40527e-01 -5.69737e-01 -5.23596e-01 -5.04697e-01 -5.42495e-01
9.02400e+04 2.25000e+02 -4.72595e-01 -4.49353e-01 -4.95838e-01 -5.22419e-01 -5.03159e-01 -5.41678e-01
9.05600e+04 2.26000e+02 -5.25317e-01 -4.79212e-01 -5.71423e-01 -5.21270e-01 -5.01748e-01 -5.40793e-01
9.08800e+04 2.27000e+02 -4.89085e-01 -4.33970e-01 -5.44200e-01 -5.20151e-01 -5.00470e-01 -5.39833e-01
9.12000e+04 2.28000e+02 -4.88868e-01 -4.45945e-01 -5.31791e-01 -5.19063e-01 -4.99338e-01 -5.38788e-01
9.15200e+04 2.28000e+02 -4.88868e-01 -4.45945e-01 -5.31791e-01 -5.18010e-01 -4.98363e-01 -5.37657e-01
9.18400e+04 2.29000e+02 -4.72985e-01 -4.24038e-01 -5.21932e-01 -5.16995e-01 -4.97555e-01 -5.36435e-01
9.21600e+04 2.30000e+02 -5.26050e-01 -4.91179e-01 -5.60921e-01 -5.16022e-01 -4.96921e-01 -5.35123e-01
9.24800e+04 2.31000e+02 -5.38211e-01 -4.63801e-01 -6.12621e-01 -5.15094e-01 -4.96468e-01 -5.33721e-01
9.28000e+04 2.32000e+02 -4.70440e-01 -4.19740e-01 -5.21140e-01 -5.14214e-01 -4.96198e-01 -5.32231e-01
9.31200e+04 2.32000e+02 -4.70440e-01 -4.19740e-01 -5.21140e-01 -5.13382e-01 -4.96106e-01 -5.30657e-01
9.34400e+04 2.33000e+02 -4.82682e-01 -4.48345e-01 -5.17019e-01 -5.12596e-01 -4.96184e-01 -5.29007e-01
9.37600e+04 2.34000e+02 -4.79368e-01 -4.38129e-01 -5.20607e-01 -5.11853e-01 -4.96414e-01 -5.27292e-01
9.40800e+04 2.35000e+02 -4.71894e-01 -4.30213e-01 -5.13575e-01 -5.11148e-01 -4.96773e-01 -5.25522e-01
9.44000e+04 2.36000e+02 -5.40844e-01 -4.90081e-01 -5.91606e-01 -5.10476e-01 -4.97236e-01 -5.23716e-01
9.47200e+04 2.36000e+02 -5.40844e-01 -4.90081e-01 -5.91606e-01 -5.09832e-01 -4.97774e-01 -5.21889e-01
9.50400e+04 2.37000e+02 -5.06196e-01 -4.55752e-01 -5.56640e-01 -5.09210e-01 -4.98359e-01 -5.20061e-01
9.53600e+04 2.38000e+02 -4.48246e-01 -4.42192e-01 -4.54301e-01 -5.08607e-01 -4.98964e-01 -5.18251e-01
9.56800e+04 2.39000e+02 -5.29088e-01 -4.74088e-01 -5.84087e-01 -5.08020e-01 -4.99558e-01 -5.16482e-01
9.60000e+04 2.40000e+02 -4.76546e-01 -4.46742e-01 -5.06350e-01 -5.07445e-01 -5.00108e-01 -5.14782e-01
9.63200e+04 2.40000e+02 -4.76546e-01 -4.46742e-01 -5.06350e-01 -5.06880e-01 -5.00568e-01 -5.13192e-01
9.66400e+04 2.41000e+02 -4.74284e-01 -4.45646e-01 -5.02923e-01 -5.06322e-01 -5.00868e-01 -5.11776e-01
9.69600e+04 2.42000e+02 -5.12012e-01 -4.69106e-01 -5.54919e-01 -5.05768e-01 -5.00919e-01 -5.10618e-01
9.72800e+04 2.43000e+02 -5.44278e-01 -4.89908e-01 -5.98649e-01 -5.05218e-01 -5.00629e-01 -5.09806e-01
9.76000e+04 2.44000e+02 -5.00756e-01 -4.47313e-01 -5.54200e-01 -5.04668e-01 -4.99968e-01 -5.09369e-01
9.79200e+04 2.44000e+02 -5.00756e-01 -4.47313e-01 -5.54200e-01 -5.04120e-01 -4.99001e-01 -5.09239e-01
9.82400e+04 2.45000e+02 -5.52602e-01 -5.11574e-01 -5.93630e-01 -5.03573e-01 -4.97848e-01 -5.09298e-01
9.85600e+04 2.46000e+02 -5.33000e-01 -4.82261e-01 -5.83740e-01 -5.03028e-01 -4.96623e-01 -5.09432e-01
9.88800e+04 2.47000e+02 -5.05869e-01 -4.31758e-01 -5.79980e-01 -5.02486e-01 -4.95411e-01 -5.09560e-01
9.92000e+04 2.48000e+02 -5.11181e-01 -4.67526e-01 -5.54837e-01 -5.01949e-01 -4.94270e-01 -5.09628e-01
9.95200e+04 2.48000e+02 -5.11181e-01 -4.67526e-01 -5.54837e-01 -5.01420e-01 -4.93239e-01 -5.09601e-01
9.98400e+04 2.49000e+02 -4.68577e-01 -4.34198e-01 -5.02955e-01 -5.00905e-01 -4.92346e-01 -5.09465e-01
1.00160e+05 2.50000e+02 -4.64229e-01 -4.18782e-01 -5.09677e-01 -5.00412e-01 -4.91608e-01 -5.09217e-01
1.00480e+05 2.51000e+02 -4.88091e-01 -4.45642e-01 -5.30539e-01 -4.99952e-01 -4.91036e-01 -5.08868e-01
1.00800e+05 2.52000e+02 -5.01514e-01 -4.71292e-01 -5.31737e-01 -4.99538e-01 -4.90636e-01 -5.08440e-01
1.01120e+05 2.52000e+02 -5.01514e-01 -4.71292e-01 -5.31737e-01 -4.99185e-01 -4.90405e-01 -5.07965e-01
1.01440e+05 2.53000e+02 -4.79791e-01 -4.43956e-01 -5.15626e-01 -4.98910e-01 -4.90340e-01 -5.07480e-01
1.01760e+05 2.54000e+02 -5.07059e-01 -4.69708e-01 -5.44411e-01 -4.98726e-01 -4.90428e-01 -5.07024e-01
1.02080e+05 2.55000e+02 -5.21392e-01 -4.68666e-01 -5.74118e-01 -4.98644e-01 -4.90653e-01 -5.06635e-01
1.02400e+05 2.56000e+02 -4.71935e-01 -4.61123e-01 -4.82748e-01 -4.98668e-01 -4.90996e-01 -5.06340e-01
1.02720e+05 2.56000e+02 -4.71935e-01 -4.61123e-01 -4.82748e-01 -4.98796e-01 -4.91436e-01 -5.06156e-01
1.03040e+05 2.57000e+02 -4.34162e-01 -3.92949e-01 -4.75376e-01 -4.99018e-01 -4.91949e-01 -5.06087e-01
1.03360e+05 2.58000e+02 -4.67010e-01 -4.29938e-01 -5.04082e-01 -4.99318e-01 -4.92513e-01 -5.06123e-01
1.03680e+05 2.59000e+02 -4.88728e-01 -4.35711e-01 -5.41744e-01 -4.99674e-01 -4.93104e-01 -5.06244e-01
1.04000e+05 2.60000e+02 -4.88054e-01 -4.41389e-01 -5.34720e-01 -5.00061e-01 -4.93697e-01 -5.06425e-01
1.04320e+05 2.60000e+02 -4.88054e-01 -4.41389e-01 -5.34720e-01 -5.00454e-01 -4.94264e-01 -5.06643e-01
1.04640e+05 2.61000e+02 -4.75636e-01 -4.38759e-01 -5.12512e-01 -5.00827e-01 -4.94777e-01 -5.06877e-01
1.04960e+05 2.62000e+02 -5.01612e-01 -4.61588e-01 -5.41636e-01 -5.01157e-01 -4.95205e-01 -5.07109e-01
1.05280e+05 2.63000e+02 -4.86904e-01 -4.49951e-01 -5.23857e-01 -5.01424e-01 -4.95520e-01 -5.07327e-01
1.05600e+05 2.64000e+02 -4.67418e-01 -4.20483e-01 -5.14353e-01 -5.01608e-01 -4.95699e-01 -5.07517e-01
1.05920e+05 2.64000e+02 -4.67418e-01 -4.20483e-01 -5.14353e-01 -5.01696e-01 -4.95727e-01 -5.07664e-01
1.06240e+05 2.65000e+02 -4.48902e-01 -4.18537e-01 -4.79268e-01 -5.01674e-01 -4.95596e-01 -5.07753e-01
1.06560e+05 2.66000e+02 -4.64114e-01 -4.25796e-01 -5.02433e-01 -5.01535e-01 -4.95305e-01 -5.07765e-01
1.06880e+05 2.67000e+02 -5.02200e-01 -4.50948e-01 -5.53452e-01 -5.01274e-01 -4.94862e-01 -5.07685e-01
1.07200e+05 2.68000e+02 -4.84417e-01 -4.43762e-01 -5.25073e-01 -5.00889e-01 -4.94278e-01 -5.07500e-01
1.07520e+05 2.68000e+02 -4.84417e-01 -4.43762e-01 -5.25073e-01 -5.00385e-01 -4.93574e-01 -5.07196e-01
1.07840e+05 2.69000e+02 -4.72577e-01 -4.56893e-01 -4.88261e-01 -4.99769e-01 -4.92771e-01 -5.06768e-01
1.08160e+05 2.70000e+02 -4.87397e-01 -4.00337e-01 -5.74456e-01 -4.99052e-01 -4.91896e-01 -5.06207e-01
1.08480e+05 2.71000e+02 -5.32231e-01 -4.96003e-01 -5.68460e-01 -4.98245e-01 -4.90979e-01 -5.05511e-01
1.08800e+05 2.72000e+02 -4.76152e-01 -4.27956e-01 -5.24348e-01 -4.97363e-01 -4.90049e-01 -5.04677e-01
1.09120e+05 2.72000e+02 -4.76152e-01 -4.27956e-01 -5.24348e-01 -4.96419e-01 -4.89135e-01 -5.03703e-01
1.09440e+05 2.73000e+02 -4.74708e-01 -3.58549e-01 -5.90868e-01 -4.95427e-01 -4.88261e-01 -5.02594e-01
1.09760e+05 2.74000e+02 -4.59891e-01 -4.34806e-01 -4.84975e-01 -4.94401e-01 -4.87447e-01 -5.01355e-01
1.10080e+05 2.75000e+02 -5.27343e-01 -4.38615e-01 -6.16071e-01 -4.93354e-01 -4.86704e-01 -5.00004e-01
1.10400e+05 2.76000e+02 -4.53874e-01 -4.17672e-01 -4.90075e-01 -4.92300e-01 -4.86033e-01 -4.98567e-01
1.10720e+05 2.76000e+02 -4.53874e-01 -4.17672e-01 -4.90075e-01 -4.91252e-01 -4.85424e-01 -4.97080e-01
1.11040e+05 2.77000e+02 -4.57044e-01 -3.94666e-01 -5.19421e-01 -4.90226e-01 -4.84852e-01 -4.95600e-01
1.11360e+05 2.78000e+02 -4.53354e-01 -4.19667e-01 -4.87041e-01 -4.89236e-01 -4.84276e-01 -4.94195e-01
1.11680e+05 2.79000e+02 -4.70188e-01 -4.54267e-01 -4.86109e-01 -4.88296e-01 -4.83639e-01 -4.92953e-01
1.12000e+05 2.80000e+02 -4.44115e-01 -4.02397e-01 -4.85832e-01 -4.87419e-01 -4.82875e-01 -4.91963e-01
1.12320e+05 2.80000e+02 -4.44115e-01 -4.02397e-01 -4.85832e-01 -4.86617e-01 -4.81948e-01 -4.91286e-01
1.12640e+05 2.81000e+02 -4.77222e-01 -4.19332e-01 -5.35113e-01 -4.85897e-01 -4.80861e-01 -4.90933e-01
1.12960e+05 2.82000e+02 -4.45033e-01 -4.25767e-01 -4.64299e-01 -4.85264e-01 -4.79659e-01 -4.90870e-01
1.13280e+05 2.83000e+02 -4.33974e-01 -4.05208e-01 -4.62740e-01 -4.84719e-01 -4.78397e-01 -4.91040e-01
1.13600e+05 2.84000e+02 -4.41788e-01 -4.24032e-01 -4.59544e-01 -4.84256e-01 -4.77122e-01 -4.91390e-01
1.13920e+05 2.84000e+02 -4.41788e-01 -4.24032e-01 -4.59544e-01 -4.83867e-01 -4.75863e-01 -4.91870e-01
1.14240e+05 2.85000e+02 -4.27243e-01 -4.08171e-01 -4.46315e-01 -4.83537e-01 -4.74635e-01 -4.92438e-01
1.14560e+05 2.86000e+02 -4.24334e-01 -3.98094e-01 -4.50575e-01 -4.83250e-01 -4.73443e-01 -4.93056e-01
1.14880e+05 2.87000e+02 -4.55350e-01 -4.18697e-01 -4.92003e-01 -4.82985e-01 -4.72286e-01 -4.93684e-01
1.15200e+05 2.88000e+02 -4.20113e-01 -3.73237e-01 -4.66988e-01 -4.82722e-01 -4.71162e-01 -4.94282e-01
1.15520e+05 2.88000e+02 -4.20113e-01 -3.73237e-01 -4.66988e-01 -4.82439e-01 -4.70067e-01 -4.94811e-01
1.15840e+05 2.89000e+02 -4.62352e-01 -4.37600e-01 -4.87103e-01 -4.82113e-01 -4.68998e-01 -4.95229e-01
1.16160e+05 2.90000e+02 -4.61840e-01 -4.08895e-01 -5.14785e-01 -4.81725e-01 -4.67953e-01 -4.95497e-01
1.16480e+05 2.91000e+02 -4.44663e-01 -4.17581e-01 -4.71745e-01 -4.81255e-01 -4.66930e-01 -4.95579e-01
1.16800e+05 2.92000e+02 -4.88592e-01 -4.45042e-01 -5.32141e-01 -4.80685e-01 -4.65925e-01 -4.95445e-01
1.17120e+05 2.92000e+02 -4.88592e-01 -4.45042e-01 -5.32141e-01 -4.80002e-01 -4.64935e-01 -4.95068e-01
1.17440e+05 2.93000e+02 -4.82438e-01 -4.31640e-01 -5.33236e-01 -4.79193e-01 -4.63954e-01 -4.94432e-01
1.17760e+05 2.94000e+02 -4.44966e-01 -3.75881e-01 -5.14051e-01 -4.78252e-01 -4.62978e-01 -4.93527e-01
1.18080e+05 2.95000e+02 -4.73485e-01 -4.43790e-01 -5.03179e-01 -4.77177e-01 -4.61998e-01 -4.92356e-01
1.18400e+05 2.96000e+02 -4.68277e-01 -4.29039e-01 -5.07516e-01 -4.75970e-01 -4.61011e-01 -4.90929e-01
1.18720e+05 2.96000e+02 -4.68277e-01 -4.29039e-01 -5.07516e-01 -4.74639e-01 -4.60011e-01 -4.89268e-01
1.19040e+05 2.97000e+02 -4.50830e-01 -3.95593e-01 -5.06066e-01 -4.73202e-01 -4.59001e-01 -4.87403e-01
1.19360e+05 2.98000e+02 -4.24447e-01 -3.62805e-01 -4.86089e-01 -4.71677e-01 -4.57982e-01 -4.85373e-01
1.19680e+05 2.99000e+02 -4.24248e-01 -3.84758e-01 -4.63737e-01 -4.70092e-01 -4.56962e-01 -4.83223e-01
1.20000e+05 3.00000e+02 -4.29534e-01 -4.12671e-01 -4.46398e-01 -4.68478e-01 -4.55950e-01 -4.81006e-01
1.20320e+05 3.00000e+02 -4.29534e-01 -4.12671e-01 -4.46398e-01 -4.66866e-01 -4.54957e-01 -4.78776e-01
1.20640e+05 3.01000e+02 -4.88603e-01 -4.35798e-01 -5.41407e-01 -4.65292e-01 -4.53995e-01 -4.76589e-01
1.20960e+05 3.02000e+02 -4.37036e-01 -4.03807e-01 -4.70265e-01 -4.63787e-01 -4.53073e-01 -4.74501e-01
1.21280e+05 3.03000e+02 -4.34383e-01 -3.90189e-01 -4.78578e-01 -4.62379e-01 -4.52202e-01 -4.72557e-01
1.21600e+05 3.04000e+02 -4.62850e-01 -4.39652e-01 -4.86047e-01 -4.61092e-01 -4.51386e-01 -4.70798e-01
1.21920e+05 3.04000e+02 -4.62850e-01 -4.39652e-01 -4.86047e-01 -4.59941e-01 -4.50634e-01 -4.69248e-01
1.22240e+05 3.05000e+02 -4.32348e-01 -4.00708e-01 -4.63989e-01 -4.58932e-01 -4.49945e-01 -4.67918e-01
1.22560e+05 3.06000e+02 -4.43015e-01 -4.04443e-01 -4.81586e-01 -4.58065e-01 -4.49323e-01 -4.66806e-01
1.22880e+05 3.07000e+02 -4.27968e-01 -4.11305e-01 -4.44632e-01 -4.57331e-01 -4.48764e-01 -4.65898e-01
1.23200e+05 3.08000e+02 -4.43074e-01 -4.11568e-01 -4.74581e-01 -4.56717e-01 -4.48259e-01 -4.65175e-01
1.23520e+05 3.08000e+02 -4.43074e-01 -4.11568e-01 -4.74581e-01 -4.56206e-01 -4.47800e-01 -4.64612e-01
1.23840e+05 3.09000e+02 -4.55205e-01 -4.20427e-01 -4.89982e-01 -4.55777e-01 -4.47367e-01 -4.64187e-01
1.24160e+05 3.10000e+02 -4.39776e-01 -4.01391e-01 -4.78161e-01 -4.55410e-01 -4.46944e-01 -4.63876e-01
1.24480e+05 3.11000e+02 -4.24658e-01 -4.12374e-01 -4.36943e-01 -4.55086e-01 -4.46512e-01 -4.63659e-01
1.24800e+05 3.12000e+02 -4.37994e-01 -3.86149e-01 -4.89840e-01 -4.54786e-01 -4.46057e-01 -4.63515e-01
1.25120e+05 3.12000e+02 -4.37994e-01 -3.86149e-01 -4.89840e-01 -4.54495e-01 -4.45569e-01 -4.63421e-01
1.25440e+05 3.13000e+02 -4.07902e-01 -3.69784e-01 -4.46020e-01 -4.54200e-01 -4.45045e-01 -4.63355e-01
1.25760e+05 3.14000e+02 -4.45339e-01 -4.23593e-01 -4.67085e-01 -4.53890e-01 -4.44486e-01 -4.63294e-01
1.26080e+05 3.15000e+02 -4.09320e-01 -3.87554e-01 -4.31086e-01 -4.53558e-01 -4.43902e-01 -4.63214e-01
1.26400e+05 3.16000e+02 -4.18861e-01 -3.81573e-01 -4.56149e-01 -4.53199e-01 -4.43301e-01 -4.63096e-01
1.26720e+05 3.16000e+02 -4.18861e-01 -3.81573e-01 -4.56149e-01 -4.52808e-01 -4.42693e-01 -4.62922e-01
1.27040e+05 3.17000e+02 -4.62759e-01 -4.29210e-01 -4.96308e-01 -4.52384e-01 -4.42087e-01 -4.62681e-01
1.27360e+05 3.18000e+02 -4.40400e-01 -4.02905e-01 -4.77895e-01 -4.51927e-01 -4.41486e-01 -4.62368e-01
1.27680e+05 3.19000e+02 -4.47109e-01 -4.08418e-01 -4.85801e-01 -4.51436e-01 -4.40892e-01 -4.61981e-01
1.28000e+05 3.20000e+02 -4.55038e-01 -3.97985e-01 -5.12091e-01 -4.50912e-01 -4.40298e-01 -4.61526e-01
1.28320e+05 3.20000e+02 -4.55038e-01 -3.97985e-01 -5.12091e-01 -4.50354e-01 -4.39699e-01 -4.61009e-01
1.28640e+05 3.21000e+02 -4.22880e-01 -3.87898e-01 -4.57862e-01 -4.49760e-01 -4.39083e-01 -4.60437e-01
1.28960e+05 3.22000e+02 -4.35858e-01 -4.03832e-01 -4.67884e-01 -4.49130e-01 -4.38438e-01 -4.59822e-01
1.29280e+05 3.23000e+02 -4.50492e-01 -4.04734e-01 -4.96250e-01 -4.48464e-01 -4.37757e-01 -4.59171e-01
1.29600e+05 3.24000e+02 -4.18680e-01 -3.78873e-01 -4.58488e-01 -4.47763e-01 -4.37033e-01 -4.58493e-01
1.29920e+05 3.24000e+02 -4.18680e-01 -3.78873e-01 -4.58488e-01 -4.47030e-01 -4.36264e-01 -4.57795e-01
1.30240e+05 3.25000e+02 -4.45941e-01 -4.20309e-01 -4.71572e-01 -4.46270e-01 -4.35456e-01 -4.57084e-01
1.30560e+05 3.26000e+02 -4.31031e-01 -4.02951e-01 -4.59111e-01 -4.45494e-01 -4.34618e-01 -4.56370e-01
1.30880e+05 3.27000e+02 -4.14886e-01 -3.94477e-01 -4.35295e-01 -4.44710e-01 -4.33761e-01 -4.55658e-01
1.31200e+05 3.28000e+02 -4.41236e-01 -3.89563e-01 -4.92909e-01 -4.43931e-01 -4.32902e-01 -4.54960e-01
1.31520e+05 3.28000e+02 -4.41236e-01 -3.89563e-01 -4.92909e-01 -4.43170e-01 -4.32055e-01 -4.54285e-01
1.31840e+05 3.29000e+02 -4.21438e-01 -3.92820e-01 -4.50055e-01 -4.42438e-01 -4.31234e-01 -4.53641e-01
1.32160e+05 3.30000e+02 -4.31551e-01 -4.11063e-01 -4.52039e-01 -4.41746e-01 -4.30456e-01 -4.53037e-01
1.32480e+05 3.31000e+02 -4.50983e-01 -3.97576e-01 -5.04391e-01 -4.41104e-01 -4.29731e-01 -4.52477e-01
1.32800e+05 3.32000e+02 -4.47880e-01 -4.28709e-01 -4.67051e-01 -4.40517e-01 -4.29071e-01 -4.51963e-01
1.33120e+05 3.32000e+02 -4.47880e-01 -4.28709e-01 -4.67051e-01 -4.39988e-01 -4.28481e-01 -4.51494e-01
1.33440e+05 3.33000e+02 -4.20146e-01 -3.90891e-01 -4.49402e-01 -4.39516e-01 -4.27970e-01 -4.51063e-01
1.33760e+05 3.34000e+02 -4.23046e-01 -3.68604e-01 -4.77488e-01 -4.39100e-01 -4.27538e-01 -4.50662e-01
1.34080e+05 3.35000e+02 -4.35102e-01 -4.03482e-01 -4.66722e-01 -4.38733e-01 -4.27187e-01 -4.50279e-01
1.34400e+05 3.36000e+02 -4.28220e-01 -3.91414e-01 -4.65027e-01 -4.38408e-01 -4.26916e-01 -4.49900e-01
1.34720e+05 3.36000e+02 -4.28220e-01 -3.91414e-01 -4.65027e-01 -4.38118e-01 -4.26721e-01 -4.49515e-01
1.35040e+05 3.37000e+02 -4.48218e-01 -4.21956e-01 -4.74480e-01 -4.37855e-01 -4.26596e-01 -4.49113e-01
1.35360e+05 3.38000e+02 -4.06964e-01 -3.84077e-01 -4.29851e-01 -4.37611e-01 -4.26537e-01 -4.48686e-01
1.35680e+05 3.39000e+02 -4.17933e-01 -3.90464e-01 -4.45402e-01 -4.37383e-01 -4.26535e-01 -4.48230e-01
1.36000e+05 3.40000e+02 -4.30632e-01 -4.12204e-01 -4.49061e-01 -4.37163e-01 -4.26584e-01 -4.47742e-01
1.36320e+05 3.40000e+02 -4.30632e-01 -4.12204e-01 -4.49061e-01 -4.36951e-01 -4.26677e-01 -4.47224e-01
1.36640e+05 3.41000e+02 -4.14549e-01 -3.83874e-01 -4.45225e-01 -4.36743e-01 -4.26808e-01 -4.46678e-01
1.36960e+05 3.42000e+02 -4.37304e-01 -4.11624e-01 -4.62985e-01 -4.36537e-01 -4.26969e-01 -4.46105e-01
1.37280e+05 3.43000e+02 -4.45576e-01 -3.67525e-01 -5.23627e-01 -4.36333e-01 -4.27157e-01 -4.45509e-01
1.37600e+05 3.44000e+02 -4.18088e-01 -4.07001e-01 -4.29175e-01 -4.36129e-01 -4.27368e-01 -4.44890e-01
1.37920e+05 3.44000e+02 -4.18088e-01 -4.07001e-01 -4.29175e-01 -4.35925e-01 -4.27600e-01 -4.44250e-01
1.38240e+05 3.45000e+02 -4.18870e-01 -3.81508e-01 -4.56233e-01 -4.35717e-01 -4.27847e-01 -4.43586e-01
1.38560e+05 3.46000e+02 -4.04526e-01 -3.62378e-01 -4.46674e-01 -4.35503e-01 -4.28108e-01 -4.42898e-01
1.38880e+05 3.47000e+02 -4.44740e-01 -3.97026e-01 -4.92454e-01 -4.35281e-01 -4.28377e-01 -4.42184e-01
1.39200e+05 3.48000e+02 -4.40928e-01 -4.16273e-01 -4.65583e-01 -4.35046e-01 -4.28647e-01 -4.41445e-01
1.39520e+05 3.48000e+02 -4.40928e-01 -4.16273e-01 -4.65583e-01 -4.34797e-01 -4.28911e-01 -4.40684e-01
1.39840e+05 3.49000e+02 -4.43758e-01 -3.97289e-01 -4.90228e-01 -4.34531e-01 -4.29156e-01 -4.39907e-01
1.40160e+05 3.50000e+02 -4.31385e-01 -3.82220e-01 -4.80551e-01 -4.34248e-01 -4.29367e-01 -4.39128e-01
1.40480e+05 3.51000e+02 -4.29863e-01 -3.90433e-01 -4.69293e-01 -4.33946e-01 -4.29520e-01 -4.38371e-01
1.40800e+05 3.52000e+02 -4.43517e-01 -4.22500e-01 -4.64534e-01 -4.33626e-01 -4.29579e-01 -4.37674e-01
1.41120e+05 3.52000e+02 -4.43517e-01 -4.22500e-01 -4.64534e-01 -4.33290e-01 -4.29493e-01 -4.37086e-01
1.41440e+05 3.53000e+02 -4.68899e-01 -4.38563e-01 -4.99235e-01 -4.32940e-01 -4.29216e-01 -4.36664e-01
1.41760e+05 3.54000e+02 -4.27138e-01 -3.89444e-01 -4.64832e-01 -4.32580e-01 -4.28718e-01 -4.36442e-01
1.42080e+05 3.55000e+02 -4.43534e-01 -4.12978e-01 -4.74091e-01 -4.32214e-01 -4.28013e-01 -4.36414e-01
1.42400e+05 3.56000e+02 -4.38950e-01 -3.68552e-01 -5.09349e-01 -4.31847e-01 -4.27149e-01 -4.36545e-01
1.42720e+05 3.56000e+02 -4.38950e-01 -3.68552e-01 -5.09349e-01 -4.31488e-01 -4.26186e-01 -4.36790e-01
1.43040e+05 3.57000e+02 -4.15057e-01 -4.07520e-01 -4.22594e-01 -4.31144e-01 -4.25178e-01 -4.37110e-01
1.43360e+05 3.58000e+02 -4.04693e-01 -3.77263e-01 -4.32124e-01 -4.30825e-01 -4.24168e-01 -4.37481e-01
1.43680e+05 3.59000e+02 -3.98511e-01 -3.71270e-01 -4.25753e-01 -4.30539e-01 -4.23193e-01 -4.37885e-01
1.44000e+05 3.60000e+02 -4.23708e-01 -3.96553e-01 -4.50862e-01 -4.30297e-01 -4.22279e-01 -4.38315e-01
1.44320e+05 3.60000e+02 -4.23708e-01 -3.96553e-01 -4.50862e-01 -4.30108e-01 -4.21450e-01 -4.38766e-01
1.44640e+05 3.61000e+02 -4.53896e-01 -4.42168e-01 -4.65623e-01 -4.29980e-01 -4.20722e-01 -4.39238e-01
1.44960e+05 3.62000e+02 -4.23057e-01 -4.08175e-01 -4.37939e-01 -4.29919e-01 -4.20108e-01 -4.39730e-01
1.45280e+05 3.63000e+02 -4.39829e-01 -3.98718e-01 -4.80940e-01 -4.29927e-01 -4.19615e-01 -4.40239e-01
1.45600e+05 3.64000e+02 -4.48846e-01 -4.24707e-01 -4.72985e-01 -4.30002e-01 -4.19245e-01 -4.40760e-01
1.45920e+05 3.64000e+02 -4.48846e-01 -4.24707e-01 -4.72985e-01 -4.30139e-01 -4.18993e-01 -4.41286e-01
1.46240e+05 3.65000e+02 -4.36847e-01 -4.21499e-01 -4.52195e-01 -4.30327e-01 -4.18847e-01 -4.41807e-01
1.46560e+05 3.66000e+02 -4.30872e-01 -3.97982e-01 -4.63762e-01 -4.30551e-01 -4.18793e-01 -4.42309e-01
1.46880e+05 3.67000e+02 -4.11734e-01 -3.77672e-01 -4.45796e-01 -4.30794e-01 -4.18810e-01 -4.42778e-01
1.47200e+05 3.68000e+02 -4.31561e-01 -3.84250e-01 -4.78872e-01 -4.31040e-01 -4.18879e-01 -4.43201e-01
1.47520e+05 3.68000e+02 -4.31561e-01 -3.84250e-01 -4.78872e-01 -4.31271e-01 -4.18980e-01 -4.43562e-01
1.47840e+05 3.69000e+02 -4.23702e-01 -3.62443e-01 -4.84962e-01 -4.31474e-01 -4.19098e-01 -4.43851e-01
1.48160e+05 3.70000e+02 -4.48730e-01 -3.97794e-01 -4.99665e-01 -4.31640e-01 -4.19220e-01 -4.44059e-01
1.48480e+05 3.71000e+02 -4.32005e-01 -3.96095e-01 -4.67915e-01 -4.31761e-01 -4.19341e-01 -4.44182e-01
1.48800e+05 3.72000e+02 -4.33969e-01 -3.94105e-01 -4.73833e-01 -4.31839e-01 -4.19461e-01 -4.44218e-01
1.49120e+05 3.72000e+02 -4.33969e-01 -3.94105e-01 -4.73833e-01 -4.31875e-01 -4.19582e-01 -4.44167e-01
1.49440e+05 3.73000e+02 -4.00816e-01 -3.70150e-01 -4.31481e-01 -4.31873e-01 -4.19713e-01 -4.44034e-01
1.49760e+05 3.74000e+02 -4.29837e-01 -3.96868e-01 -4.62805e-01 -4.31841e-01 -4.19857e-01 -4.43825e-01
1.50080e+05 3.75000e+02 -4.19661e-01 -3.79655e-01 -4.59667e-01 -4.31786e-01 -4.20023e-01 -4.43549e-01
1.50400e+05 3.76000e+02 -4.17998e-01 -3.97553e-01 -4.38442e-01 -4.31714e-01 -4.20212e-01 -4.43216e-01
1.50720e+05 3.76000e+02 -4.17998e-01 -3.97553e-01 -4.38442e-01 -4.31633e-01 -4.20426e-01 -4.42840e-01
1.51040e+05 3.77000e+02 -4.52042e-01 -3.97823e-01 -5.06260e-01 -4.31548e-01 -4.20661e-01 -4.42435e-01
1.51360e+05 3.78000e+02 -4.26930e-01 -4.02624e-01 -4.51236e-01 -4.31464e-01 -4.20908e-01 -4.42019e-01
1.51680e+05 3.79000e+02 -4.34773e-01 -3.98944e-01 -4.70602e-01 -4.31382e-01 -4.21156e-01 -4.41609e-01
1.52000e+05 3.80000e+02 -4.58951e-01 -4.19158e-01 -4.98744e-01 -4.31305e-01 -4.21391e-01 -4.41219e-01
1.52320e+05 3.80000e+02 -4.58951e-01 -4.19158e-01 -4.98744e-01 -4.31232e-01 -4.21599e-01 -4.40865e-01
1.52640e+05 3.81000e+02 -4.30910e-01 -3.77709e-01 -4.84112e-01 -4.31160e-01 -4.21763e-01 -4.40558e-01
1.52960e+05 3.82000e+02 -4.29292e-01 -4.04976e-01 -4.53609e-01 -4.31087e-01 -4.21867e-01 -4.40306e-01
1.53280e+05 3.83000e+02 -4.25214e-01 -4.01695e-01 -4.48733e-01 -4.31008e-01 -4.21901e-01 -4.40115e-01
1.53600e+05 3.84000e+02 -4.22552e-01 -3.93314e-01 -4.51790e-01 -4.30922e-01 -4.21855e-01 -4.39989e-01
1.53920e+05 3.84000e+02 -4.22552e-01 -3.93314e-01 -4.51790e-01 -4.30825e-01 -4.21723e-01 -4.39927e-01
1.54240e+05 3.85000e+02 -4.07391e-01 -3.72693e-01 -4.42089e-01 -4.30719e-01 -4.21506e-01 -4.39931e-01
1.54560e+05 3.86000e+02 -4.37901e-01 -3.82176e-01 -4.93626e-01 -4.30604e-01 -4.21206e-01 -4.40001e-01
1.54880e+05 3.87000e+02 -4.25944e-01 -3.98665e-01 -4.53223e-01 -4.30485e-01 -4.20834e-01 -4.40137e-01
1.55200e+05 3.88000e+02 -4.43950e-01 -4.11850e-01 -4.76050e-01 -4.30369e-01 -4.20397e-01 -4.40340e-01
1.55520e+05 3.88000e+02 -4.43950e-01 -4.11850e-01 -4.76050e-01 -4.30260e-01 -4.19911e-01 -4.40608e-01
1.55840e+05 3.89000e+02 -3.94002e-01 -3.67380e-01 -4.20625e-01 -4.30165e-01 -4.19388e-01 -4.40941e-01
1.56160e+05 3.90000e+02 -4.32318e-01 -3.85842e-01 -4.78794e-01 -4.30089e-01 -4.18844e-01 -4.41333e-01
1.56480e+05 3.91000e+02 -3.96929e-01 -3.77435e-01 -4.16422e-01 -4.30034e-01 -4.18293e-01 -4.41776e-01
1.56800e+05 3.92000e+02 -4.16080e-01 -3.79916e-01 -4.52244e-01 -4.30003e-01 -4.17749e-01 -4.42257e-01
1.57120e+05 3.92000e+02 -4.16080e-01 -3.79916e-01 -4.52244e-01 -4.29992e-01 -4.17226e-01 -4.42758e-01
1.57440e+05 3.93000e+02 -4.62091e-01 -4.24999e-01 -4.99182e-01 -4.29998e-01 -4.16738e-01 -4.43259e-01
1.57760e+05 3.94000e+02 -4.20989e-01 -4.03478e-01 -4.38501e-01 -4.30016e-01 -4.16297e-01 -4.43735e-01
1.58080e+05 3.95000e+02 -4.31382e-01 -3.80624e-01 -4.82140e-01 -4.30039e-01 -4.15914e-01 -4.44164e-01
1.58400e+05 3.96000e+02 -4.15041e-01 -3.83107e-01 -4.46974e-01 -4.30060e-01 -4.15597e-01 -4.44522e-01
1.58720e+05 3.96000e+02 -4.15041e-01 -3.83107e-01 -4.46974e-01 -4.30070e-01 -4.15351e-01 -4.44789e-01
1.59040e+05 3.97000e+02 -4.07082e-01 -3.68012e-01 -4.46152e-01 -4.30061e-01 -4.15175e-01 -4.44946e-01
1.59360e+05 3.98000e+02 -4.33229e-01 -4.15756e-01 -4.50703e-01 -4.30026e-01 -4.15069e-01 -4.44984e-01
1.59680e+05 3.99000e+02 -4.63780e-01 -4.15948e-01 -5.11613e-01 -4.29959e-01 -4.15024e-01 -4.44894e-01
1.60000e+05 4.00000e+02 -4.18708e-01 -3.92239e-01 -4.45178e-01 -4.29856e-01 -4.15033e-01 -4.44678e-01
1.60320e+05 4.00000e+02 -4.18708e-01 -3.92239e-01 -4.45178e-01 -4.29714e-01 -4.15086e-01 -4.44343e-01
1.60640e+05 4.01000e+02 -3.96740e-01 -3.52865e-01 -4.40615e-01 -4.29536e-01 -4.15171e-01 -4.43900e-01
1.60960e+05 4.02000e+02 -4.57037e-01 -4.33176e-01 -4.80899e-01 -4.29322e-01 -4.15279e-01 -4.43365e-01
1.61280e+05 4.03000e+02 -4.19876e-01 -3.86827e-01 -4.52924e-01 -4.29078e-01 -4.15402e-01 -4.42754e-01
1.61600e+05 4.04000e+02 -4.05142e-01 -3.82793e-01 -4.27492e-01 -4.28810e-01 -4.15535e-01 -4.42086e-01
1.61920e+05 4.04000e+02 -4.05142e-01 -3.82793e-01 -4.27492e-01 -4.28525e-01 -4.15673e-01 -4.41377e-01
1.62240e+05 4.05000e+02 -4.13272e-01 -3.81130e-01 -4.45413e-01 -4.28230e-01 -4.15817e-01 -4.40644e-01
1.62560e+05 4.06000e+02 -4.43558e-01 -3.78239e-01 -5.08878e-01 -4.27934e-01 -4.15966e-01 -4.39903e-01
1.62880e+05 4.07000e+02 -4.28003e-01 -4.05358e-01 -4.50649e-01 -4.27645e-01 -4.16121e-01 -4.39168e-01
1.63200e+05 4.08000e+02 -4.21058e-01 -3.83390e-01 -4.58727e-01 -4.27368e-01 -4.16285e-01 -4.38452e-01
1.63520e+05 4.08000e+02 -4.21058e-01 -3.83390e-01 -4.58727e-01 -4.27112e-01 -4.16458e-01 -4.37766e-01
1.63840e+05 4.09000e+02 -4.30025e-01 -4.02282e-01 -4.57768e-01 -4.26880e-01 -4.16639e-01 -4.37121e-01
1.64160e+05 4.10000e+02 -4.30832e-01 -4.00445e-01 -4.61219e-01 -4.26675e-01 -4.16829e-01 -4.36521e-01
1.64480e+05 4.11000e+02 -3.88996e-01 -3.53829e-01 -4.24163e-01 -4.26498e-01 -4.17027e-01 -4.35970e-01
1.64800e+05 4.12000e+02 -4.44892e-01 -4.04280e-01 -4.85504e-01 -4.26348e-01 -4.17230e-01 -4.35467e-01
1.65120e+05 4.12000e+02 -4.44892e-01 -4.04280e-01 -4.85504e-01 -4.26223e-01 -4.17438e-01 -4.35009e-01
1.65440e+05 4.13000e+02 -4.29469e-01 -3.87050e-01 -4.71888e-01 -4.26119e-01 -4.17648e-01 -4.34590e-01
1.65760e+05 4.14000e+02 -3.99722e-01 -3.83646e-01 -4.15798e-01 -4.26033e-01 -4.17860e-01 -4.34206e-01
1.66080e+05 4.15000e+02 -4.05123e-01 -3.70990e-01 -4.39257e-01 -4.25961e-01 -4.18073e-01 -4.33850e-01
1.66400e+05 4.16000e+02 -4.46093e-01 -3.94791e-01 -4.97395e-01 -4.25900e-01 -4.18284e-01 -4.33516e-01
1.66720e+05 4.16000e+02 -4.46093e-01 -3.94791e-01 -4.97395e-01 -4.25846e-01 -4.18491e-01 -4.33202e-01
1.67040e+05 4.17000e+02 -4.14735e-01 -3.93995e-01 -4.35475e-01 -4.25797e-01 -4.18689e-01 -4.32904e-01
1.67360e+05 4.18000e+02 -4.14084e-01 -3.94142e-01 -4.34027e-01 -4.25749e-01 -4.18874e-01 -4.32624e-01
1.67680e+05 4.19000e+02 -4.12240e-01 -3.83985e-01 -4.40495e-01 -4.25700e-01 -4.19040e-01 -4.32360e-01
1.68000e+05 4.20000e+02 -4.40281e-01 -3.61316e-01 -5.19246e-01 -4.25648e-01 -4.19181e-01 -4.32115e-01
1.68320e+05 4.20000e+02 -4.40281e-01 -3.61316e-01 -5.19246e-01 -4.25589e-01 -4.19288e-01 -4.31890e-01
1.68640e+05 4.21000e+02 -4.28513e-01 -3.98981e-01 -4.58044e-01 -4.25521e-01 -4.19354e-01 -4.31687e-01
1.68960e+05 4.22000e+02 -4.14176e-01 -3.73239e-01 -4.55114e-01 -4.25440e-01 -4.19370e-01 -4.31511e-01
1.69280e+05 4.23000e+02 -4.17024e-01 -3.67287e-01 -4.66762e-01 -4.25345e-01 -4.19327e-01 -4.31363e-01
1.69600e+05 4.24000e+02 -4.15398e-01 -3.91855e-01 -4.38940e-01 -4.25233e-01 -4.19219e-01 -4.31248e-01
1.69920e+05 4.24000e+02 -4.15398e-01 -3.91855e-01 -4.38940e-01 -4.25104e-01 -4.19040e-01 -4.31167e-01
1.70240e+05 4.25000e+02 -4.20667e-01 -3.93472e-01 -4.47862e-01 -4.24955e-01 -4.18790e-01 -4.31119e-01
1.70560e+05 4.26000e+02 -3.99759e-01 -3.58811e-01 -4.40708e-01 -4.24788e-01 -4.18474e-01 -4.31102e-01
1.70880e+05 4.27000e+02 -4.08754e-01 -3.68357e-01 -4.49151e-01 -4.24604e-01 -4.18099e-01 -4.31110e-01
1.71200e+05 4.28000e+02 -3.93739e-01 -3.52041e-01 -4.35438e-01 -4.24407e-01 -4.17677e-01 -4.31136e-01
1.71520e+05 4.28000e+02 -3.93739e-01 -3.52041e-01 -4.35438e-01 -4.24198e-01 -4.17221e-01 -4.31176e-01
1.71840e+05 4.29000e+02 -4.08735e-01 -3.54842e-01 -4.62627e-01 -4.23983e-01 -4.16742e-01 -4.31224e-01
1.72160e+05 4.30000e+02 -4.26727e-01 -4.09022e-01 -4.44432e-01 -4.23764e-01 -4.16251e-01 -4.31276e-01
1.72480e+05 4.31000e+02 -4.10840e-01 -3.67434e-01 -4.54246e-01 -4.23544e-01 -4.15753e-01 -4.31336e-01
1.72800e+05 4.32000e+02 -3.84701e-01 -3.51973e-01 -4.17429e-01 -4.23326e-01 -4.15247e-01 -4.31405e-01
1.73120e+05 4.32000e+02 -3.84701e-01 -3.51973e-01 -4.17429e-01 -4.23108e-01 -4.14728e-01 -4.31488e-01
1.73440e+05 4.33000e+02 -4.54020e-01 -4.10357e-01 -4.97682e-01 -4.22890e-01 -4.14186e-01 -4.31595e-01
1.73760e+05 4.34000e+02 -4.33953e-01 -4.11884e-01 -4.56023e-01 -4.22668e-01 -4.13604e-01 -4.31732e-01
1.74080e+05 4.35000e+02 -4.19704e-01 -3.72871e-01 -4.66536e-01 -4.22437e-01 -4.12971e-01 -4.31903e-01
1.74400e+05 4.36000e+02 -4.24662e-01 -3.82290e-01 -4.67034e-01 -4.22191e-01 -4.12275e-01 -4.32108e-01
1.74720e+05 4.36000e+02 -4.24662e-01 -3.82290e-01 -4.67034e-01 -4.21925e-01 -4.11510e-01 -4.32341e-01
1.75040e+05 4.37000e+02 -3.77486e-01 -3.50889e-01 -4.04083e-01 -4.21633e-01 -4.10677e-01 -4.32589e-01
1.75360e+05 4.38000e+02 -4.05050e-01 -3.56821e-01 -4.53280e-01 -4.21311e-01 -4.09784e-01 -4.32837e-01
1.75680e+05 4.39000e+02 -3.97390e-01 -3.54149e-01 -4.40631e-01 -4.20957e-01 -4.08848e-01 -4.33067e-01
1.76000e+05 4.40000e+02 -3.97826e-01 -3.43703e-01 -4.51949e-01 -4.20574e-01 -4.07890e-01 -4.33258e-01
1.76320e+05 4.40000e+02 -3.97826e-01 -3.43703e-01 -4.51949e-01 -4.20166e-01 -4.06936e-01 -4.33395e-01
1.76640e+05 4.41000e+02 -4.33302e-01 -4.16988e-01 -4.49615e-01 -4.19740e-01 -4.06016e-01 -4.33464e-01
1.76960e+05 4.42000e+02 -4.13688e-01 -3.80697e-01 -4.46679e-01 -4.19305e-01 -4.05159e-01 -4.33452e-01
1.77280e+05 4.43000e+02 -3.97574e-01 -3.68879e-01 -4.26269e-01 -4.18872e-01 -4.04392e-01 -4.33351e-01
1.77600e+05 4.44000e+02 -4.13659e-01 -3.90941e-01 -4.36377e-01 -4.18448e-01 -4.03738e-01 -4.33158e-01
1.77920e+05 4.44000e+02 -4.13659e-01 -3.90941e-01 -4.36377e-01 -4.18042e-01 -4.03214e-01 -4.32869e-01
1.78240e+05 4.45000e+02 -4.37502e-01 -4.11356e-01 -4.63649e-01 -4.17656e-01 -4.02826e-01 -4.32486e-01
1.78560e+05 4.46000e+02 -3.84660e-01 -3.40989e-01 -4.28330e-01 -4.17294e-01 -4.02572e-01 -4.32015e-01
1.78880e+05 4.47000e+02 -4.19645e-01 -3.78810e-01 -4.60479e-01 -4.16952e-01 -4.02442e-01 -4.31462e-01
1.79200e+05 4.48000e+02 -3.88206e-01 -3.70075e-01 -4.06336e-01 -4.16628e-01 -4.02413e-01 -4.30843e-01
1.79520e+05 4.48000e+02 -3.88206e-01 -3.70075e-01 -4.06336e-01 -4.16318e-01 -4.02464e-01 -4.30171e-01
1.79840e+05 4.49000e+02 -4.38287e-01 -3.93928e-01 -4.82645e-01 -4.16016e-01 -4.02567e-01 -4.29465e-01
1.80160e+05 4.50000e+02 -4.11372e-01 -3.87098e-01 -4.35646e-01 -4.15719e-01 -4.02694e-01 -4.28743e-01
1.80480e+05 4.51000e+02 -4.08876e-01 -3.83164e-01 -4.34589e-01 -4.15424e-01 -4.02825e-01 -4.28022e-01
1.80800e+05 4.52000e+02 -4.10797e-01 -3.89115e-01 -4.32479e-01 -4.15129e-01 -4.02944e-01 -4.27314e-01
1.81120e+05 4.52000e+02 -4.10797e-01 -3.89115e-01 -4.32479e-01 -4.14833e-01 -4.03038e-01 -4.26628e-01
1.81440e+05 4.53000e+02 -3.76455e-01 -3.60243e-01 -3.92668e-01 -4.14538e-01 -4.03104e-01 -4.25972e-01
1.81760e+05 4.54000e+02 -4.16499e-01 -3.78776e-01 -4.54222e-01 -4.14244e-01 -4.03141e-01 -4.25348e-01
1.82080e+05 4.55000e+02 -4.38687e-01 -4.23885e-01 -4.53488e-01 -4.13955e-01 -4.03148e-01 -4.24761e-01
1.82400e+05 4.56000e+02 -4.06900e-01 -3.61503e-01 -4.52298e-01 -4.13671e-01 -4.03129e-01 -4.24213e-01
1.82720e+05 4.56000e+02 -4.06900e-01 -3.61503e-01 -4.52298e-01 -4.13397e-01 -4.03085e-01 -4.23709e-01
1.83040e+05 4.57000e+02 -4.00229e-01 -3.76174e-01 -4.24285e-01 -4.13134e-01 -4.03016e-01 -4.23253e-01
1.83360e+05 4.58000e+02 -4.10969e-01 -3.70577e-01 -4.51361e-01 -4.12886e-01 -4.02924e-01 -4.22848e-01
1.83680e+05 4.59000e+02 -3.73996e-01 -3.42659e-01 -4.05332e-01 -4.12653e-01 -4.02808e-01 -4.22498e-01
1.84000e+05 4.60000e+02 -4.11763e-01 -3.92645e-01 -4.30882e-01 -4.12435e-01 -4.02669e-01 -4.22200e-01
1.84320e+05 4.60000e+02 -4.11763e-01 -3.92645e-01 -4.30882e-01 -4.12232e-01 -4.02509e-01 -4.21955e-01
1.84640e+05 4.61000e+02 -4.15880e-01 -4.05635e-01 -4.26125e-01 -4.12044e-01 -4.02330e-01 -4.21757e-01
1.84960e+05 4.62000e+02 -3.94446e-01 -3.67589e-01 -4.21303e-01 -4.11869e-01 -4.02136e-01 -4.21602e-01
1.85280e+05 4.63000e+02 -4.00241e-01 -3.84083e-01 -4.16398e-01 -4.11706e-01 -4.01929e-01 -4.21484e-01
1.85600e+05 4.64000e+02 -4.18943e-01 -3.81678e-01 -4.56208e-01 -4.11554e-01 -4.01711e-01 -4.21397e-01
1.85920e+05 4.64000e+02 -4.18943e-01 -3.81678e-01 -4.56208e-01 -4.11411e-01 -4.01484e-01 -4.21338e-01
1.86240e+05 4.65000e+02 -4.32742e-01 -3.77287e-01 -4.88197e-01 -4.11273e-01 -4.01246e-01 -4.21301e-01
1.86560e+05 4.66000e+02 -4.09458e-01 -3.86906e-01 -4.32009e-01 -4.11139e-01 -4.00997e-01 -4.21281e-01
1.86880e+05 4.67000e+02 -4.01494e-01 -3.80465e-01 -4.22523e-01 -4.11004e-01 -4.00735e-01 -4.21274e-01
1.87200e+05 4.68000e+02 -4.33429e-01 -3.97533e-01 -4.69325e-01 -4.10865e-01 -4.00456e-01 -4.21274e-01
1.87520e+05 4.68000e+02 -4.33429e-01 -3.97533e-01 -4.69325e-01 -4.10716e-01 -4.00158e-01 -4.21274e-01
1.87840e+05 4.69000e+02 -4.18708e-01 -3.95036e-01 -4.42381e-01 -4.10555e-01 -3.99840e-01 -4.21270e-01
1.88160e+05 4.70000e+02 -4.25071e-01 -3.71329e-01 -4.78812e-01 -4.10381e-01 -3.99505e-01 -4.21256e-01
1.88480e+05 4.71000e+02 -4.14412e-01 -3.97721e-01 -4.31103e-01 -4.10192e-01 -3.99156e-01 -4.21227e-01
1.88800e+05 4.72000e+02 -4.03495e-01 -3.73979e-01 -4.33011e-01 -4.09990e-01 -3.98799e-01 -4.21182e-01
1.89120e+05 4.72000e+02 -4.03495e-01 -3.73979e-01 -4.33011e-01 -4.09780e-01 -3.98442e-01 -4.21118e-01
1.89440e+05 4.73000e+02 -4.45836e-01 -3.67200e-01 -5.24471e-01 -4.09568e-01 -3.98098e-01 -4.21038e-01
1.89760e+05 4.74000e+02 -3.78251e-01 -3.55086e-01 -4.01415e-01 -4.09360e-01 -3.97776e-01 -4.20944e-01
1.90080e+05 4.75000e+02 -4.27805e-01 -4.00318e-01 -4.55292e-01 -4.09167e-01 -3.97490e-01 -4.20844e-01
1.90400e+05 4.76000e+02 -4.14249e-01 -3.81989e-01 -4.46509e-01 -4.08997e-01 -3.97250e-01 -4.20744e-01
1.90720e+05 4.76000e+02 -4.14249e-01 -3.81989e-01 -4.46509e-01 -4.08860e-01 -3.97064e-01 -4.20655e-01
1.91040e+05 4.77000e+02 -4.05395e-01 -3.65110e-01 -4.45679e-01 -4.08764e-01 -3.96940e-01 -4.20588e-01
1.91360e+05 4.78000e+02 -4.32991e-01 -3.93038e-01 -4.72945e-01 -4.08718e-01 -3.96880e-01 -4.20556e-01
1.91680e+05 4.79000e+02 -3.98293e-01 -3.55012e-01 -4.41574e-01 -4.08727e-01 -3.96881e-01 -4.20573e-01
1.92000e+05 4.80000e+02 -4.23567e-01 -3.74198e-01 -4.72937e-01 -4.08793e-01 -3.96937e-01 -4.20649e-01
1.92320e+05 4.80000e+02 -4.23567e-01 -3.74198e-01 -4.72937e-01 -4.08918e-01 -3.97040e-01 -4.20795e-01
1.92640e+05 4.81000e+02 -4.04110e-01 -3.79368e-01 -4.28851e-01 -4.09098e-01 -3.97177e-01 -4.21019e-01
1.92960e+05 4.82000e+02 -4.29638e-01 -3.87425e-01 -4.71851e-01 -4.09330e-01 -3.97336e-01 -4.21324e-01
1.93280e+05 4.83000e+02 -4.07588e-01 -3.90271e-01 -4.24905e-01 -4.09606e-01 -3.97505e-01 -4.21707e-01
1.93600e+05 4.84000e+02 -4.19357e-01 -3.81548e-01 -4.57165e-01 -4.09918e-01 -3.97676e-01 -4.22160e-01
1.93920e+05 4.84000e+02 -4.19357e-01 -3.81548e-01 -4.57165e-01 -4.10258e-01 -3.97845e-01 -4.22671e-01
1.94240e+05 4.85000e+02 -3.76252e-01 -3.41825e-01 -4.10678e-01 -4.10615e-01 -3.98010e-01 -4.23221e-01
1.94560e+05 4.86000e+02 -3.87098e-01 -3.65189e-01 -4.09007e-01 -4.10981e-01 -3.98172e-01 -4.23790e-01
1.94880e+05 4.87000e+02 -3.86819e-01 -3.51041e-01 -4.22598e-01 -4.11348e-01 -3.98338e-01 -4.24357e-01
1.95200e+05 4.88000e+02 -4.09934e-01 -3.86703e-01 -4.33165e-01 -4.11707e-01 -3.98513e-01 -4.24901e-01
1.95520e+05 4.88000e+02 -4.09934e-01 -3.86703e-01 -4.33165e-01 -4.12052e-01 -3.98702e-01 -4.25401e-01
1.95840e+05 4.89000e+02 -3.98846e-01 -3.68399e-01 -4.29292e-01 -4.12378e-01 -3.98912e-01 -4.25844e-01
1.96160e+05 4.90000e+02 -4.14211e-01 -3.88019e-01 -4.40403e-01 -4.12681e-01 -3.99146e-01 -4.26216e-01
1.96480e+05 4.91000e+02 -4.12754e-01 -3.76525e-01 -4.48982e-01 -4.12956e-01 -3.99403e-01 -4.26508e-01
1.96800e+05 4.92000e+02 -4.07080e-01 -3.55797e-01 -4.58363e-01 -4.13197e-01 -3.99681e-01 -4.26714e-01
1.97120e+05 4.92000e+02 -4.07080e-01 -3.55797e-01 -4.58363e-01 -4.13400e-01 -3.99969e-01 -4.26830e-01
1.97440e+05 4.93000e+02 -3.75749e-01 -3.54268e-01 -3.97230e-01 -4.13556e-01 -4.00256e-01 -4.26856e-01
1.97760e+05 4.94000e+02 -4.29647e-01 -3.99097e-01 -4.60198e-01 -4.13658e-01 -4.00523e-01 -4.26793e-01
1.98080e+05 4.95000e+02 -4.37079e-01 -4.10638e-01 -4.63519e-01 -4.13699e-01 -4.00753e-01 -4.26646e-01
1.98400e+05 4.96000e+02 -4.02617e-01 -3.86447e-01 -4.18788e-01 -4.13673e-01 -4.00926e-01 -4.26421e-01
1.98720e+05 4.96000e+02 -4.02617e-01 -3.86447e-01 -4.18788e-01 -4.13575e-01 -4.01024e-01 -4.26125e-01
1.99040e+05 4.97000e+02 -3.71221e-01 -3.38688e-01 -4.03753e-01 -4.13402e-01 -4.01033e-01 -4.25771e-01
1.99360e+05 4.98000e+02 -3.91625e-01 -3.48990e-01 -4.34259e-01 -4.13156e-01 -4.00943e-01 -4.25370e-01
1.99680e+05 4.99000e+02 -3.94684e-01 -3.73911e-01 -4.15458e-01 -4.12842e-01 -4.00752e-01 -4.24931e-01
