0.00000e+00 0.00000e+00 -2.29539e+00 -1.80703e+00 -2.78374e+00 -2.29539e+00 -1.80703e+00 -2.78374e+00
3.20000e+02 0.00000e+00 -2.29539e+00 -1.80703e+00 -2.78374e+00 -2.29539e+00 -1.80703e+00 -2.78374e+00
6.40000e+02 1.00000e+00 -2.42088e+00 -2.13281e+00 -2.70894e+00 -2.29539e+00 -1.80703e+00 -2.78374e+00
9.60000e+02 2.00000e+00 -2.13253e+00 -1.68013e+00 -2.58492e+00 -2.29539e+00 -1.80703e+00 -2.78374e+00
1.28000e+03 3.00000e+00 -2.56221e+00 -2.18579e+00 -2.93863e+00 -2.29539e+00 -1.80703e+00 -2.78374e+00
1.60000e+03 4.00000e+00 -2.41558e+00 -2.17653e+00 -2.65462e+00 -2.29539e+00 -1.80704e+00 -2.78374e+00
1.92000e+03 4.00000e+00 -2.41558e+00 -2.17653e+00 -2.65462e+00 -2.29539e+00 -1.80704e+00 -2.78373e+00
2.24000e+03 5.00000e+00 -2.39997e+00 -1.95146e+00 -2.84847e+00 -2.29539e+00 -1.80705e+00 -2.78373e+00
2.56000e+03 6.00000e+00 -2.32275e+00 -1.78754e+00 -2.85796e+00 -2.29539e+00 -1.80708e+00 -2.78370e+00
2.88000e+03 7.00000e+00 -1.99738e+00 -1.84854e+00 -2.14622e+00 -2.29541e+00 -1.80717e+00 -2.78365e+00
3.20000e+03 8.00000e+00 -1.71664e+00 -1.40910e+00 -2.02417e+00 -2.29544e+00 -1.80737e+00 -2.78350e+00
3.52000e+03 8.00000e+00 -1.71664e+00 -1.40910e+00 -2.02417e+00 -2.29549e+00 -1.80775e+00 -2.78323e+00
3.84000e+03 9.00000e+00 -1.72424e+00 -1.52024e+00 -1.92825e+00 -2.29559e+00 -1.80845e+00 -2.78274e+00
4.16000e+03 1.00000e+01 -1.89765e+00 -1.28466e+00 -2.51064e+00 -2.29577e+00 -1.80962e+00 -2.78192e+00
4.48000e+03 1.10000e+01 -1.72020e+00 -1.50813e+00 -1.93226e+00 -2.29604e+00 -1.81146e+00 -2.78063e+00
4.80000e+03 1.20000e+01 -1.70119e+00 -1.31829e+00 -2.08409e+00 -2.29645e+00 -1.81417e+00 -2.77872e+00
5.12000e+03 1.20000e+01 -1.70119e+00 -1.31829e+00 -2.08409e+00 -2.29699e+00 -1.81799e+00 -2.77600e+00
5.44000e+03 1.30000e+01 -1.61206e+00 -1.35145e+00 -1.87266e+00 -2.29768e+00 -1.82308e+00 -2.77227e+00
5.76000e+03 1.40000e+01 -1.60692e+00 -1.36396e+00 -1.84989e+00 -2.29844e+00 -1.82960e+00 -2.76728e+00
6.08000e+03 1.50000e+01 -1.66947e+00 -1.16004e+00 -2.17890e+00 -2.29919e+00 -1.83761e+00 -2.76077e+00
6.40000e+03 1.60000e+01 -1.28105e+00 -1.17200e+00 -1.39009e+00 -2.29976e+00 -1.84708e+00 -2.75245e+00
6.72000e+03 1.60000e+01 -1.28105e+00 -1.17200e+00 -1.39009e+00 -2.29996e+00 -1.85789e+00 -2.74203e+00
7.04000e+03 1.70000e+01 -1.08248e+00 -9.12487e-01 -1.25248e+00 -2.29952e+00 -1.86982e+00 -2.72922e+00
7.36000e+03 1.80000e+01 -1.14153e+00 -9.55167e-01 -1.32789e+00 -2.29815e+00 -1.88256e+00 -2.71374e+00
7.68000e+03 1.90000e+01 -1.33766e+00 -8.72877e-01 -1.80245e+00 -2.29556e+00 -1.89574e+00 -2.69538e+00
8.00000e+03 2.00000e+01 -1.31712e+00 -1.06406e+00 -1.57018e+00 -2.29143e+00 -1.90891e+00 -2.67395e+00
8.32000e+03 2.00000e+01 -1.31712e+00 -1.06406e+00 -1.57018e+00 -2.28549e+00 -1.92160e+00 -2.64938e+00
8.64000e+03 2.10000e+01 -1.33811e+00 -1.00284e+00 -1.67338e+00 -2.27748e+00 -1.93330e+00 -2.62166e+00
8.96000e+03 2.20000e+01 -1.11822e+00 -7.69454e-01 -1.46699e+00 -2.26719e+00 -1.94352e+00 -2.59086e+00
9.28000e+03 2.30000e+01 -1.19555e+00 -1.06071e+00 -1.33039e+00 -2.25443e+00 -1.95175e+00 -2.55710e+00
9.60000e+03 2.40000e+01 -1.09707e+00 -8.80210e-01 -1.31392e+00 -2.23907e+00 -1.95752e+00 -2.52061e+00
9.92000e+03 2.40000e+01 -1.09707e+00 -8.80210e-01 -1.31392e+00 -2.22101e+00 -1.96041e+00 -2.48162e+00
1.02400e+04 2.50000e+01 -9.53072e-01 -7.66916e-01 -1.13923e+00 -2.20021e+00 -1.96002e+00 -2.44041e+00
1.05600e+04 2.60000e+01 -9.00579e-01 -7.82482e-01 -1.01868e+00 -2.17668e+00 -1.95606e+00 -2.39730e+00
1.08800e+04 2.70000e+01 -1.05153e+00 -7.88142e-01 -1.31491e+00 -2.15046e+00 -1.94828e+00 -2.35264e+00
1.12000e+04 2.80000e+01 -9.85163e-01 -6.58037e-01 -1.31229e+00 -2.12166e+00 -1.93653e+00 -2.30679e+00
1.15200e+04 2.80000e+01 -9.85163e-01 -6.58037e-01 -1.31229e+00 -2.09043e+00 -1.92071e+00 -2.26016e+00
1.18400e+04 2.90000e+01 -1.02599e+00 -7.61816e-01 -1.29016e+00 -2.05699e+00 -1.90079e+00 -2.21318e+00
1.21600e+04 3.00000e+01 -9.97993e-01 -7.43843e-01 -1.25214e+00 -2.02155e+00 -1.87683e+00 -2.16626e+00
1.24800e+04 3.10000e+01 -9.87579e-01 -7.05562e-01 -1.26960e+00 -1.98438e+00 -1.84894e+00 -2.11983e+00
1.28000e+04 3.20000e+01 -1.14306e+00 -8.01429e-01 -1.48470e+00 -1.94576e+00 -1.81733e+00 -2.07420e+00
1.31200e+04 3.20000e+01 -1.14306e+00 -8.01429e-01 -1.48470e+00 -1.90597e+00 -1.78232e+00 -2.02962e+00
1.34400e+04 3.30000e+01 -1.01107e+00 -7.73659e-01 -1.24849e+00 -1.86527e+00 -1.74438e+00 -1.98617e+00
1.37600e+04 3.40000e+01 -1.08979e+00 -8.53170e-01 -1.32642e+00 -1.82393e+00 -1.70404e+00 -1.94382e+00
1.40800e+04 3.50000e+01 -9.78086e-01 -7.66426e-01 -1.18975e+00 -1.78220e+00 -1.66194e+00 -1.90246e+00
1.44000e+04 3.60000e+01 -8.82153e-01 -8.19411e-01 -9.44895e-01 -1.74030e+00 -1.61870e+00 -1.86191e+00
1.47200e+04 3.60000e+01 -8.82153e-01 -8.19411e-01 -9.44895e-01 -1.69848e+00 -1.57495e+00 -1.82201e+00
1.50400e+04 3.70000e+01 -7.86519e-01 -5.65892e-01 -1.00715e+00 -1.65693e+00 -1.53122e+00 -1.78265e+00
1.53600e+04 3.80000e+01 -8.17469e-01 -7.16530e-01 -9.18408e-01 -1.61588e+00 -1.48799e+00 -1.74377e+00
1.56800e+04 3.90000e+01 -9.05479e-01 -6.74953e-01 -1.13601e+00 -1.57551e+00 -1.44566e+00 -1.70537e+00
1.60000e+04 4.00000e+01 -7.96337e-01 -6.82380e-01 -9.10295e-01 -1.53603e+00 -1.40457e+00 -1.66750e+00
1.63200e+04 4.00000e+01 -7.96337e-01 -6.82380e-01 -9.10295e-01 -1.49762e+00 -1.36501e+00 -1.63024e+00
1.66400e+04 4.10000e+01 -8.75682e-01 -6.39514e-01 -1.11185e+00 -1.46045e+00 -1.32718e+00 -1.59372e+00
1.69600e+04 4.20000e+01 -7.80835e-01 -6.48630e-01 -9.13040e-01 -1.42467e+00 -1.29128e+00 -1.55805e+00
1.72800e+04 4.30000e+01 -9.43790e-01 -7.17938e-01 -1.16964e+00 -1.39038e+00 -1.25743e+00 -1.52334e+00
1.76000e+04 4.40000e+01 -9.48443e-01 -8.23836e-01 -1.07305e+00 -1.35769e+00 -1.22571e+00 -1.48966e+00
1.79200e+04 4.40000e+01 -9.48443e-01 -8.23836e-01 -1.07305e+00 -1.32661e+00 -1.19614e+00 -1.45708e+00
1.82400e+04 4.50000e+01 -8.71667e-01 -6.20969e-01 -1.12237e+00 -1.29716e+00 -1.16871e+00 -1.42562e+00
1.85600e+04 4.60000e+01 -9.16310e-01 -7.03572e-01 -1.12905e+00 -1.26930e+00 -1.14331e+00 -1.39528e+00
1.88800e+04 4.70000e+01 -9.10459e-01 -7.59838e-01 -1.06108e+00 -1.24296e+00 -1.11985e+00 -1.36606e+00
1.92000e+04 4.80000e+01 -8.83753e-01 -7.52668e-01 -1.01484e+00 -1.21804e+00 -1.09817e+00 -1.33791e+00
1.95200e+04 4.80000e+01 -8.83753e-01 -7.52668e-01 -1.01484e+00 -1.19445e+00 -1.07810e+00 -1.31081e+00
1.98400e+04 4.90000e+01 -8.32489e-01 -6.53635e-01 -1.01134e+00 -1.17209e+00 -1.05944e+00 -1.28474e+00
2.01600e+04 5.00000e+01 -8.24968e-01 -6.16861e-01 -1.03307e+00 -1.15085e+00 -1.04202e+00 -1.25968e+00
2.04800e+04 5.10000e+01 -7.52103e-01 -6.81165e-01 -8.23041e-01 -1.13064e+00 -1.02566e+00 -1.23563e+00
2.08000e+04 5.20000e+01 -9.71701e-01 -7.74332e-01 -1.16907e+00 -1.11141e+00 -1.01022e+00 -1.21260e+00
2.11200e+04 5.20000e+01 -9.71701e-01 -7.74332e-01 -1.16907e+00 -1.09310e+00 -9.95566e-01 -1.19064e+00
2.14400e+04 5.30000e+01 -6.90554e-01 -5.60759e-01 -8.20350e-01 -1.07568e+00 -9.81611e-01 -1.16976e+00
2.17600e+04 5.40000e+01 -6.56961e-01 -6.00880e-01 -7.13042e-01 -1.05915e+00 -9.68300e-01 -1.14999e+00
2.20800e+04 5.50000e+01 -7.99798e-01 -5.97097e-01 -1.00250e+00 -1.04349e+00 -9.55601e-01 -1.13138e+00
2.24000e+04 5.60000e+01 -8.39500e-01 -7.35976e-01 -9.43024e-01 -1.02871e+00 -9.43511e-01 -1.11391e+00
2.27200e+04 5.60000e+01 -8.39500e-01 -7.35976e-01 -9.43024e-01 -1.01481e+00 -9.32044e-01 -1.09758e+00
2.30400e+04 5.70000e+01 -6.57735e-01 -4.91265e-01 -8.24205e-01 -1.00179e+00 -9.21216e-01 -1.08236e+00
2.33600e+04 5.80000e+01 -7.41674e-01 -4.31642e-01 -1.05171e+00 -9.89616e-01 -9.11047e-01 -1.06819e+00
2.36800e+04 5.90000e+01 -9.38049e-01 -6.50222e-01 -1.22588e+00 -9.78261e-01 -9.01538e-01 -1.05498e+00
2.40000e+04 6.00000e+01 -8.88493e-01 -6.25157e-01 -1.15183e+00 -9.67677e-01 -8.92674e-01 -1.04268e+00
2.43200e+04 6.00000e+01 -8.88493e-01 -6.25157e-01 -1.15183e+00 -9.57802e-01 -8.84413e-01 -1.03119e+00
2.46400e+04 6.10000e+01 -7.38688e-01 -5.82080e-01 -8.95296e-01 -9.48555e-01 -8.76692e-01 -1.02042e+00
2.49600e+04 6.20000e+01 -7.05696e-01 -5.98293e-01 -8.13098e-01 -9.39852e-01 -8.69425e-01 -1.01028e+00
2.52800e+04 6.30000e+01 -6.73084e-01 -4.56725e-01 -8.89442e-01 -9.31603e-01 -8.62514e-01 -1.00069e+00
2.56000e+04 6.40000e+01 -8.68213e-01 -6.66651e-01 -1.06978e+00 -9.23719e-01 -8.55853e-01 -9.91585e-01
2.59200e+04 6.40000e+01 -8.68213e-01 -6.66651e-01 -1.06978e+00 -9.16117e-01 -8.49349e-01 -9.82885e-01
2.62400e+04 6.50000e+01 -6.74851e-01 -5.51319e-01 -7.98382e-01 -9.08730e-01 -8.42919e-01 -9.74541e-01
2.65600e+04 6.60000e+01 -7.78874e-01 -6.36090e-01 -9.21657e-01 -9.01509e-01 -8.36504e-01 -9.66515e-01
2.68800e+04 6.70000e+01 -7.02060e-01 -6.00163e-01 -8.03957e-01 -8.94424e-01 -8.30075e-01 -9.58773e-01
2.72000e+04 6.80000e+01 -7.62703e-01 -6.59519e-01 -8.65887e-01 -8.87458e-01 -8.23620e-01 -9.51297e-01
2.75200e+04 6.80000e+01 -7.62703e-01 -6.59519e-01 -8.65887e-01 -8.80614e-01 -8.17147e-01 -9.44081e-01
2.78400e+04 6.90000e+01 -7.47961e-01 -5.56045e-01 -9.39877e-01 -8.73900e-01 -8.10674e-01 -9.37125e-01
2.81600e+04 7.00000e+01 -7.46448e-01 -5.88372e-01 -9.04524e-01 -8.67330e-01 -8.04223e-01 -9.30437e-01
2.84800e+04 7.10000e+01 -7.01443e-01 -5.88127e-01 -8.14760e-01 -8.60920e-01 -7.97818e-01 -9.24023e-01
2.88000e+04 7.20000e+01 -6.49027e-01 -5.12740e-01 -7.85315e-01 -8.54684e-01 -7.91481e-01 -9.17887e-01
2.91200e+04 7.20000e+01 -6.49027e-01 -5.12740e-01 -7.85315e-01 -8.48632e-01 -7.85241e-01 -9.12023e-01
2.94400e+04 7.30000e+01 -7.33390e-01 -6.08128e-01 -8.58653e-01 -8.42769e-01 -7.79131e-01 -9.06407e-01
2.97600e+04 7.40000e+01 -6.87323e-01 -5.36799e-01 -8.37847e-01 -8.37096e-01 -7.73190e-01 -9.01002e-01
3.00800e+04 7.50000e+01 -9.33415e-01 -5.98839e-01 -1.26799e+00 -8.31610e-01 -7.67469e-01 -8.95751e-01
3.04000e+04 7.60000e+01 -6.49465e-01 -5.19238e-01 -7.79693e-01 -8.26305e-01 -7.62023e-01 -8.90588e-01
3.07200e+04 7.60000e+01 -6.49465e-01 -5.19238e-01 -7.79693e-01 -8.21173e-01 -7.56905e-01 -8.85441e-01
3.10400e+04 7.70000e+01 -7.90816e-01 -6.77939e-01 -9.03693e-01 -8.16202e-01 -7.52162e-01 -8.80242e-01
3.13600e+04 7.80000e+01 -8.00485e-01 -6.55657e-01 -9.45313e-01 -8.11380e-01 -7.47827e-01 -8.74932e-01
3.16800e+04 7.90000e+01 -6.33534e-01 -5.13623e-01 -7.53446e-01 -8.06692e-01 -7.43910e-01 -8.69474e-01
3.20000e+04 8.00000e+01 -6.20720e-01 -5.04121e-01 -7.37319e-01 -8.02127e-01 -7.40402e-01 -8.63852e-01
3.23200e+04 8.00000e+01 -6.20720e-01 -5.04121e-01 -7.37319e-01 -7.97673e-01 -7.37270e-01 -8.58076e-01
3.26400e+04 8.10000e+01 -6.89546e-01 -5.83768e-01 -7.95324e-01 -7.93327e-01 -7.34468e-01 -8.52186e-01
3.29600e+04 8.20000e+01 -5.69090e-01 -5.12454e-01 -6.25726e-01 -7.89090e-01 -7.31932e-01 -8.46247e-01
3.32800e+04 8.30000e+01 -7.89193e-01 -7.03508e-01 -8.74877e-01 -7.84970e-01 -7.29594e-01 -8.40346e-01
3.36000e+04 8.40000e+01 -5.70598e-01 -4.70534e-01 -6.70661e-01 -7.80983e-01 -7.27383e-01 -8.34584e-01
3.39200e+04 8.40000e+01 -5.70598e-01 -4.70534e-01 -6.70661e-01 -7.77147e-01 -7.25227e-01 -8.29067e-01
3.42400e+04 8.50000e+01 -5.96767e-01 -4.26805e-01 -7.66729e-01 -7.73479e-01 -7.23060e-01 -8.23898e-01
3.45600e+04 8.60000e+01 -6.04300e-01 -5.50609e-01 -6.57990e-01 -7.69990e-01 -7.20819e-01 -8.19161e-01
3.48800e+04 8.70000e+01 -7.21572e-01 -5.21022e-01 -9.22121e-01 -7.66684e-01 -7.18453e-01 -8.14914e-01
3.52000e+04 8.80000e+01 -6.76412e-01 -5.97003e-01 -7.55821e-01 -7.63551e-01 -7.15924e-01 -8.11178e-01
3.55200e+04 8.80000e+01 -6.76412e-01 -5.97003e-01 -7.55821e-01 -7.60571e-01 -7.13205e-01 -8.07937e-01
3.58400e+04 8.90000e+01 -7.47964e-01 -6.37242e-01 -8.58685e-01 -7.57712e-01 -7.10293e-01 -8.05131e-01
3.61600e+04 9.00000e+01 -7.91629e-01 -6.09695e-01 -9.73564e-01 -7.54931e-01 -7.07195e-01 -8.02667e-01
3.64800e+04 9.10000e+01 -6.72670e-01 -5.39375e-01 -8.05966e-01 -7.52179e-01 -7.03929e-01 -8.00428e-01
3.68000e+04 9.20000e+01 -6.79829e-01 -5.19293e-01 -8.40364e-01 -7.49402e-01 -7.00524e-01 -7.98279e-01
3.71200e+04 9.20000e+01 -6.79829e-01 -5.19293e-01 -8.40364e-01 -7.46550e-01 -6.97005e-01 -7.96094e-01
3.74400e+04 9.30000e+01 -6.37515e-01 -5.53752e-01 -7.21279e-01 -7.43577e-01 -6.93399e-01 -7.93754e-01
3.77600e+04 9.40000e+01 -6.92186e-01 -4.56929e-01 -9.27442e-01 -7.40451e-01 -6.89736e-01 -7.91167e-01
3.80800e+04 9.50000e+01 -5.73454e-01 -3.37697e-01 -8.09210e-01 -7.37156e-01 -6.86042e-01 -7.88270e-01
3.84000e+04 9.60000e+01 -6.26519e-01 -5.53414e-01 -6.99624e-01 -7.33694e-01 -6.82352e-01 -7.85037e-01
3.87200e+04 9.60000e+01 -6.26519e-01 -5.53414e-01 -6.99624e-01 -7.30088e-01 -6.78707e-01 -7.81470e-01
3.90400e+04 9.70000e+01 -5.47803e-01 -4.25854e-01 -6.69751e-01 -7.26378e-01 -6.75154e-01 -7.77601e-01
3.93600e+04 9.80000e+01 -5.48309e-01 -4.09948e-01 -6.86670e-01 -7.22616e-01 -6.71751e-01 -7.73480e-01
3.96800e+04 9.90000e+01 -6.62682e-01 -5.25114e-01 -8.00250e-01 -7.18863e-01 -6.68562e-01 -7.69164e-01
4.00000e+04 1.00000e+02 -5.73783e-01 -3.97846e-01 -7.49720e-01 -7.15179e-01 -6.65652e-01 -7.64707e-01
4.03200e+04 1.00000e+02 -5.73783e-01 -3.97846e-01 -7.49720e-01 -7.11620e-01 -6.63093e-01 -7.60147e-01
4.06400e+04 1.01000e+02 -6.78353e-01 -5.75431e-01 -7.81275e-01 -7.08227e-01 -6.60947e-01 -7.55506e-01
4.09600e+04 1.02000e+02 -6.83928e-01 -5.33422e-01 -8.34434e-01 -7.05026e-01 -6.59269e-01 -7.50782e-01
4.12800e+04 1.03000e+02 -7.14686e-01 -4.92456e-01 -9.36916e-01 -7.02023e-01 -6.58086e-01 -7.45959e-01
4.16000e+04 1.04000e+02 -6.60643e-01 -5.76397e-01 -7.44889e-01 -6.99205e-01 -6.57398e-01 -7.41011e-01
4.19200e+04 1.04000e+02 -6.60643e-01 -5.76397e-01 -7.44889e-01 -6.96540e-01 -6.57162e-01 -7.35919e-01
4.22400e+04 1.05000e+02 -4.77665e-01 -4.42842e-01 -5.12489e-01 -6.93986e-01 -6.57295e-01 -7.30677e-01
4.25600e+04 1.06000e+02 -6.74985e-01 -5.19338e-01 -8.30631e-01 -6.91493e-01 -6.57675e-01 -7.25311e-01
4.28800e+04 1.07000e+02 -6.09474e-01 -4.59991e-01 -7.58956e-01 -6.89009e-01 -6.58134e-01 -7.19884e-01
4.32000e+04 1.08000e+02 -6.74235e-01 -5.76413e-01 -7.72057e-01 -6.86491e-01 -6.58475e-01 -7.14507e-01
4.35200e+04 1.08000e+02 -6.74235e-01 -5.76413e-01 -7.72057e-01 -6.83906e-01 -6.58469e-01 -7.09344e-01
4.38400e+04 1.09000e+02 -6.26362e-01 -4.91667e-01 -7.61057e-01 -6.81239e-01 -6.57889e-01 -7.04589e-01
4.41600e+04 1.10000e+02 -5.57303e-01 -4.44252e-01 -6.70354e-01 -6.78489e-01 -6.56547e-01 -7.00431e-01
4.44800e+04 1.11000e+02 -5.29635e-01 -3.54217e-01 -7.05053e-01 -6.75666e-01 -6.54360e-01 -6.96972e-01
4.48000e+04 1.12000e+02 -5.12342e-01 -3.91960e-01 -6.32723e-01 -6.72793e-01 -6.51402e-01 -6.94185e-01
4.51200e+04 1.12000e+02 -5.12342e-01 -3.91960e-01 -6.32723e-01 -6.69900e-01 -6.47884e-01 -6.91917e-01
4.54400e+04 1.13000e+02 -6.20833e-01 -5.32242e-01 -7.09424e-01 -6.67018e-01 -6.44073e-01 -6.89962e-01
4.57600e+04 1.14000e+02 -5.74804e-01 -4.95579e-01 -6.54029e-01 -6.64177e-01 -6.40222e-01 -6.88131e-01
4.60800e+04 1.15000e+02 -5.92443e-01 -5.04606e-01 -6.80280e-01 -6.61405e-01 -6.36528e-01 -6.86282e-01
4.64000e+04 1.16000e+02 -5.54684e-01 -3.88796e-01 -7.20572e-01 -6.58722e-01 -6.33119e-01 -6.84326e-01
4.67200e+04 1.16000e+02 -5.54684e-01 -3.88796e-01 -7.20572e-01 -6.56142e-01 -6.30068e-01 -6.82217e-01
4.70400e+04 1.17000e+02 -5.63288e-01 -3.99234e-01 -7.27343e-01 -6.53666e-01 -6.27394e-01 -6.79937e-01
4.73600e+04 1.18000e+02 -5.32256e-01 -3.94542e-01 -6.69971e-01 -6.51284e-01 -6.25078e-01 -6.77490e-01
4.76800e+04 1.19000e+02 -5.75724e-01 -5.00478e-01 -6.50969e-01 -6.48979e-01 -6.23067e-01 -6.74890e-01
4.80000e+04 1.20000e+02 -5.44628e-01 -4.53971e-01 -6.35285e-01 -6.46724e-01 -6.21285e-01 -6.72163e-01
4.83200e+04 1.20000e+02 -5.44628e-01 -4.53971e-01 -6.35285e-01 -6.44488e-01 -6.19638e-01 -6.69339e-01
4.86400e+04 1.21000e+02 -5.30898e-01 -4.62966e-01 -5.98831e-01 -6.42240e-01 -6.18022e-01 -6.66458e-01
4.89600e+04 1.22000e+02 -5.58666e-01 -4.46804e-01 -6.70529e-01 -6.39950e-01 -6.16330e-01 -6.63570e-01
4.92800e+04 1.23000e+02 -5.82710e-01 -4.95813e-01 -6.69608e-01 -6.37591e-01 -6.14455e-01 -6.60727e-01
4.96000e+04 1.24000e+02 -6.34008e-01 -5.25722e-01 -7.42294e-01 -6.35142e-01 -6.12303e-01 -6.57980e-01
4.99200e+04 1.24000e+02 -6.34008e-01 -5.25722e-01 -7.42294e-01 -6.32587e-01 -6.09804e-01 -6.55370e-01
5.02400e+04 1.25000e+02 -4.67036e-01 -4.36182e-01 -4.97890e-01 -6.29918e-01 -6.06921e-01 -6.52916e-01
5.05600e+04 1.26000e+02 -5.94025e-01 -5.19253e-01 -6.68796e-01 -6.27132e-01 -6.03656e-01 -6.50608e-01
5.08800e+04 1.27000e+02 -5.29989e-01 -3.70448e-01 -6.89530e-01 -6.24231e-01 -6.00048e-01 -6.48415e-01
5.12000e+04 1.28000e+02 -5.97768e-01 -4.19856e-01 -7.75679e-01 -6.21224e-01 -5.96160e-01 -6.46287e-01
5.15200e+04 1.28000e+02 -5.97768e-01 -4.19856e-01 -7.75679e-01 -6.18122e-01 -5.92072e-01 -6.44172e-01
5.18400e+04 1.29000e+02 -5.91328e-01 -4.33559e-01 -7.49096e-01 -6.14944e-01 -5.87865e-01 -6.42022e-01
5.21600e+04 1.30000e+02 -5.27124e-01 -4.09950e-01 -6.44298e-01 -6.11711e-01 -5.83619e-01 -6.39803e-01
5.24800e+04 1.31000e+02 -5.41409e-01 -4.27936e-01 -6.54883e-01 -6.08447e-01 -5.79405e-01 -6.37490e-01
5.28000e+04 1.32000e+02 -5.38709e-01 -4.54754e-01 -6.22664e-01 -6.05181e-01 -5.75285e-01 -6.35076e-01
5.31200e+04 1.32000e+02 -5.38709e-01 -4.54754e-01 -6.22664e-01 -6.01938e-01 -5.71310e-01 -6.32565e-01
5.34400e+04 1.33000e+02 -5.40872e-01 -4.50621e-01 -6.31124e-01 -5.98746e-01 -5.67519e-01 -6.29972e-01
5.37600e+04 1.34000e+02 -6.31483e-01 -3.89077e-01 -8.73890e-01 -5.95631e-01 -5.63937e-01 -6.27326e-01
5.40800e+04 1.35000e+02 -5.30598e-01 -4.45157e-01 -6.16038e-01 -5.92619e-01 -5.60574e-01 -6.24664e-01
5.44000e+04 1.36000e+02 -5.02428e-01 -4.03499e-01 -6.01358e-01 -5.89729e-01 -5.57426e-01 -6.22032e-01
5.47200e+04 1.36000e+02 -5.02428e-01 -4.03499e-01 -6.01358e-01 -5.86981e-01 -5.54476e-01 -6.19485e-01
5.50400e+04 1.37000e+02 -5.28583e-01 -4.74664e-01 -5.82502e-01 -5.84386e-01 -5.51698e-01 -6.17075e-01
5.53600e+04 1.38000e+02 -5.82955e-01 -4.47422e-01 -7.18489e-01 -5.81954e-01 -5.49058e-01 -6.14850e-01
5.56800e+04 1.39000e+02 -6.58715e-01 -4.87053e-01 -8.30377e-01 -5.79688e-01 -5.46526e-01 -6.12849e-01
5.60000e+04 1.40000e+02 -5.28324e-01 -4.84647e-01 -5.72001e-01 -5.77587e-01 -5.44073e-01 -6.11100e-01
5.63200e+04 1.40000e+02 -5.28324e-01 -4.84647e-01 -5.72001e-01 -5.75647e-01 -5.41676e-01 -6.09619e-01
5.66400e+04 1.41000e+02 -5.74690e-01 -3.73970e-01 -7.75410e-01 -5.73862e-01 -5.39319e-01 -6.08405e-01
5.69600e+04 1.42000e+02 -6.08411e-01 -5.17855e-01 -6.98968e-01 -5.72221e-01 -5.36995e-01 -6.07447e-01
5.72800e+04 1.43000e+02 -5.33114e-01 -4.75154e-01 -5.91075e-01 -5.70713e-01 -5.34701e-01 -6.06725e-01
5.76000e+04 1.44000e+02 -5.76534e-01 -4.40276e-01 -7.12792e-01 -5.69325e-01 -5.32442e-01 -6.06208e-01
5.79200e+04 1.44000e+02 -5.76534e-01 -4.40276e-01 -7.12792e-01 -5.68046e-01 -5.30230e-01 -6.05862e-01
5.82400e+04 1.45000e+02 -5.55299e-01 -4.29382e-01 -6.81215e-01 -5.66868e-01 -5.28086e-01 -6.05650e-01
5.85600e+04 1.46000e+02 -5.30539e-01 -4.25541e-01 -6.35537e-01 -5.65785e-01 -5.26036e-01 -6.05534e-01
5.88800e+04 1.47000e+02 -5.33561e-01 -3.76494e-01 -6.90629e-01 -5.64796e-01 -5.24116e-01 -6.05477e-01
5.92000e+04 1.48000e+02 -4.39170e-01 -4.10873e-01 -4.67466e-01 -5.63904e-01 -5.22364e-01 -6.05445e-01
5.95200e+04 1.48000e+02 -4.39170e-01 -4.10873e-01 -4.67466e-01 -5.63114e-01 -5.20818e-01 -6.05410e-01
5.98400e+04 1.49000e+02 -4.61229e-01 -3.58593e-01 -5.63864e-01 -5.62431e-01 -5.19515e-01 -6.05348e-01
6.01600e+04 1.50000e+02 -5.27452e-01 -3.75503e-01 -6.79400e-01 -5.61862e-01 -5.18482e-01 -6.05242e-01
6.04800e+04 1.51000e+02 -4.99736e-01 -3.99741e-01 -5.99730e-01 -5.61410e-01 -5.17732e-01 -6.05089e-01
6.08000e+04 1.52000e+02 -5.25093e-01 -4.01981e-01 -6.48205e-01 -5.61075e-01 -5.17262e-01 -6.04887e-01
6.11200e+04 1.52000e+02 -5.25093e-01 -4.01981e-01 -6.48205e-01 -5.60849e-01 -5.17052e-01 -6.04646e-01
6.14400e+04 1.53000e+02 -6.00667e-01 -5.01819e-01 -6.99514e-01 -5.60717e-01 -5.17059e-01 -6.04374e-01
6.17600e+04 1.54000e+02 -5.52185e-01 -3.98116e-01 -7.06253e-01 -5.60654e-01 -5.17224e-01 -6.04084e-01
6.20800e+04 1.55000e+02 -5.71946e-01 -4.75180e-01 -6.68712e-01 -5.60630e-01 -5.17477e-01 -6.03782e-01
6.24000e+04 1.56000e+02 -5.01664e-01 -3.96387e-01 -6.06942e-01 -5.60601e-01 -5.17733e-01 -6.03468e-01
6.27200e+04 1.56000e+02 -5.01664e-01 -3.96387e-01 -6.06942e-01 -5.60522e-01 -5.17905e-01 -6.03139e-01
6.30400e+04 1.57000e+02 -5.76726e-01 -4.43070e-01 -7.10382e-01 -5.60348e-01 -5.17906e-01 -6.02790e-01
6.33600e+04 1.58000e+02 -5.90602e-01 -5.06027e-01 -6.75177e-01 -5.60036e-01 -5.17658e-01 -6.02414e-01
6.36800e+04 1.59000e+02 -4.81220e-01 -4.13971e-01 -5.48468e-01 -5.59549e-01 -5.17092e-01 -6.02007e-01
6.40000e+04 1.60000e+02 -4.77416e-01 -3.65682e-01 -5.89150e-01 -5.58868e-01 -5.16163e-01 -6.01572e-01
6.43200e+04 1.60000e+02 -4.77416e-01 -3.65682e-01 -5.89150e-01 -5.57982e-01 -5.14847e-01 -6.01116e-01
6.46400e+04 1.61000e+02 -4.75902e-01 -3.81654e-01 -5.70150e-01 -5.56898e-01 -5.13148e-01 -6.00649e-01
6.49600e+04 1.62000e+02 -5.23950e-01 -3.91420e-01 -6.56479e-01 -5.55639e-01 -5.11094e-01 -6.00184e-01
6.52800e+04 1.63000e+02 -5.30812e-01 -3.39259e-01 -7.22365e-01 -5.54237e-01 -5.08742e-01 -5.99732e-01
6.56000e+04 1.64000e+02 -5.03618e-01 -3.89172e-01 -6.18063e-01 -5.52734e-01 -5.06165e-01 -5.99302e-01
6.59200e+04 1.64000e+02 -5.03618e-01 -3.89172e-01 -6.18063e-01 -5.51175e-01 -5.03453e-01 -5.98897e-01
6.62400e+04 1.65000e+02 -4.30838e-01 -3.67375e-01 -4.94301e-01 -5.49606e-01 -5.00697e-01 -5.98515e-01
6.65600e+04 1.66000e+02 -4.98532e-01 -4.40275e-01 -5.56789e-01 -5.48068e-01 -4.97986e-01 -5.98150e-01
6.68800e+04 1.67000e+02 -5.00179e-01 -4.01265e-01 -5.99094e-01 -5.46590e-01 -4.95393e-01 -5.97787e-01
6.72000e+04 1.68000e+02 -4.64955e-01 -3.84777e-01 -5.45134e-01 -5.45193e-01 -4.92972e-01 -5.97414e-01
6.75200e+04 1.68000e+02 -4.64955e-01 -3.84777e-01 -5.45134e-01 -5.43886e-01 -4.90759e-01 -5.97013e-01
6.78400e+04 1.69000e+02 -6.31390e-01 -5.99716e-01 -6.63064e-01 -5.42667e-01 -4.88766e-01 -5.96568e-01
6.81600e+04 1.70000e+02 -5.27910e-01 -4.30542e-01 -6.25277e-01 -5.41523e-01 -4.86984e-01 -5.96061e-01
6.84800e+04 1.71000e+02 -5.41229e-01 -4.24388e-01 -6.58071e-01 -5.40434e-01 -4.85395e-01 -5.95472e-01
6.88000e+04 1.72000e+02 -5.64124e-01 -3.99444e-01 -7.28803e-01 -5.39375e-01 -4.83966e-01 -5.94784e-01
6.91200e+04 1.72000e+02 -5.64124e-01 -3.99444e-01 -7.28803e-01 -5.38317e-01 -4.82660e-01 -5.93974e-01
6.94400e+04 1.73000e+02 -4.96769e-01 -3.78143e-01 -6.15396e-01 -5.37233e-01 -4.81442e-01 -5.93025e-01
6.97600e+04 1.74000e+02 -5.25483e-01 -4.21592e-01 -6.29373e-01 -5.36098e-01 -4.80279e-01 -5.91917e-01
7.00800e+04 1.75000e+02 -5.30983e-01 -4.51692e-01 -6.10273e-01 -5.34895e-01 -4.79153e-01 -5.90637e-01
7.04000e+04 1.76000e+02 -5.23677e-01 -4.48426e-01 -5.98928e-01 -5.33616e-01 -4.78060e-01 -5.89173e-01
7.07200e+04 1.76000e+02 -5.23677e-01 -4.48426e-01 -5.98928e-01 -5.32265e-01 -4.77010e-01 -5.87520e-01
7.10400e+04 1.77000e+02 -3.99449e-01 -3.56424e-01 -4.42474e-01 -5.30856e-01 -4.76034e-01 -5.85679e-01
7.13600e+04 1.78000e+02 -4.56439e-01 -3.93791e-01 -5.19086e-01 -5.29413e-01 -4.75170e-01 -5.83657e-01
7.16800e+04 1.79000e+02 -5.43250e-01 -4.12049e-01 -6.74450e-01 -5.27968e-01 -4.74467e-01 -5.81469e-01
7.20000e+04 1.80000e+02 -5.98595e-01 -4.16498e-01 -7.80692e-01 -5.26558e-01 -4.73974e-01 -5.79142e-01
7.23200e+04 1.80000e+02 -5.98595e-01 -4.16498e-01 -7.80692e-01 -5.25218e-01 -4.73730e-01 -5.76706e-01
7.26400e+04 1.81000e+02 -4.38802e-01 -4.13164e-01 -4.64440e-01 -5.23981e-01 -4.73764e-01 -5.74198e-01
7.29600e+04 1.82000e+02 -4.06530e-01 -3.61641e-01 -4.51420e-01 -5.22872e-01 -4.74087e-01 -5.71657e-01
7.32800e+04 1.83000e+02 -4.81676e-01 -4.59043e-01 -5.04310e-01 -5.21906e-01 -4.74693e-01 -5.69119e-01
7.36000e+04 1.84000e+02 -4.66470e-01 -3.76593e-01 -5.56347e-01 -5.21086e-01 -4.75557e-01 -5.66615e-01
7.39200e+04 1.84000e+02 -4.66470e-01 -3.76593e-01 -5.56347e-01 -5.20405e-01 -4.76642e-01 -5.64168e-01
7.42400e+04 1.85000e+02 -5.10357e-01 -4.30102e-01 -5.90611e-01 -5.19845e-01 -4.77897e-01 -5.61793e-01
7.45600e+04 1.86000e+02 -5.80079e-01 -4.94094e-01 -6.66064e-01 -5.19382e-01 -4.79265e-01 -5.59499e-01
7.48800e+04 1.87000e+02 -5.11423e-01 -4.00323e-01 -6.22524e-01 -5.18987e-01 -4.80686e-01 -5.57288e-01
7.52000e+04 1.88000e+02 -5.18545e-01 -4.68229e-01 -5.68861e-01 -5.18626e-01 -4.82097e-01 -5.55155e-01
7.55200e+04 1.88000e+02 -5.18545e-01 -4.68229e-01 -5.68861e-01 -5.18268e-01 -4.83442e-01 -5.53093e-01
7.58400e+04 1.89000e+02 -4.63071e-01 -4.09195e-01 -5.16948e-01 -5.17877e-01 -4.84668e-01 -5.51087e-01
7.61600e+04 1.90000e+02 -5.00637e-01 -4.00870e-01 -6.00403e-01 -5.17426e-01 -4.85731e-01 -5.49122e-01
7.64800e+04 1.91000e+02 -5.24507e-01 -4.48020e-01 -6.00993e-01 -5.16889e-01 -4.86596e-01 -5.47182e-01
7.68000e+04 1.92000e+02 -5.95258e-01 -5.03203e-01 -6.87312e-01 -5.16248e-01 -4.87241e-01 -5.45255e-01
7.71200e+04 1.92000e+02 -5.95258e-01 -5.03203e-01 -6.87312e-01 -5.15494e-01 -4.87656e-01 -5.43331e-01
7.74400e+04 1.93000e+02 -5.62490e-01 -4.65886e-01 -6.59095e-01 -5.14629e-01 -4.87845e-01 -5.41413e-01
7.77600e+04 1.94000e+02 -5.74732e-01 -4.01879e-01 -7.47585e-01 -5.13664e-01 -4.87824e-01 -5.39504e-01
7.80800e+04 1.95000e+02 -4.85922e-01 -4.30563e-01 -5.41281e-01 -5.12618e-01 -4.87618e-01 -5.37619e-01
7.84000e+04 1.96000e+02 -5.17810e-01 -3.63256e-01 -6.72364e-01 -5.11518e-01 -4.87261e-01 -5.35775e-01
7.87200e+04 1.96000e+02 -5.17810e-01 -3.63256e-01 -6.72364e-01 -5.10392e-01 -4.86789e-01 -5.33996e-01
7.90400e+04 1.97000e+02 -5.55741e-01 -3.98316e-01 -7.13166e-01 -5.09275e-01 -4.86241e-01 -5.32309e-01
7.93600e+04 1.98000e+02 -5.92661e-01 -3.74057e-01 -8.11265e-01 -5.08202e-01 -4.85661e-01 -5.30744e-01
7.96800e+04 1.99000e+02 -4.97602e-01 -3.90194e-01 -6.05010e-01 -5.07209e-01 -4.85087e-01 -5.29330e-01
8.00000e+04 2.00000e+02 -5.04886e-01 -4.13564e-01 -5.96207e-01 -5.06331e-01 -4.84563e-01 -5.28098e-01
8.03200e+04 2.00000e+02 -5.04886e-01 -4.13564e-01 -5.96207e-01 -5.05603e-01 -4.84135e-01 -5.27070e-01
8.06400e+04 2.01000e+02 -4.51019e-01 -3.55058e-01 -5.46981e-01 -5.05055e-01 -4.83845e-01 -5.26266e-01
8.09600e+04 2.02000e+02 -3.75276e-01 -3.05454e-01 -4.45098e-01 -5.04714e-01 -4.83730e-01 -5.25698e-01
8.12800e+04 2.03000e+02 -4.40378e-01 -3.64200e-01 -5.16555e-01 -5.04597e-01 -4.83822e-01 -5.25372e-01
8.16000e+04 2.04000e+02 -4.78736e-01 -4.49903e-01 -5.07569e-01 -5.04716e-01 -4.84141e-01 -5.25291e-01
8.19200e+04 2.04000e+02 -4.78736e-01 -4.49903e-01 -5.07569e-01 -5.05075e-01 -4.84692e-01 -5.25457e-01
8.22400e+04 2.05000e+02 -5.03560e-01 -4.37830e-01 -5.69290e-01 -5.05666e-01 -4.85458e-01 -5.25874e-01
8.25600e+04 2.06000e+02 -4.74930e-01 -3.46816e-01 -6.03043e-01 -5.06474e-01 -4.86398e-01 -5.26550e-01
8.28800e+04 2.07000e+02 -4.97838e-01 -4.00721e-01 -5.94954e-01 -5.07470e-01 -4.87448e-01 -5.27493e-01
8.32000e+04 2.08000e+02 -4.99467e-01 -3.97343e-01 -6.01592e-01 -5.08614e-01 -4.88522e-01 -5.28707e-01
8.35200e+04 2.08000e+02 -4.99467e-01 -3.97343e-01 -6.01592e-01 -5.09854e-01 -4.89525e-01 -5.30182e-01
8.38400e+04 2.09000e+02 -4.80699e-01 -4.19253e-01 -5.42144e-01 -5.11125e-01 -4.90369e-01 -5.31882e-01
8.41600e+04 2.10000e+02 -4.78647e-01 -3.48567e-01 -6.08726e-01 -5.12361e-01 -4.90983e-01 -5.33739e-01
8.44800e+04 2.11000e+02 -4.49636e-01 -4.00805e-01 -4.98467e-01 -5.13490e-01 -4.91327e-01 -5.35652e-01
8.48000e+04 2.12000e+02 -4.36033e-01 -3.74144e-01 -4.97921e-01 -5.14444e-01 -4.91395e-01 -5.37493e-01
8.51200e+04 2.12000e+02 -4.36033e-01 -3.74144e-01 -4.97921e-01 -5.15165e-01 -4.91207e-01 -5.39123e-01
8.54400e+04 2.13000e+02 -4.22978e-01 -3.74060e-01 -4.71897e-01 -5.15606e-01 -4.90802e-01 -5.40411e-01
8.57600e+04 2.14000e+02 -5.78539e-01 -4.29270e-01 -7.27809e-01 -5.15738e-01 -4.90231e-01 -5.41245e-01
8.60800e+04 2.15000e+02 -4.39361e-01 -3.52768e-01 -5.25955e-01 -5.15545e-01 -4.89547e-01 -5.41543e-01
8.64000e+04 2.16000e+02 -5.09941e-01 -3.51611e-01 -6.68272e-01 -5.15028e-01 -4.88802e-01 -5.41255e-01
8.67200e+04 2.16000e+02 -5.09941e-01 -3.51611e-01 -6.68272e-01 -5.14205e-01 -4.88040e-01 -5.40369e-01
8.70400e+04 2.17000e+02 -4.42201e-01 -3.72838e-01 -5.11564e-01 -5.13098e-01 -4.87296e-01 -5.38899e-01
8.73600e+04 2.18000e+02 -4.91158e-01 -4.00113e-01 -5.82202e-01 -5.11741e-01 -4.86595e-01 -5.36888e-01
8.76800e+04 2.19000e+02 -4.83783e-01 -3.97899e-01 -5.69667e-01 -5.10171e-01 -4.85949e-01 -5.34394e-01
8.80000e+04 2.20000e+02 -4.77181e-01 -3.30682e-01 -6.23681e-01 -5.08427e-01 -4.85364e-01 -5.31490e-01
8.83200e+04 2.20000e+02 -4.77181e-01 -3.30682e-01 -6.23681e-01 -5.06547e-01 -4.84841e-01 -5.28252e-01
8.86400e+04 2.21000e+02 -4.52012e-01 -3.64919e-01 -5.39104e-01 -5.04569e-01 -4.84374e-01 -5.24764e-01
8.89600e+04 2.22000e+02 -5.29777e-01 -4.02235e-01 -6.57319e-01 -5.02530e-01 -4.83954e-01 -5.21107e-01
8.92800e+04 2.23000e+02 -5.27733e-01 -4.28090e-01 -6.27377e-01 -5.00466e-01 -4.83567e-01 -5.17365e-01
8.96000e+04 2.24000e+02 -5.37206e-01 -4.13416e-01 -6.60997e-01 -4.98409e-01 -4.83191e-01 -5.13627e-01
8.99200e+04 2.24000e+02 -5.37206e-01 -4.13416e-01 -6.60997e-01 -4.96387e-01 -4.82782e-01 -5.09992e-01
9.02400e+04 2.25000e+02 -4.04879e-01 -3.53468e-01 -4.56289e-01 -4.94427e-01 -4.82264e-01 -5.06590e-01
9.05600e+04 2.26000e+02 -4.08850e-01 -3.49780e-01 -4.67920e-01 -4.92551e-01 -4.81514e-01 -5.03588e-01
9.08800e+04 2.27000e+02 -4.87250e-01 -3.99019e-01 -5.75482e-01 -4.90777e-01 -4.80361e-01 -5.01193e-01
9.12000e+04 2.28000e+02 -5.21734e-01 -4.34036e-01 -6.09432e-01 -4.89122e-01 -4.78650e-01 -4.99594e-01
9.15200e+04 2.28000e+02 -5.21734e-01 -4.34036e-01 -6.09432e-01 -4.87598e-01 -4.76335e-01 -4.98861e-01
9.18400e+04 2.29000e+02 -4.53704e-01 -3.65474e-01 -5.41935e-01 -4.86218e-01 -4.73516e-01 -4.98921e-01
9.21600e+04 2.30000e+02 -5.07528e-01 -4.13888e-01 -6.01167e-01 -4.84992e-01 -4.70361e-01 -4.99623e-01
9.24800e+04 2.31000e+02 -4.16860e-01 -3.17554e-01 -5.16165e-01 -4.83925e-01 -4.67030e-01 -5.00820e-01
9.28000e+04 2.32000e+02 -5.39819e-01 -4.10832e-01 -6.68805e-01 -4.83020e-01 -4.63643e-01 -5.02396e-01
9.31200e+04 2.32000e+02 -5.39819e-01 -4.10832e-01 -6.68805e-01 -4.82273e-01 -4.60291e-01 -5.04255e-01
9.34400e+04 2.33000e+02 -3.95383e-01 -3.19222e-01 -4.71544e-01 -4.81677e-01 -4.57039e-01 -5.06314e-01
9.37600e+04 2.34000e+02 -4.93216e-01 -3.36823e-01 -6.49609e-01 -4.81216e-01 -4.53943e-01 -5.08488e-01
9.40800e+04 2.35000e+02 -4.92673e-01 -3.57552e-01 -6.27793e-01 -4.80874e-01 -4.51054e-01 -5.10693e-01
9.44000e+04 2.36000e+02 -4.89709e-01 -4.16685e-01 -5.62733e-01 -4.80630e-01 -4.48422e-01 -5.12839e-01
9.47200e+04 2.36000e+02 -4.89709e-01 -4.16685e-01 -5.62733e-01 -4.80464e-01 -4.46100e-01 -5.14828e-01
9.50400e+04 2.37000e+02 -4.72287e-01 -4.06962e-01 -5.37611e-01 -4.80353e-01 -4.44141e-01 -5.16565e-01
9.53600e+04 2.38000e+02 -4.69383e-01 -4.12394e-01 -5.26371e-01 -4.80278e-01 -4.42594e-01 -5.17963e-01
9.56800e+04 2.39000e+02 -5.52627e-01 -4.31880e-01 -6.73375e-01 -4.80220e-01 -4.41501e-01 -5.18938e-01
9.60000e+04 2.40000e+02 -4.82572e-01 -3.99201e-01 -5.65944e-01 -4.80163e-01 -4.40893e-01 -5.19433e-01
9.63200e+04 2.40000e+02 -4.82572e-01 -3.99201e-01 -5.65944e-01 -4.80092e-01 -4.40776e-01 -5.19407e-01
9.66400e+04 2.41000e+02 -4.56374e-01 -3.94621e-01 -5.18126e-01 -4.79998e-01 -4.41144e-01 -5.18852e-01
9.69600e+04 2.42000e+02 -4.46987e-01 -3.12710e-01 -5.81263e-01 -4.79875e-01 -4.41962e-01 -5.17788e-01
9.72800e+04 2.43000e+02 -4.64064e-01 -3.68596e-01 -5.59531e-01 -4.79720e-01 -4.43176e-01 -5.16265e-01
9.76000e+04 2.44000e+02 -4.74768e-01 -2.82891e-01 -6.66644e-01 -4.79535e-01 -4.44714e-01 -5.14356e-01
9.79200e+04 2.44000e+02 -4.74768e-01 -2.82891e-01 -6.66644e-01 -4.79326e-01 -4.46491e-01 -5.12160e-01
9.82400e+04 2.45000e+02 -4.75806e-01 -4.02997e-01 -5.48615e-01 -4.79101e-01 -4.48416e-01 -5.09786e-01
9.85600e+04 2.46000e+02 -5.56669e-01 -3.27443e-01 -7.85894e-01 -4.78874e-01 -4.50397e-01 -5.07351e-01
9.88800e+04 2.47000e+02 -5.19907e-01 -3.79020e-01 -6.60793e-01 -4.78656e-01 -4.52343e-01 -5.04969e-01
9.92000e+04 2.48000e+02 -5.20981e-01 -4.35092e-01 -6.06869e-01 -4.78460e-01 -4.54177e-01 -5.02742e-01
9.95200e+04 2.48000e+02 -5.20981e-01 -4.35092e-01 -6.06869e-01 -4.78295e-01 -4.55833e-01 -5.00757e-01
9.98400e+04 2.49000e+02 -5.14555e-01 -4.04579e-01 -6.24530e-01 -4.78167e-01 -4.57258e-01 -4.99077e-01
1.00160e+05 2.50000e+02 -4.84958e-01 -4.28878e-01 -5.41039e-01 -4.78080e-01 -4.58412e-01 -4.97747e-01
1.00480e+05 2.51000e+02 -4.86450e-01 -3.65650e-01 -6.07250e-01 -4.78032e-01 -4.59268e-01 -4.96796e-01
1.00800e+05 2.52000e+02 -4.66445e-01 -4.30166e-01 -5.02724e-01 -4.78022e-01 -4.59806e-01 -4.96237e-01
1.01120e+05 2.52000e+02 -4.66445e-01 -4.30166e-01 -5.02724e-01 -4.78047e-01 -4.60025e-01 -4.96069e-01
1.01440e+05 2.53000e+02 -5.01649e-01 -4.19348e-01 -5.83949e-01 -4.78111e-01 -4.59947e-01 -4.96274e-01
1.01760e+05 2.54000e+02 -4.75104e-01 -3.96859e-01 -5.53350e-01 -4.78215e-01 -4.59622e-01 -4.96809e-01
1.02080e+05 2.55000e+02 -4.37700e-01 -3.67723e-01 -5.07678e-01 -4.78370e-01 -4.59125e-01 -4.97615e-01
1.02400e+05 2.56000e+02 -4.97234e-01 -4.01648e-01 -5.92819e-01 -4.78584e-01 -4.58545e-01 -4.98623e-01
1.02720e+05 2.56000e+02 -4.97234e-01 -4.01648e-01 -5.92819e-01 -4.78867e-01 -4.57969e-01 -4.99765e-01
1.03040e+05 2.57000e+02 -4.85499e-01 -3.98417e-01 -5.72581e-01 -4.79231e-01 -4.57479e-01 -5.00983e-01
1.03360e+05 2.58000e+02 -4.53763e-01 -3.58808e-01 -5.48718e-01 -4.79681e-01 -4.57136e-01 -5.02227e-01
1.03680e+05 2.59000e+02 -4.65849e-01 -3.41763e-01 -5.89935e-01 -4.80220e-01 -4.56979e-01 -5.03462e-01
1.04000e+05 2.60000e+02 -4.08972e-01 -3.73462e-01 -4.44481e-01 -4.80843e-01 -4.57026e-01 -5.04660e-01
1.04320e+05 2.60000e+02 -4.08972e-01 -3.73462e-01 -4.44481e-01 -4.81540e-01 -4.57277e-01 -5.05803e-01
1.04640e+05 2.61000e+02 -4.35889e-01 -3.31525e-01 -5.40253e-01 -4.82293e-01 -4.57713e-01 -5.06872e-01
1.04960e+05 2.62000e+02 -4.50963e-01 -3.92180e-01 -5.09747e-01 -4.83081e-01 -4.58307e-01 -5.07855e-01
1.05280e+05 2.63000e+02 -4.83148e-01 -3.79276e-01 -5.87019e-01 -4.83879e-01 -4.59023e-01 -5.08735e-01
1.05600e+05 2.64000e+02 -4.43288e-01 -3.57317e-01 -5.29259e-01 -4.84658e-01 -4.59823e-01 -5.09494e-01
1.05920e+05 2.64000e+02 -4.43288e-01 -3.57317e-01 -5.29259e-01 -4.85391e-01 -4.60670e-01 -5.10111e-01
1.06240e+05 2.65000e+02 -5.43222e-01 -4.64128e-01 -6.22317e-01 -4.86047e-01 -4.61531e-01 -5.10563e-01
1.06560e+05 2.66000e+02 -5.15232e-01 -4.70688e-01 -5.59775e-01 -4.86599e-01 -4.62374e-01 -5.10824e-01
1.06880e+05 2.67000e+02 -5.31891e-01 -4.93375e-01 -5.70407e-01 -4.87021e-01 -4.63176e-01 -5.10867e-01
1.07200e+05 2.68000e+02 -5.13208e-01 -4.74906e-01 -5.51510e-01 -4.87289e-01 -4.63910e-01 -5.10669e-01
1.07520e+05 2.68000e+02 -5.13208e-01 -4.74906e-01 -5.51510e-01 -4.87383e-01 -4.64552e-01 -5.10214e-01
1.07840e+05 2.69000e+02 -4.52158e-01 -3.72088e-01 -5.32227e-01 -4.87289e-01 -4.65077e-01 -5.09502e-01
1.08160e+05 2.70000e+02 -5.36557e-01 -4.08873e-01 -6.64241e-01 -4.87001e-01 -4.65453e-01 -5.08548e-01
1.08480e+05 2.71000e+02 -4.72970e-01 -3.82088e-01 -5.63852e-01 -4.86520e-01 -4.65653e-01 -5.07386e-01
1.08800e+05 2.72000e+02 -4.56472e-01 -3.50384e-01 -5.62560e-01 -4.85859e-01 -4.65649e-01 -5.06070e-01
1.09120e+05 2.72000e+02 -4.56472e-01 -3.50384e-01 -5.62560e-01 -4.85044e-01 -4.65422e-01 -5.04666e-01
1.09440e+05 2.73000e+02 -4.79356e-01 -3.63853e-01 -5.94858e-01 -4.84109e-01 -4.64970e-01 -5.03248e-01
1.09760e+05 2.74000e+02 -4.37931e-01 -3.09882e-01 -5.65981e-01 -4.83097e-01 -4.64308e-01 -5.01886e-01
1.10080e+05 2.75000e+02 -5.14786e-01 -4.57326e-01 -5.72246e-01 -4.82056e-01 -4.63475e-01 -5.00637e-01
1.10400e+05 2.76000e+02 -4.66412e-01 -3.76984e-01 -5.55840e-01 -4.81037e-01 -4.62532e-01 -4.99542e-01
1.10720e+05 2.76000e+02 -4.66412e-01 -3.76984e-01 -5.55840e-01 -4.80089e-01 -4.61556e-01 -4.98623e-01
1.11040e+05 2.77000e+02 -4.24976e-01 -3.04772e-01 -5.45179e-01 -4.79256e-01 -4.60631e-01 -4.97880e-01
1.11360e+05 2.78000e+02 -4.39144e-01 -3.86333e-01 -4.91955e-01 -4.78570e-01 -4.59841e-01 -4.97299e-01
1.11680e+05 2.79000e+02 -4.39290e-01 -3.26043e-01 -5.52537e-01 -4.78054e-01 -4.59254e-01 -4.96854e-01
1.12000e+05 2.80000e+02 -4.09728e-01 -3.40198e-01 -4.79259e-01 -4.77720e-01 -4.58924e-01 -4.96516e-01
1.12320e+05 2.80000e+02 -4.09728e-01 -3.40198e-01 -4.79259e-01 -4.77564e-01 -4.58876e-01 -4.96252e-01
1.12640e+05 2.81000e+02 -4.98616e-01 -3.74916e-01 -6.22316e-01 -4.77575e-01 -4.59115e-01 -4.96034e-01
1.12960e+05 2.82000e+02 -4.67093e-01 -3.50835e-01 -5.83352e-01 -4.77728e-01 -4.59612e-01 -4.95843e-01
1.13280e+05 2.83000e+02 -4.40890e-01 -3.38879e-01 -5.42901e-01 -4.77994e-01 -4.60319e-01 -4.95668e-01
1.13600e+05 2.84000e+02 -3.95458e-01 -3.70003e-01 -4.20913e-01 -4.78335e-01 -4.61162e-01 -4.95509e-01
1.13920e+05 2.84000e+02 -3.95458e-01 -3.70003e-01 -4.20913e-01 -4.78712e-01 -4.62050e-01 -4.95373e-01
1.14240e+05 2.85000e+02 -4.25154e-01 -3.22505e-01 -5.27802e-01 -4.79081e-01 -4.62886e-01 -4.95277e-01
1.14560e+05 2.86000e+02 -4.24879e-01 -3.60163e-01 -4.89595e-01 -4.79402e-01 -4.63562e-01 -4.95242e-01
1.14880e+05 2.87000e+02 -4.53702e-01 -4.32215e-01 -4.75189e-01 -4.79635e-01 -4.63978e-01 -4.95292e-01
1.15200e+05 2.88000e+02 -4.00056e-01 -2.78299e-01 -5.21813e-01 -4.79748e-01 -4.64046e-01 -4.95450e-01
1.15520e+05 2.88000e+02 -4.00056e-01 -2.78299e-01 -5.21813e-01 -4.79712e-01 -4.63698e-01 -4.95726e-01
1.15840e+05 2.89000e+02 -4.32648e-01 -3.46717e-01 -5.18579e-01 -4.79509e-01 -4.62897e-01 -4.96120e-01
1.16160e+05 2.90000e+02 -4.81708e-01 -4.41427e-01 -5.21988e-01 -4.79125e-01 -4.61636e-01 -4.96614e-01
1.16480e+05 2.91000e+02 -4.43276e-01 -3.94937e-01 -4.91616e-01 -4.78555e-01 -4.59935e-01 -4.97174e-01
1.16800e+05 2.92000e+02 -4.30935e-01 -3.79761e-01 -4.82110e-01 -4.77795e-01 -4.57831e-01 -4.97758e-01
1.17120e+05 2.92000e+02 -4.30935e-01 -3.79761e-01 -4.82110e-01 -4.76850e-01 -4.55377e-01 -4.98322e-01
1.17440e+05 2.93000e+02 -4.55655e-01 -3.73262e-01 -5.38047e-01 -4.75726e-01 -4.52629e-01 -4.98823e-01
1.17760e+05 2.94000e+02 -5.26511e-01 -4.16766e-01 -6.36257e-01 -4.74433e-01 -4.49645e-01 -4.99222e-01
1.18080e+05 2.95000e+02 -5.22087e-01 -4.48746e-01 -5.95427e-01 -4.72986e-01 -4.46486e-01 -4.99486e-01
1.18400e+05 2.96000e+02 -4.59534e-01 -3.93671e-01 -5.25397e-01 -4.71398e-01 -4.43211e-01 -4.99586e-01
1.18720e+05 2.96000e+02 -4.59534e-01 -3.93671e-01 -5.25397e-01 -4.69692e-01 -4.39882e-01 -4.99502e-01
1.19040e+05 2.97000e+02 -4.60096e-01 -3.64325e-01 -5.55868e-01 -4.67888e-01 -4.36560e-01 -4.99216e-01
1.19360e+05 2.98000e+02 -5.11978e-01 -4.14853e-01 -6.09103e-01 -4.66014e-01 -4.33308e-01 -4.98720e-01
1.19680e+05 2.99000e+02 -4.21372e-01 -3.84170e-01 -4.58573e-01 -4.64099e-01 -4.30185e-01 -4.98013e-01
1.20000e+05 3.00000e+02 -4.65285e-01 -3.64479e-01 -5.66091e-01 -4.62177e-01 -4.27248e-01 -4.97105e-01
1.20320e+05 3.00000e+02 -4.65285e-01 -3.64479e-01 -5.66091e-01 -4.60285e-01 -4.24552e-01 -4.96017e-01
1.20640e+05 3.01000e+02 -4.98313e-01 -4.03767e-01 -5.92859e-01 -4.58463e-01 -4.22147e-01 -4.94779e-01
1.20960e+05 3.02000e+02 -4.08948e-01 -3.05775e-01 -5.12122e-01 -4.56751e-01 -4.20072e-01 -4.93431e-01
1.21280e+05 3.03000e+02 -5.16734e-01 -4.56122e-01 -5.77346e-01 -4.55191e-01 -4.18364e-01 -4.92019e-01
1.21600e+05 3.04000e+02 -4.38609e-01 -3.93245e-01 -4.83973e-01 -4.53821e-01 -4.17048e-01 -4.90594e-01
1.21920e+05 3.04000e+02 -4.38609e-01 -3.93245e-01 -4.83973e-01 -4.52671e-01 -4.16138e-01 -4.89204e-01
1.22240e+05 3.05000e+02 -4.16469e-01 -3.11807e-01 -5.21130e-01 -4.51768e-01 -4.15642e-01 -4.87894e-01
1.22560e+05 3.06000e+02 -4.41860e-01 -3.93536e-01 -4.90184e-01 -4.51125e-01 -4.15547e-01 -4.86702e-01
1.22880e+05 3.07000e+02 -4.35016e-01 -3.74714e-01 -4.95317e-01 -4.50747e-01 -4.15838e-01 -4.85657e-01
1.23200e+05 3.08000e+02 -4.25697e-01 -3.35726e-01 -5.15667e-01 -4.50630e-01 -4.16482e-01 -4.84778e-01
1.23520e+05 3.08000e+02 -4.25697e-01 -3.35726e-01 -5.15667e-01 -4.50758e-01 -4.17440e-01 -4.84076e-01
1.23840e+05 3.09000e+02 -4.83019e-01 -4.17746e-01 -5.48292e-01 -4.51108e-01 -4.18666e-01 -4.83551e-01
1.24160e+05 3.10000e+02 -4.45366e-01 -3.44910e-01 -5.45821e-01 -4.51650e-01 -4.20106e-01 -4.83194e-01
1.24480e+05 3.11000e+02 -5.04920e-01 -3.97982e-01 -6.11858e-01 -4.52347e-01 -4.21707e-01 -4.82987e-01
1.24800e+05 3.12000e+02 -4.45455e-01 -3.74717e-01 -5.16193e-01 -4.53159e-01 -4.23415e-01 -4.82903e-01
1.25120e+05 3.12000e+02 -4.45455e-01 -3.74717e-01 -5.16193e-01 -4.54043e-01 -4.25177e-01 -4.82909e-01
1.25440e+05 3.13000e+02 -4.63676e-01 -3.15907e-01 -6.11445e-01 -4.54955e-01 -4.26944e-01 -4.82967e-01
1.25760e+05 3.14000e+02 -4.10821e-01 -3.38790e-01 -4.82852e-01 -4.55854e-01 -4.28668e-01 -4.83040e-01
1.26080e+05 3.15000e+02 -4.25555e-01 -3.68665e-01 -4.82444e-01 -4.56700e-01 -4.30309e-01 -4.83091e-01
1.26400e+05 3.16000e+02 -4.96770e-01 -3.80290e-01 -6.13250e-01 -4.57461e-01 -4.31834e-01 -4.83089e-01
1.26720e+05 3.16000e+02 -4.96770e-01 -3.80290e-01 -6.13250e-01 -4.58113e-01 -4.33216e-01 -4.83010e-01
1.27040e+05 3.17000e+02 -3.42768e-01 -3.13514e-01 -3.72022e-01 -4.58638e-01 -4.34439e-01 -4.82836e-01
1.27360e+05 3.18000e+02 -4.67349e-01 -3.92520e-01 -5.42179e-01 -4.59028e-01 -4.35498e-01 -4.82557e-01
1.27680e+05 3.19000e+02 -4.23708e-01 -3.58690e-01 -4.88726e-01 -4.59284e-01 -4.36398e-01 -4.82170e-01
1.28000e+05 3.20000e+02 -3.97023e-01 -3.10431e-01 -4.83615e-01 -4.59412e-01 -4.37148e-01 -4.81676e-01
1.28320e+05 3.20000e+02 -3.97023e-01 -3.10431e-01 -4.83615e-01 -4.59424e-01 -4.37764e-01 -4.81083e-01
1.28640e+05 3.21000e+02 -4.20763e-01 -3.53590e-01 -4.87936e-01 -4.59332e-01 -4.38266e-01 -4.80398e-01
1.28960e+05 3.22000e+02 -5.17244e-01 -3.78591e-01 -6.55896e-01 -4.59150e-01 -4.38671e-01 -4.79628e-01
1.29280e+05 3.23000e+02 -5.27930e-01 -4.47181e-01 -6.08679e-01 -4.58888e-01 -4.38996e-01 -4.78779e-01
1.29600e+05 3.24000e+02 -4.13498e-01 -3.13105e-01 -5.13891e-01 -4.58555e-01 -4.39256e-01 -4.77854e-01
1.29920e+05 3.24000e+02 -4.13498e-01 -3.13105e-01 -5.13891e-01 -4.58155e-01 -4.39464e-01 -4.76847e-01
1.30240e+05 3.25000e+02 -5.03105e-01 -3.90934e-01 -6.15277e-01 -4.57691e-01 -4.39625e-01 -4.75757e-01
1.30560e+05 3.26000e+02 -5.33274e-01 -4.17515e-01 -6.49034e-01 -4.57160e-01 -4.39741e-01 -4.74578e-01
1.30880e+05 3.27000e+02 -4.50600e-01 -4.02992e-01 -4.98209e-01 -4.56559e-01 -4.39809e-01 -4.73308e-01
1.31200e+05 3.28000e+02 -4.95874e-01 -3.76391e-01 -6.15357e-01 -4.55888e-01 -4.39825e-01 -4.71951e-01
1.31520e+05 3.28000e+02 -4.95874e-01 -3.76391e-01 -6.15357e-01 -4.55150e-01 -4.39777e-01 -4.70522e-01
1.31840e+05 3.29000e+02 -4.88758e-01 -3.77972e-01 -5.99544e-01 -4.54353e-01 -4.39657e-01 -4.69050e-01
1.32160e+05 3.30000e+02 -4.06113e-01 -3.15670e-01 -4.96555e-01 -4.53514e-01 -4.39452e-01 -4.67577e-01
1.32480e+05 3.31000e+02 -4.23934e-01 -3.34753e-01 -5.13115e-01 -4.52656e-01 -4.39153e-01 -4.66159e-01
1.32800e+05 3.32000e+02 -3.80896e-01 -3.56545e-01 -4.05247e-01 -4.51808e-01 -4.38752e-01 -4.64863e-01
1.33120e+05 3.32000e+02 -3.80896e-01 -3.56545e-01 -4.05247e-01 -4.51005e-01 -4.38253e-01 -4.63758e-01
1.33440e+05 3.33000e+02 -4.45125e-01 -3.18817e-01 -5.71434e-01 -4.50286e-01 -4.37665e-01 -4.62907e-01
1.33760e+05 3.34000e+02 -4.38414e-01 -3.91831e-01 -4.84998e-01 -4.49687e-01 -4.37012e-01 -4.62362e-01
1.34080e+05 3.35000e+02 -4.22624e-01 -3.79491e-01 -4.65756e-01 -4.49243e-01 -4.36328e-01 -4.62157e-01
1.34400e+05 3.36000e+02 -4.91067e-01 -4.11967e-01 -5.70168e-01 -4.48979e-01 -4.35650e-01 -4.62307e-01
1.34720e+05 3.36000e+02 -4.91067e-01 -4.11967e-01 -5.70168e-01 -4.48911e-01 -4.35014e-01 -4.62808e-01
1.35040e+05 3.37000e+02 -4.25278e-01 -3.36979e-01 -5.13578e-01 -4.49042e-01 -4.34447e-01 -4.63637e-01
1.35360e+05 3.38000e+02 -4.73160e-01 -3.39849e-01 -6.06471e-01 -4.49361e-01 -4.33966e-01 -4.64756e-01
1.35680e+05 3.39000e+02 -5.01898e-01 -4.31976e-01 -5.71819e-01 -4.49843e-01 -4.33572e-01 -4.66113e-01
1.36000e+05 3.40000e+02 -4.58670e-01 -4.05174e-01 -5.12165e-01 -4.50451e-01 -4.33258e-01 -4.67643e-01
1.36320e+05 3.40000e+02 -4.58670e-01 -4.05174e-01 -5.12165e-01 -4.51141e-01 -4.33005e-01 -4.69277e-01
1.36640e+05 3.41000e+02 -5.36696e-01 -4.46464e-01 -6.26928e-01 -4.51865e-01 -4.32790e-01 -4.70941e-01
1.36960e+05 3.42000e+02 -4.28035e-01 -3.49282e-01 -5.06787e-01 -4.52575e-01 -4.32583e-01 -4.72567e-01
1.37280e+05 3.43000e+02 -4.38529e-01 -3.62916e-01 -5.14141e-01 -4.53227e-01 -4.32356e-01 -4.74097e-01
1.37600e+05 3.44000e+02 -5.09770e-01 -3.85869e-01 -6.33670e-01 -4.53786e-01 -4.32087e-01 -4.75485e-01
1.37920e+05 3.44000e+02 -5.09770e-01 -3.85869e-01 -6.33670e-01 -4.54228e-01 -4.31753e-01 -4.76702e-01
1.38240e+05 3.45000e+02 -4.33827e-01 -3.23879e-01 -5.43775e-01 -4.54541e-01 -4.31347e-01 -4.77735e-01
1.38560e+05 3.46000e+02 -4.51485e-01 -3.66560e-01 -5.36411e-01 -4.54727e-01 -4.30865e-01 -4.78588e-01
1.38880e+05 3.47000e+02 -3.78850e-01 -3.12950e-01 -4.44749e-01 -4.54798e-01 -4.30315e-01 -4.79281e-01
1.39200e+05 3.48000e+02 -4.38528e-01 -3.43258e-01 -5.33799e-01 -4.54777e-01 -4.29713e-01 -4.79840e-01
1.39520e+05 3.48000e+02 -4.38528e-01 -3.43258e-01 -5.33799e-01 -4.54692e-01 -4.29082e-01 -4.80302e-01
1.39840e+05 3.49000e+02 -5.07940e-01 -3.76499e-01 -6.39381e-01 -4.54576e-01 -4.28451e-01 -4.80701e-01
1.40160e+05 3.50000e+02 -5.22727e-01 -3.65224e-01 -6.80230e-01 -4.54461e-01 -4.27853e-01 -4.81070e-01
1.40480e+05 3.51000e+02 -5.59214e-01 -5.10171e-01 -6.08257e-01 -4.54376e-01 -4.27323e-01 -4.81428e-01
1.40800e+05 3.52000e+02 -4.49139e-01 -3.64240e-01 -5.34037e-01 -4.54341e-01 -4.26895e-01 -4.81788e-01
1.41120e+05 3.52000e+02 -4.49139e-01 -3.64240e-01 -5.34037e-01 -4.54372e-01 -4.26600e-01 -4.82144e-01
1.41440e+05 3.53000e+02 -4.32968e-01 -4.01146e-01 -4.64791e-01 -4.54472e-01 -4.26462e-01 -4.82482e-01
1.41760e+05 3.54000e+02 -4.29814e-01 -3.39098e-01 -5.20531e-01 -4.54639e-01 -4.26501e-01 -4.82777e-01
1.42080e+05 3.55000e+02 -4.04669e-01 -3.09175e-01 -5.00162e-01 -4.54862e-01 -4.26726e-01 -4.82998e-01
1.42400e+05 3.56000e+02 -4.25229e-01 -3.70872e-01 -4.79585e-01 -4.55131e-01 -4.27145e-01 -4.83117e-01
1.42720e+05 3.56000e+02 -4.25229e-01 -3.70872e-01 -4.79585e-01 -4.55435e-01 -4.27757e-01 -4.83112e-01
1.43040e+05 3.57000e+02 -4.43402e-01 -3.57929e-01 -5.28875e-01 -4.55765e-01 -4.28558e-01 -4.82971e-01
1.43360e+05 3.58000e+02 -5.34299e-01 -4.36335e-01 -6.32263e-01 -4.56118e-01 -4.29537e-01 -4.82699e-01
1.43680e+05 3.59000e+02 -4.71894e-01 -3.33992e-01 -6.09796e-01 -4.56495e-01 -4.30675e-01 -4.82316e-01
1.44000e+05 3.60000e+02 -4.63478e-01 -3.61010e-01 -5.65946e-01 -4.56897e-01 -4.31936e-01 -4.81858e-01
1.44320e+05 3.60000e+02 -4.63478e-01 -3.61010e-01 -5.65946e-01 -4.57325e-01 -4.33273e-01 -4.81376e-01
1.44640e+05 3.61000e+02 -4.40717e-01 -3.53791e-01 -5.27643e-01 -4.57776e-01 -4.34621e-01 -4.80931e-01
1.44960e+05 3.62000e+02 -4.46469e-01 -3.82649e-01 -5.10289e-01 -4.58242e-01 -4.35898e-01 -4.80585e-01
1.45280e+05 3.63000e+02 -4.39190e-01 -3.85390e-01 -4.92990e-01 -4.58712e-01 -4.37020e-01 -4.80403e-01
1.45600e+05 3.64000e+02 -4.29680e-01 -3.12458e-01 -5.46902e-01 -4.59171e-01 -4.37906e-01 -4.80436e-01
1.45920e+05 3.64000e+02 -4.29680e-01 -3.12458e-01 -5.46902e-01 -4.59604e-01 -4.38493e-01 -4.80715e-01
1.46240e+05 3.65000e+02 -3.92021e-01 -3.01907e-01 -4.82134e-01 -4.59997e-01 -4.38746e-01 -4.81248e-01
1.46560e+05 3.66000e+02 -4.57258e-01 -3.30065e-01 -5.84451e-01 -4.60338e-01 -4.38662e-01 -4.82013e-01
1.46880e+05 3.67000e+02 -4.85288e-01 -4.03677e-01 -5.66898e-01 -4.60618e-01 -4.38270e-01 -4.82966e-01
1.47200e+05 3.68000e+02 -5.01575e-01 -3.76138e-01 -6.27012e-01 -4.60834e-01 -4.37620e-01 -4.84048e-01
1.47520e+05 3.68000e+02 -5.01575e-01 -3.76138e-01 -6.27012e-01 -4.60984e-01 -4.36771e-01 -4.85198e-01
1.47840e+05 3.69000e+02 -5.32977e-01 -4.21766e-01 -6.44188e-01 -4.61069e-01 -4.35780e-01 -4.86358e-01
1.48160e+05 3.70000e+02 -4.51500e-01 -4.04788e-01 -4.98212e-01 -4.61089e-01 -4.34700e-01 -4.87478e-01
1.48480e+05 3.71000e+02 -3.87511e-01 -3.08792e-01 -4.66230e-01 -4.61043e-01 -4.33565e-01 -4.88521e-01
1.48800e+05 3.72000e+02 -4.85354e-01 -4.13065e-01 -5.57642e-01 -4.60930e-01 -4.32398e-01 -4.89462e-01
1.49120e+05 3.72000e+02 -4.85354e-01 -4.13065e-01 -5.57642e-01 -4.60750e-01 -4.31208e-01 -4.90291e-01
1.49440e+05 3.73000e+02 -4.17007e-01 -2.88967e-01 -5.45047e-01 -4.60501e-01 -4.29996e-01 -4.91007e-01
1.49760e+05 3.74000e+02 -4.93219e-01 -3.55876e-01 -6.30563e-01 -4.60190e-01 -4.28760e-01 -4.91621e-01
1.50080e+05 3.75000e+02 -3.78358e-01 -3.39617e-01 -4.17098e-01 -4.59823e-01 -4.27502e-01 -4.92145e-01
1.50400e+05 3.76000e+02 -5.08970e-01 -3.28042e-01 -6.89898e-01 -4.59415e-01 -4.26231e-01 -4.92600e-01
1.50720e+05 3.76000e+02 -5.08970e-01 -3.28042e-01 -6.89898e-01 -4.58983e-01 -4.24967e-01 -4.92999e-01
1.51040e+05 3.77000e+02 -4.98129e-01 -4.58949e-01 -5.37310e-01 -4.58545e-01 -4.23735e-01 -4.93355e-01
1.51360e+05 3.78000e+02 -5.51237e-01 -4.55415e-01 -6.47059e-01 -4.58121e-01 -4.22569e-01 -4.93674e-01
1.51680e+05 3.79000e+02 -4.75779e-01 -4.23270e-01 -5.28288e-01 -4.57729e-01 -4.21503e-01 -4.93955e-01
1.52000e+05 3.80000e+02 -4.46399e-01 -3.04053e-01 -5.88745e-01 -4.57380e-01 -4.20571e-01 -4.94189e-01
1.52320e+05 3.80000e+02 -4.46399e-01 -3.04053e-01 -5.88745e-01 -4.57083e-01 -4.19805e-01 -4.94362e-01
1.52640e+05 3.81000e+02 -4.16242e-01 -3.33934e-01 -4.98550e-01 -4.56843e-01 -4.19231e-01 -4.94454e-01
1.52960e+05 3.82000e+02 -4.27411e-01 -3.02326e-01 -5.52497e-01 -4.56657e-01 -4.18869e-01 -4.94445e-01
1.53280e+05 3.83000e+02 -4.78716e-01 -3.06841e-01 -6.50591e-01 -4.56526e-01 -4.18733e-01 -4.94319e-01
1.53600e+05 3.84000e+02 -4.31772e-01 -3.37321e-01 -5.26224e-01 -4.56449e-01 -4.18830e-01 -4.94068e-01
1.53920e+05 3.84000e+02 -4.31772e-01 -3.37321e-01 -5.26224e-01 -4.56427e-01 -4.19153e-01 -4.93700e-01
1.54240e+05 3.85000e+02 -5.58620e-01 -3.91772e-01 -7.25468e-01 -4.56462e-01 -4.19682e-01 -4.93243e-01
1.54560e+05 3.86000e+02 -4.64539e-01 -3.21961e-01 -6.07118e-01 -4.56562e-01 -4.20381e-01 -4.92744e-01
1.54880e+05 3.87000e+02 -5.14788e-01 -4.20570e-01 -6.09006e-01 -4.56730e-01 -4.21190e-01 -4.92269e-01
1.55200e+05 3.88000e+02 -3.93713e-01 -3.30761e-01 -4.56665e-01 -4.56968e-01 -4.22034e-01 -4.91901e-01
1.55520e+05 3.88000e+02 -3.93713e-01 -3.30761e-01 -4.56665e-01 -4.57275e-01 -4.22825e-01 -4.91725e-01
1.55840e+05 3.89000e+02 -5.20875e-01 -3.28239e-01 -7.13511e-01 -4.57645e-01 -4.23470e-01 -4.91821e-01
1.56160e+05 3.90000e+02 -4.82816e-01 -3.75913e-01 -5.89719e-01 -4.58071e-01 -4.23893e-01 -4.92248e-01
1.56480e+05 3.91000e+02 -5.20854e-01 -4.26905e-01 -6.14802e-01 -4.58539e-01 -4.24042e-01 -4.93036e-01
1.56800e+05 3.92000e+02 -4.58729e-01 -3.89700e-01 -5.27758e-01 -4.59039e-01 -4.23901e-01 -4.94177e-01
1.57120e+05 3.92000e+02 -4.58729e-01 -3.89700e-01 -5.27758e-01 -4.59561e-01 -4.23493e-01 -4.95629e-01
1.57440e+05 3.93000e+02 -4.51111e-01 -3.76353e-01 -5.25870e-01 -4.60096e-01 -4.22868e-01 -4.97323e-01
1.57760e+05 3.94000e+02 -4.98309e-01 -3.63039e-01 -6.33578e-01 -4.60638e-01 -4.22095e-01 -4.99180e-01
1.58080e+05 3.95000e+02 -4.31549e-01 -3.12490e-01 -5.50608e-01 -4.61185e-01 -4.21249e-01 -5.01120e-01
1.58400e+05 3.96000e+02 -4.29249e-01 -4.12869e-01 -4.45629e-01 -4.61737e-01 -4.20398e-01 -5.03075e-01
1.58720e+05 3.96000e+02 -4.29249e-01 -4.12869e-01 -4.45629e-01 -4.62296e-01 -4.19600e-01 -5.04991e-01
1.59040e+05 3.97000e+02 -4.98547e-01 -3.77158e-01 -6.19937e-01 -4.62866e-01 -4.18895e-01 -5.06837e-01
1.59360e+05 3.98000e+02 -4.65975e-01 -3.45591e-01 -5.86359e-01 -4.63454e-01 -4.18312e-01 -5.08595e-01
1.59680e+05 3.99000e+02 -4.86102e-01 -4.56736e-01 -5.15468e-01 -4.64062e-01 -4.17864e-01 -5.10260e-01
1.60000e+05 4.00000e+02 -4.76098e-01 -3.34493e-01 -6.17703e-01 -4.64694e-01 -4.17558e-01 -5.11830e-01
1.60320e+05 4.00000e+02 -4.76098e-01 -3.34493e-01 -6.17703e-01 -4.65350e-01 -4.17395e-01 -5.13305e-01
1.60640e+05 4.01000e+02 -4.67612e-01 -4.22791e-01 -5.12433e-01 -4.66025e-01 -4.17371e-01 -5.14679e-01
1.60960e+05 4.02000e+02 -4.99157e-01 -3.59219e-01 -6.39094e-01 -4.66712e-01 -4.17484e-01 -5.15941e-01
1.61280e+05 4.03000e+02 -4.78690e-01 -3.58132e-01 -5.99248e-01 -4.67400e-01 -4.17728e-01 -5.17073e-01
1.61600e+05 4.04000e+02 -4.84896e-01 -3.93163e-01 -5.76629e-01 -4.68076e-01 -4.18095e-01 -5.18056e-01
1.61920e+05 4.04000e+02 -4.84896e-01 -3.93163e-01 -5.76629e-01 -4.68724e-01 -4.18576e-01 -5.18871e-01
1.62240e+05 4.05000e+02 -4.56710e-01 -3.96875e-01 -5.16544e-01 -4.69331e-01 -4.19160e-01 -5.19502e-01
1.62560e+05 4.06000e+02 -3.88871e-01 -3.24546e-01 -4.53196e-01 -4.69886e-01 -4.19830e-01 -5.19941e-01
1.62880e+05 4.07000e+02 -4.52674e-01 -3.75647e-01 -5.29701e-01 -4.70380e-01 -4.20574e-01 -5.20185e-01
1.63200e+05 4.08000e+02 -4.18762e-01 -3.62298e-01 -4.75226e-01 -4.70809e-01 -4.21377e-01 -5.20240e-01
1.63520e+05 4.08000e+02 -4.18762e-01 -3.62298e-01 -4.75226e-01 -4.71173e-01 -4.22229e-01 -5.20117e-01
1.63840e+05 4.09000e+02 -3.85554e-01 -2.79351e-01 -4.91757e-01 -4.71476e-01 -4.23120e-01 -5.19832e-01
1.64160e+05 4.10000e+02 -3.80742e-01 -3.21880e-01 -4.39604e-01 -4.71723e-01 -4.24042e-01 -5.19405e-01
1.64480e+05 4.11000e+02 -5.25699e-01 -3.88454e-01 -6.62944e-01 -4.71924e-01 -4.24991e-01 -5.18857e-01
1.64800e+05 4.12000e+02 -6.24650e-01 -5.10716e-01 -7.38584e-01 -4.72084e-01 -4.25960e-01 -5.18207e-01
1.65120e+05 4.12000e+02 -6.24650e-01 -5.10716e-01 -7.38584e-01 -4.72205e-01 -4.26941e-01 -5.17470e-01
1.65440e+05 4.13000e+02 -4.76694e-01 -4.09342e-01 -5.44045e-01 -4.72287e-01 -4.27920e-01 -5.16654e-01
1.65760e+05 4.14000e+02 -4.35770e-01 -3.92050e-01 -4.79491e-01 -4.72320e-01 -4.28882e-01 -5.15759e-01
1.66080e+05 4.15000e+02 -5.01859e-01 -4.19290e-01 -5.84427e-01 -4.72292e-01 -4.29807e-01 -5.14777e-01
1.66400e+05 4.16000e+02 -4.41853e-01 -3.84104e-01 -4.99603e-01 -4.72184e-01 -4.30676e-01 -5.13692e-01
1.66720e+05 4.16000e+02 -4.41853e-01 -3.84104e-01 -4.99603e-01 -4.71976e-01 -4.31471e-01 -5.12480e-01
1.67040e+05 4.17000e+02 -3.98226e-01 -3.22392e-01 -4.74060e-01 -4.71652e-01 -4.32187e-01 -5.11117e-01
1.67360e+05 4.18000e+02 -4.08114e-01 -3.31889e-01 -4.84339e-01 -4.71204e-01 -4.32826e-01 -5.09581e-01
1.67680e+05 4.19000e+02 -4.33514e-01 -3.71873e-01 -4.95156e-01 -4.70632e-01 -4.33402e-01 -5.07862e-01
1.68000e+05 4.20000e+02 -3.87725e-01 -2.90735e-01 -4.84716e-01 -4.69951e-01 -4.33943e-01 -5.05959e-01
1.68320e+05 4.20000e+02 -3.87725e-01 -2.90735e-01 -4.84716e-01 -4.69184e-01 -4.34478e-01 -5.03891e-01
1.68640e+05 4.21000e+02 -4.09040e-01 -3.43951e-01 -4.74128e-01 -4.68363e-01 -4.35039e-01 -5.01687e-01
1.68960e+05 4.22000e+02 -4.45976e-01 -3.83799e-01 -5.08154e-01 -4.67522e-01 -4.35650e-01 -4.99394e-01
1.69280e+05 4.23000e+02 -4.76934e-01 -3.07931e-01 -6.45937e-01 -4.66696e-01 -4.36324e-01 -4.97067e-01
1.69600e+05 4.24000e+02 -4.15720e-01 -3.30247e-01 -5.01193e-01 -4.65911e-01 -4.37058e-01 -4.94764e-01
1.69920e+05 4.24000e+02 -4.15720e-01 -3.30247e-01 -5.01193e-01 -4.65187e-01 -4.37832e-01 -4.92543e-01
1.70240e+05 4.25000e+02 -4.47006e-01 -3.56176e-01 -5.37836e-01 -4.64530e-01 -4.38607e-01 -4.90453e-01
1.70560e+05 4.26000e+02 -4.69103e-01 -3.81953e-01 -5.56254e-01 -4.63933e-01 -4.39337e-01 -4.88529e-01
1.70880e+05 4.27000e+02 -4.84095e-01 -3.39137e-01 -6.29054e-01 -4.63380e-01 -4.39972e-01 -4.86789e-01
1.71200e+05 4.28000e+02 -4.41858e-01 -3.00567e-01 -5.83149e-01 -4.62847e-01 -4.40463e-01 -4.85231e-01
1.71520e+05 4.28000e+02 -4.41858e-01 -3.00567e-01 -5.83149e-01 -4.62303e-01 -4.40776e-01 -4.83830e-01
1.71840e+05 4.29000e+02 -4.62102e-01 -3.74205e-01 -5.49999e-01 -4.61720e-01 -4.40890e-01 -4.82550e-01
1.72160e+05 4.30000e+02 -5.14875e-01 -3.68229e-01 -6.61522e-01 -4.61071e-01 -4.40800e-01 -4.81343e-01
1.72480e+05 4.31000e+02 -4.38271e-01 -3.83546e-01 -4.92997e-01 -4.60337e-01 -4.40517e-01 -4.80158e-01
1.72800e+05 4.32000e+02 -4.32774e-01 -3.60367e-01 -5.05181e-01 -4.59507e-01 -4.40061e-01 -4.78954e-01
1.73120e+05 4.32000e+02 -4.32774e-01 -3.60367e-01 -5.05181e-01 -4.58580e-01 -4.39456e-01 -4.77705e-01
1.73440e+05 4.33000e+02 -4.57962e-01 -3.69918e-01 -5.46005e-01 -4.57566e-01 -4.38727e-01 -4.76406e-01
1.73760e+05 4.34000e+02 -4.26735e-01 -3.82500e-01 -4.70969e-01 -4.56483e-01 -4.37893e-01 -4.75073e-01
1.74080e+05 4.35000e+02 -4.74107e-01 -3.59251e-01 -5.88962e-01 -4.55357e-01 -4.36964e-01 -4.73751e-01
1.74400e+05 4.36000e+02 -4.35710e-01 -3.19437e-01 -5.51983e-01 -4.54221e-01 -4.35935e-01 -4.72506e-01
1.74720e+05 4.36000e+02 -4.35710e-01 -3.19437e-01 -5.51983e-01 -4.53109e-01 -4.34794e-01 -4.71424e-01
1.75040e+05 4.37000e+02 -4.78016e-01 -4.04168e-01 -5.51864e-01 -4.52056e-01 -4.33514e-01 -4.70597e-01
1.75360e+05 4.38000e+02 -4.78698e-01 -3.80412e-01 -5.76984e-01 -4.51094e-01 -4.32073e-01 -4.70116e-01
1.75680e+05 4.39000e+02 -4.74317e-01 -3.46937e-01 -6.01698e-01 -4.50251e-01 -4.30456e-01 -4.70046e-01
1.76000e+05 4.40000e+02 -4.88151e-01 -2.91679e-01 -6.84623e-01 -4.49545e-01 -4.28672e-01 -4.70419e-01
1.76320e+05 4.40000e+02 -4.88151e-01 -2.91679e-01 -6.84623e-01 -4.48989e-01 -4.26753e-01 -4.71224e-01
1.76640e+05 4.41000e+02 -4.79322e-01 -3.40292e-01 -6.18351e-01 -4.48586e-01 -4.24752e-01 -4.72419e-01
1.76960e+05 4.42000e+02 -4.67060e-01 -3.65975e-01 -5.68146e-01 -4.48332e-01 -4.22733e-01 -4.73931e-01
1.77280e+05 4.43000e+02 -4.67954e-01 -3.59952e-01 -5.75956e-01 -4.48219e-01 -4.20761e-01 -4.75677e-01
1.77600e+05 4.44000e+02 -4.46012e-01 -3.93183e-01 -4.98840e-01 -4.48233e-01 -4.18896e-01 -4.77570e-01
1.77920e+05 4.44000e+02 -4.46012e-01 -3.93183e-01 -4.98840e-01 -4.48361e-01 -4.17191e-01 -4.79531e-01
1.78240e+05 4.45000e+02 -4.49193e-01 -3.35225e-01 -5.63162e-01 -4.48589e-01 -4.15688e-01 -4.81489e-01
1.78560e+05 4.46000e+02 -4.84869e-01 -3.94380e-01 -5.75358e-01 -4.48904e-01 -4.14419e-01 -4.83390e-01
1.78880e+05 4.47000e+02 -4.52292e-01 -3.40135e-01 -5.64448e-01 -4.49298e-01 -4.13407e-01 -4.85188e-01
1.79200e+05 4.48000e+02 -4.14248e-01 -3.62037e-01 -4.66459e-01 -4.49763e-01 -4.12670e-01 -4.86855e-01
1.79520e+05 4.48000e+02 -4.14248e-01 -3.62037e-01 -4.66459e-01 -4.50294e-01 -4.12214e-01 -4.88375e-01
1.79840e+05 4.49000e+02 -4.31078e-01 -3.84410e-01 -4.77747e-01 -4.50889e-01 -4.12037e-01 -4.89741e-01
1.80160e+05 4.50000e+02 -5.25472e-01 -3.89901e-01 -6.61042e-01 -4.51542e-01 -4.12129e-01 -4.90954e-01
1.80480e+05 4.51000e+02 -4.26721e-01 -2.81325e-01 -5.72117e-01 -4.52248e-01 -4.12472e-01 -4.92025e-01
1.80800e+05 4.52000e+02 -4.21257e-01 -2.99854e-01 -5.42660e-01 -4.53001e-01 -4.13039e-01 -4.92963e-01
1.81120e+05 4.52000e+02 -4.21257e-01 -2.99854e-01 -5.42660e-01 -4.53791e-01 -4.13800e-01 -4.93783e-01
1.81440e+05 4.53000e+02 -4.28314e-01 -3.32411e-01 -5.24218e-01 -4.54606e-01 -4.14718e-01 -4.94493e-01
1.81760e+05 4.54000e+02 -4.14449e-01 -3.25254e-01 -5.03644e-01 -4.55429e-01 -4.15752e-01 -4.95106e-01
1.82080e+05 4.55000e+02 -4.22510e-01 -3.61391e-01 -4.83628e-01 -4.56245e-01 -4.16859e-01 -4.95630e-01
1.82400e+05 4.56000e+02 -5.07722e-01 -3.68620e-01 -6.46825e-01 -4.57033e-01 -4.17992e-01 -4.96075e-01
1.82720e+05 4.56000e+02 -5.07722e-01 -3.68620e-01 -6.46825e-01 -4.57777e-01 -4.19109e-01 -4.96446e-01
1.83040e+05 4.57000e+02 -3.97615e-01 -3.22246e-01 -4.72984e-01 -4.58459e-01 -4.20166e-01 -4.96752e-01
1.83360e+05 4.58000e+02 -3.70466e-01 -3.11585e-01 -4.29347e-01 -4.59061e-01 -4.21128e-01 -4.96994e-01
1.83680e+05 4.59000e+02 -4.43164e-01 -3.40938e-01 -5.45390e-01 -4.59569e-01 -4.21969e-01 -4.97169e-01
1.84000e+05 4.60000e+02 -5.43680e-01 -4.27127e-01 -6.60233e-01 -4.59968e-01 -4.22669e-01 -4.97267e-01
1.84320e+05 4.60000e+02 -5.43680e-01 -4.27127e-01 -6.60233e-01 -4.60247e-01 -4.23225e-01 -4.97269e-01
1.84640e+05 4.61000e+02 -4.68014e-01 -3.75789e-01 -5.60239e-01 -4.60395e-01 -4.23637e-01 -4.97153e-01
1.84960e+05 4.62000e+02 -4.43446e-01 -3.36549e-01 -5.50344e-01 -4.60404e-01 -4.23914e-01 -4.96895e-01
1.85280e+05 4.63000e+02 -3.51961e-01 -3.09895e-01 -3.94027e-01 -4.60270e-01 -4.24066e-01 -4.96474e-01
1.85600e+05 4.64000e+02 -5.14455e-01 -3.81772e-01 -6.47138e-01 -4.59991e-01 -4.24103e-01 -4.95878e-01
1.85920e+05 4.64000e+02 -5.14455e-01 -3.81772e-01 -6.47138e-01 -4.59567e-01 -4.24031e-01 -4.95102e-01
1.86240e+05 4.65000e+02 -4.84903e-01 -4.02748e-01 -5.67058e-01 -4.59003e-01 -4.23853e-01 -4.94152e-01
1.86560e+05 4.66000e+02 -4.37276e-01 -3.89000e-01 -4.85552e-01 -4.58310e-01 -4.23574e-01 -4.93045e-01
1.86880e+05 4.67000e+02 -4.21416e-01 -3.37933e-01 -5.04899e-01 -4.57503e-01 -4.23201e-01 -4.91805e-01
1.87200e+05 4.68000e+02 -4.59409e-01 -3.63356e-01 -5.55462e-01 -4.56603e-01 -4.22744e-01 -4.90462e-01
1.87520e+05 4.68000e+02 -4.59409e-01 -3.63356e-01 -5.55462e-01 -4.55634e-01 -4.22226e-01 -4.89041e-01
1.87840e+05 4.69000e+02 -4.65451e-01 -3.43774e-01 -5.87128e-01 -4.54622e-01 -4.21673e-01 -4.87571e-01
1.88160e+05 4.70000e+02 -4.85693e-01 -4.28766e-01 -5.42621e-01 -4.53595e-01 -4.21122e-01 -4.86069e-01
1.88480e+05 4.71000e+02 -4.74634e-01 -3.79812e-01 -5.69457e-01 -4.52582e-01 -4.20613e-01 -4.84550e-01
1.88800e+05 4.72000e+02 -4.37393e-01 -3.64169e-01 -5.10617e-01 -4.51606e-01 -4.20191e-01 -4.83021e-01
1.89120e+05 4.72000e+02 -4.37393e-01 -3.64169e-01 -5.10617e-01 -4.50692e-01 -4.19902e-01 -4.81482e-01
1.89440e+05 4.73000e+02 -3.87156e-01 -3.36942e-01 -4.37370e-01 -4.49858e-01 -4.19788e-01 -4.79928e-01
1.89760e+05 4.74000e+02 -4.42652e-01 -3.67495e-01 -5.17809e-01 -4.49118e-01 -4.19885e-01 -4.78352e-01
1.90080e+05 4.75000e+02 -4.49906e-01 -4.10269e-01 -4.89542e-01 -4.48485e-01 -4.20226e-01 -4.76744e-01
1.90400e+05 4.76000e+02 -5.03035e-01 -4.00242e-01 -6.05828e-01 -4.47964e-01 -4.20833e-01 -4.75094e-01
1.90720e+05 4.76000e+02 -5.03035e-01 -4.00242e-01 -6.05828e-01 -4.47559e-01 -4.21723e-01 -4.73394e-01
1.91040e+05 4.77000e+02 -3.79881e-01 -3.23673e-01 -4.36090e-01 -4.47271e-01 -4.22900e-01 -4.71643e-01
1.91360e+05 4.78000e+02 -4.15508e-01 -3.14376e-01 -5.16641e-01 -4.47098e-01 -4.24354e-01 -4.69843e-01
1.91680e+05 4.79000e+02 -4.25576e-01 -3.70059e-01 -4.81093e-01 -4.47034e-01 -4.26061e-01 -4.68006e-01
1.92000e+05 4.80000e+02 -4.71639e-01 -3.92043e-01 -5.51236e-01 -4.47067e-01 -4.27983e-01 -4.66151e-01
1.92320e+05 4.80000e+02 -4.71639e-01 -3.92043e-01 -5.51236e-01 -4.47185e-01 -4.30062e-01 -4.64308e-01
1.92640e+05 4.81000e+02 -4.95507e-01 -4.44858e-01 -5.46156e-01 -4.47371e-01 -4.32227e-01 -4.62515e-01
1.92960e+05 4.82000e+02 -4.08375e-01 -3.71452e-01 -4.45298e-01 -4.47606e-01 -4.34390e-01 -4.60821e-01
1.93280e+05 4.83000e+02 -4.06462e-01 -3.77240e-01 -4.35685e-01 -4.47869e-01 -4.36450e-01 -4.59288e-01
1.93600e+05 4.84000e+02 -4.97421e-01 -3.66860e-01 -6.27981e-01 -4.48141e-01 -4.38287e-01 -4.57995e-01
1.93920e+05 4.84000e+02 -4.97421e-01 -3.66860e-01 -6.27981e-01 -4.48399e-01 -4.39765e-01 -4.57033e-01
1.94240e+05 4.85000e+02 -4.59227e-01 -3.83559e-01 -5.34895e-01 -4.48625e-01 -4.40753e-01 -4.56497e-01
1.94560e+05 4.86000e+02 -3.68580e-01 -3.30585e-01 -4.06575e-01 -4.48802e-01 -4.41167e-01 -4.56438e-01
1.94880e+05 4.87000e+02 -3.79539e-01 -2.99301e-01 -4.59778e-01 -4.48918e-01 -4.41023e-01 -4.56812e-01
1.95200e+05 4.88000e+02 -4.95129e-01 -3.08330e-01 -6.81928e-01 -4.48963e-01 -4.40426e-01 -4.57501e-01
1.95520e+05 4.88000e+02 -4.95129e-01 -3.08330e-01 -6.81928e-01 -4.48935e-01 -4.39506e-01 -4.58365e-01
1.95840e+05 4.89000e+02 -4.17405e-01 -3.29775e-01 -5.05036e-01 -4.48835e-01 -4.38373e-01 -4.59297e-01
1.96160e+05 4.90000e+02 -4.04606e-01 -3.68241e-01 -4.40971e-01 -4.48666e-01 -4.37105e-01 -4.60228e-01
1.96480e+05 4.91000e+02 -5.10166e-01 -3.85167e-01 -6.35164e-01 -4.48438e-01 -4.35763e-01 -4.61113e-01
1.96800e+05 4.92000e+02 -4.75845e-01 -4.24348e-01 -5.27342e-01 -4.48158e-01 -4.34392e-01 -4.61924e-01
1.97120e+05 4.92000e+02 -4.75845e-01 -4.24348e-01 -5.27342e-01 -4.47834e-01 -4.33027e-01 -4.62642e-01
1.97440e+05 4.93000e+02 -4.57125e-01 -4.08550e-01 -5.05701e-01 -4.47474e-01 -4.31696e-01 -4.63253e-01
1.97760e+05 4.94000e+02 -4.71082e-01 -3.70854e-01 -5.71310e-01 -4.47083e-01 -4.30418e-01 -4.63747e-01
1.98080e+05 4.95000e+02 -4.91737e-01 -4.09276e-01 -5.74198e-01 -4.46661e-01 -4.29204e-01 -4.64118e-01
1.98400e+05 4.96000e+02 -5.88756e-01 -4.91769e-01 -6.85744e-01 -4.46212e-01 -4.28059e-01 -4.64365e-01
1.98720e+05 4.96000e+02 -5.88756e-01 -4.91769e-01 -6.85744e-01 -4.45737e-01 -4.26984e-01 -4.64490e-01
1.99040e+05 4.97000e+02 -4.87690e-01 -3.56097e-01 -6.19282e-01 -4.45239e-01 -4.25978e-01 -4.64500e-01
1.99360e+05 4.98000e+02 -4.90869e-01 -4.12798e-01 -5.68940e-01 -4.44726e-01 -4.25045e-01 -4.64407e-01
1.99680e+05 4.99000e+02 -4.27505e-01 -3.77085e-01 -4.77925e-01 -4.44209e-01 -4.24189e-01 -4.64229e-01
