0.00000e+00 0.00000e+00 -1.30724e+01 -1.20699e+01 -1.40748e+01 -1.30724e+01 -1.20699e+01 -1.40748e+01
3.20000e+02 0.00000e+00 -1.30724e+01 -1.20699e+01 -1.40748e+01 -1.30724e+01 -1.20699e+01 -1.40748e+01
6.40000e+02 1.00000e+00 -1.23416e+01 -1.10233e+01 -1.36599e+01 -1.30724e+01 -1.20699e+01 -1.40748e+01
9.60000e+02 2.00000e+00 -1.40443e+01 -1.21580e+01 -1.59306e+01 -1.30724e+01 -1.20699e+01 -1.40748e+01
1.28000e+03 3.00000e+00 -1.11546e+01 -9.53084e+00 -1.27785e+01 -1.30724e+01 -1.20699e+01 -1.40748e+01
1.60000e+03 4.00000e+00 -1.33845e+01 -1.29873e+01 -1.37817e+01 -1.30724e+01 -1.20699e+01 -1.40748e+01
1.92000e+03 4.00000e+00 -1.33845e+01 -1.29873e+01 -1.37817e+01 -1.30723e+01 -1.20699e+01 -1.40748e+01
2.24000e+03 5.00000e+00 -1.34098e+01 -1.29069e+01 -1.39128e+01 -1.30724e+01 -1.20700e+01 -1.40747e+01
2.56000e+03 6.00000e+00 -1.40151e+01 -1.21574e+01 -1.58728e+01 -1.30723e+01 -1.20701e+01 -1.40746e+01
2.88000e+03 7.00000e+00 -1.19581e+01 -1.17734e+01 -1.21428e+01 -1.30723e+01 -1.20704e+01 -1.40741e+01
3.20000e+03 8.00000e+00 -1.30077e+01 -1.10465e+01 -1.49688e+01 -1.30720e+01 -1.20709e+01 -1.40731e+01
3.52000e+03 8.00000e+00 -1.30077e+01 -1.10465e+01 -1.49688e+01 -1.30717e+01 -1.20720e+01 -1.40714e+01
3.84000e+03 9.00000e+00 -1.35137e+01 -1.31679e+01 -1.38595e+01 -1.30712e+01 -1.20741e+01 -1.40683e+01
4.16000e+03 1.00000e+01 -1.28138e+01 -1.10280e+01 -1.45997e+01 -1.30703e+01 -1.20771e+01 -1.40634e+01
4.48000e+03 1.10000e+01 -1.18042e+01 -1.15134e+01 -1.20950e+01 -1.30690e+01 -1.20817e+01 -1.40563e+01
4.80000e+03 1.20000e+01 -1.10233e+01 -1.02230e+01 -1.18236e+01 -1.30672e+01 -1.20881e+01 -1.40463e+01
5.12000e+03 1.20000e+01 -1.10233e+01 -1.02230e+01 -1.18236e+01 -1.30649e+01 -1.20967e+01 -1.40331e+01
5.44000e+03 1.30000e+01 -1.30611e+01 -1.17096e+01 -1.44127e+01 -1.30621e+01 -1.21077e+01 -1.40164e+01
5.76000e+03 1.40000e+01 -1.19182e+01 -1.06355e+01 -1.32010e+01 -1.30588e+01 -1.21214e+01 -1.39961e+01
6.08000e+03 1.50000e+01 -1.11590e+01 -9.40957e+00 -1.29085e+01 -1.30551e+01 -1.21378e+01 -1.39723e+01
6.40000e+03 1.60000e+01 -1.15624e+01 -1.13625e+01 -1.17624e+01 -1.30510e+01 -1.21568e+01 -1.39452e+01
6.72000e+03 1.60000e+01 -1.15624e+01 -1.13625e+01 -1.17624e+01 -1.30466e+01 -1.21782e+01 -1.39149e+01
7.04000e+03 1.70000e+01 -1.54868e+01 -1.40988e+01 -1.68748e+01 -1.30419e+01 -1.22018e+01 -1.38819e+01
7.36000e+03 1.80000e+01 -1.16476e+01 -1.03566e+01 -1.29385e+01 -1.30368e+01 -1.22269e+01 -1.38467e+01
7.68000e+03 1.90000e+01 -1.09952e+01 -1.06255e+01 -1.13649e+01 -1.30311e+01 -1.22530e+01 -1.38092e+01
8.00000e+03 2.00000e+01 -1.23220e+01 -1.08347e+01 -1.38094e+01 -1.30246e+01 -1.22795e+01 -1.37697e+01
8.32000e+03 2.00000e+01 -1.23220e+01 -1.08347e+01 -1.38094e+01 -1.30168e+01 -1.23057e+01 -1.37279e+01
8.64000e+03 2.10000e+01 -1.27751e+01 -1.17620e+01 -1.37882e+01 -1.30074e+01 -1.23309e+01 -1.36839e+01
8.96000e+03 2.20000e+01 -1.27592e+01 -1.08266e+01 -1.46918e+01 -1.29960e+01 -1.23546e+01 -1.36374e+01
9.28000e+03 2.30000e+01 -1.19102e+01 -1.12123e+01 -1.26081e+01 -1.29822e+01 -1.23764e+01 -1.35880e+01
9.60000e+03 2.40000e+01 -1.29713e+01 -1.26618e+01 -1.32809e+01 -1.29658e+01 -1.23958e+01 -1.35358e+01
9.92000e+03 2.40000e+01 -1.29713e+01 -1.26618e+01 -1.32809e+01 -1.29466e+01 -1.24125e+01 -1.34808e+01
1.02400e+04 2.50000e+01 -1.22569e+01 -1.14875e+01 -1.30263e+01 -1.29247e+01 -1.24263e+01 -1.34231e+01
1.05600e+04 2.60000e+01 -1.19195e+01 -1.09251e+01 -1.29138e+01 -1.29001e+01 -1.24369e+01 -1.33633e+01
1.08800e+04 2.70000e+01 -1.12033e+01 -1.02984e+01 -1.21081e+01 -1.28731e+01 -1.24438e+01 -1.33025e+01
1.12000e+04 2.80000e+01 -1.29388e+01 -1.17642e+01 -1.41134e+01 -1.28442e+01 -1.24467e+01 -1.32416e+01
1.15200e+04 2.80000e+01 -1.29388e+01 -1.17642e+01 -1.41134e+01 -1.28136e+01 -1.24449e+01 -1.31822e+01
1.18400e+04 2.90000e+01 -1.16522e+01 -1.13166e+01 -1.19879e+01 -1.27818e+01 -1.24376e+01 -1.31261e+01
1.21600e+04 3.00000e+01 -1.11699e+01 -1.02390e+01 -1.21007e+01 -1.27495e+01 -1.24243e+01 -1.30747e+01
1.24800e+04 3.10000e+01 -1.13254e+01 -1.04209e+01 -1.22298e+01 -1.27171e+01 -1.24045e+01 -1.30296e+01
1.28000e+04 3.20000e+01 -1.17664e+01 -1.03701e+01 -1.31626e+01 -1.26849e+01 -1.23782e+01 -1.29917e+01
1.31200e+04 3.20000e+01 -1.17664e+01 -1.03701e+01 -1.31626e+01 -1.26536e+01 -1.23462e+01 -1.29610e+01
1.34400e+04 3.30000e+01 -1.22620e+01 -1.03124e+01 -1.42116e+01 -1.26233e+01 -1.23095e+01 -1.29370e+01
1.37600e+04 3.40000e+01 -1.12893e+01 -1.04916e+01 -1.20870e+01 -1.25943e+01 -1.22697e+01 -1.29189e+01
1.40800e+04 3.50000e+01 -1.28674e+01 -1.12919e+01 -1.44429e+01 -1.25666e+01 -1.22281e+01 -1.29051e+01
1.44000e+04 3.60000e+01 -1.31137e+01 -1.16891e+01 -1.45382e+01 -1.25404e+01 -1.21864e+01 -1.28944e+01
1.47200e+04 3.60000e+01 -1.31137e+01 -1.16891e+01 -1.45382e+01 -1.25153e+01 -1.21452e+01 -1.28853e+01
1.50400e+04 3.70000e+01 -1.10663e+01 -1.00032e+01 -1.21295e+01 -1.24911e+01 -1.21055e+01 -1.28767e+01
1.53600e+04 3.80000e+01 -1.21435e+01 -1.07988e+01 -1.34882e+01 -1.24676e+01 -1.20677e+01 -1.28675e+01
1.56800e+04 3.90000e+01 -1.22360e+01 -1.02905e+01 -1.41815e+01 -1.24444e+01 -1.20318e+01 -1.28569e+01
1.60000e+04 4.00000e+01 -9.74538e+00 -8.08573e+00 -1.14050e+01 -1.24212e+01 -1.19978e+01 -1.28445e+01
1.63200e+04 4.00000e+01 -9.74538e+00 -8.08573e+00 -1.14050e+01 -1.23976e+01 -1.19653e+01 -1.28298e+01
1.66400e+04 4.10000e+01 -1.26088e+01 -1.22168e+01 -1.30009e+01 -1.23735e+01 -1.19340e+01 -1.28129e+01
1.69600e+04 4.20000e+01 -1.30255e+01 -1.18398e+01 -1.42113e+01 -1.23488e+01 -1.19034e+01 -1.27942e+01
1.72800e+04 4.30000e+01 -1.18693e+01 -1.01194e+01 -1.36193e+01 -1.23236e+01 -1.18730e+01 -1.27742e+01
1.76000e+04 4.40000e+01 -1.03087e+01 -8.24895e+00 -1.23684e+01 -1.22980e+01 -1.18426e+01 -1.27534e+01
1.79200e+04 4.40000e+01 -1.03087e+01 -8.24895e+00 -1.23684e+01 -1.22723e+01 -1.18121e+01 -1.27325e+01
1.82400e+04 4.50000e+01 -1.15880e+01 -1.02955e+01 -1.28805e+01 -1.22467e+01 -1.17813e+01 -1.27120e+01
1.85600e+04 4.60000e+01 -1.26579e+01 -1.07084e+01 -1.46073e+01 -1.22215e+01 -1.17503e+01 -1.26927e+01
1.88800e+04 4.70000e+01 -1.15575e+01 -1.14047e+01 -1.17102e+01 -1.21970e+01 -1.17192e+01 -1.26748e+01
1.92000e+04 4.80000e+01 -1.20735e+01 -1.17986e+01 -1.23484e+01 -1.21732e+01 -1.16881e+01 -1.26584e+01
1.95200e+04 4.80000e+01 -1.20735e+01 -1.17986e+01 -1.23484e+01 -1.21504e+01 -1.16570e+01 -1.26438e+01
1.98400e+04 4.90000e+01 -1.14506e+01 -9.99098e+00 -1.29103e+01 -1.21287e+01 -1.16264e+01 -1.26310e+01
2.01600e+04 5.00000e+01 -9.14996e+00 -9.04919e+00 -9.25074e+00 -1.21081e+01 -1.15961e+01 -1.26201e+01
2.04800e+04 5.10000e+01 -1.12038e+01 -1.00636e+01 -1.23441e+01 -1.20885e+01 -1.15659e+01 -1.26111e+01
2.08000e+04 5.20000e+01 -1.09340e+01 -9.42495e+00 -1.24431e+01 -1.20699e+01 -1.15357e+01 -1.26041e+01
2.11200e+04 5.20000e+01 -1.09340e+01 -9.42495e+00 -1.24431e+01 -1.20522e+01 -1.15052e+01 -1.25991e+01
2.14400e+04 5.30000e+01 -1.03765e+01 -9.10584e+00 -1.16472e+01 -1.20352e+01 -1.14742e+01 -1.25963e+01
2.17600e+04 5.40000e+01 -1.18845e+01 -1.01754e+01 -1.35937e+01 -1.20189e+01 -1.14425e+01 -1.25953e+01
2.20800e+04 5.50000e+01 -1.09324e+01 -9.73670e+00 -1.21282e+01 -1.20031e+01 -1.14101e+01 -1.25962e+01
2.24000e+04 5.60000e+01 -1.12003e+01 -9.41119e+00 -1.29895e+01 -1.19877e+01 -1.13770e+01 -1.25983e+01
2.27200e+04 5.60000e+01 -1.12003e+01 -9.41119e+00 -1.29895e+01 -1.19722e+01 -1.13435e+01 -1.26009e+01
2.30400e+04 5.70000e+01 -1.21143e+01 -1.08328e+01 -1.33959e+01 -1.19566e+01 -1.13101e+01 -1.26031e+01
2.33600e+04 5.80000e+01 -1.15885e+01 -1.05315e+01 -1.26455e+01 -1.19403e+01 -1.12771e+01 -1.26036e+01
2.36800e+04 5.90000e+01 -9.93268e+00 -9.38771e+00 -1.04777e+01 -1.19230e+01 -1.12447e+01 -1.26014e+01
2.40000e+04 6.00000e+01 -1.07577e+01 -9.64850e+00 -1.18668e+01 -1.19043e+01 -1.12134e+01 -1.25951e+01
2.43200e+04 6.00000e+01 -1.07577e+01 -9.64850e+00 -1.18668e+01 -1.18837e+01 -1.11832e+01 -1.25841e+01
2.46400e+04 6.10000e+01 -9.11268e+00 -8.71000e+00 -9.51537e+00 -1.18609e+01 -1.11541e+01 -1.25677e+01
2.49600e+04 6.20000e+01 -9.40927e+00 -8.90135e+00 -9.91719e+00 -1.18358e+01 -1.11260e+01 -1.25455e+01
2.52800e+04 6.30000e+01 -7.90796e+00 -6.83278e+00 -8.98313e+00 -1.18083e+01 -1.10989e+01 -1.25176e+01
2.56000e+04 6.40000e+01 -9.74105e+00 -8.56027e+00 -1.09218e+01 -1.17785e+01 -1.10725e+01 -1.24844e+01
2.59200e+04 6.40000e+01 -9.74105e+00 -8.56027e+00 -1.09218e+01 -1.17467e+01 -1.10468e+01 -1.24466e+01
2.62400e+04 6.50000e+01 -9.08032e+00 -8.03937e+00 -1.01213e+01 -1.17132e+01 -1.10216e+01 -1.24047e+01
2.65600e+04 6.60000e+01 -1.05298e+01 -9.18350e+00 -1.18760e+01 -1.16783e+01 -1.09970e+01 -1.23595e+01
2.68800e+04 6.70000e+01 -9.89023e+00 -8.51464e+00 -1.12658e+01 -1.16423e+01 -1.09726e+01 -1.23119e+01
2.72000e+04 6.80000e+01 -1.00499e+01 -9.62277e+00 -1.04770e+01 -1.16054e+01 -1.09483e+01 -1.22625e+01
2.75200e+04 6.80000e+01 -1.00499e+01 -9.62277e+00 -1.04770e+01 -1.15676e+01 -1.09236e+01 -1.22116e+01
2.78400e+04 6.90000e+01 -9.96428e+00 -9.60348e+00 -1.03251e+01 -1.15286e+01 -1.08979e+01 -1.21594e+01
2.81600e+04 7.00000e+01 -1.12728e+01 -9.42409e+00 -1.31215e+01 -1.14881e+01 -1.08703e+01 -1.21059e+01
2.84800e+04 7.10000e+01 -1.06376e+01 -8.57665e+00 -1.26986e+01 -1.14454e+01 -1.08400e+01 -1.20508e+01
2.88000e+04 7.20000e+01 -9.06685e+00 -8.93445e+00 -9.19925e+00 -1.14000e+01 -1.08062e+01 -1.19939e+01
2.91200e+04 7.20000e+01 -9.06685e+00 -8.93445e+00 -9.19925e+00 -1.13513e+01 -1.07681e+01 -1.19346e+01
2.94400e+04 7.30000e+01 -9.21023e+00 -8.95609e+00 -9.46437e+00 -1.12988e+01 -1.07252e+01 -1.18724e+01
2.97600e+04 7.40000e+01 -9.78789e+00 -8.61580e+00 -1.09600e+01 -1.12422e+01 -1.06770e+01 -1.18073e+01
3.00800e+04 7.50000e+01 -1.06567e+01 -9.28062e+00 -1.20327e+01 -1.11814e+01 -1.06238e+01 -1.17390e+01
3.04000e+04 7.60000e+01 -9.35529e+00 -8.52656e+00 -1.01840e+01 -1.11168e+01 -1.05657e+01 -1.16679e+01
3.07200e+04 7.60000e+01 -9.35529e+00 -8.52656e+00 -1.01840e+01 -1.10489e+01 -1.05035e+01 -1.15943e+01
3.10400e+04 7.70000e+01 -9.46532e+00 -9.17357e+00 -9.75707e+00 -1.09783e+01 -1.04379e+01 -1.15187e+01
3.13600e+04 7.80000e+01 -8.95475e+00 -7.52616e+00 -1.03833e+01 -1.09061e+01 -1.03702e+01 -1.14420e+01
3.16800e+04 7.90000e+01 -8.43976e+00 -7.59120e+00 -9.28831e+00 -1.08333e+01 -1.03015e+01 -1.13651e+01
3.20000e+04 8.00000e+01 -9.64324e+00 -8.64362e+00 -1.06429e+01 -1.07609e+01 -1.02328e+01 -1.12889e+01
3.23200e+04 8.00000e+01 -9.64324e+00 -8.64362e+00 -1.06429e+01 -1.06898e+01 -1.01653e+01 -1.12143e+01
3.26400e+04 8.10000e+01 -9.10352e+00 -9.04198e+00 -9.16507e+00 -1.06210e+01 -1.00999e+01 -1.11421e+01
3.29600e+04 8.20000e+01 -9.23885e+00 -8.18341e+00 -1.02943e+01 -1.05550e+01 -1.00373e+01 -1.10727e+01
3.32800e+04 8.30000e+01 -1.01535e+01 -8.74870e+00 -1.15583e+01 -1.04924e+01 -9.97808e+00 -1.10068e+01
3.36000e+04 8.40000e+01 -9.92436e+00 -8.41023e+00 -1.14385e+01 -1.04335e+01 -9.92274e+00 -1.09442e+01
3.39200e+04 8.40000e+01 -9.92436e+00 -8.41023e+00 -1.14385e+01 -1.03782e+01 -9.87157e+00 -1.08849e+01
3.42400e+04 8.50000e+01 -7.69315e+00 -7.03805e+00 -8.34825e+00 -1.03265e+01 -9.82464e+00 -1.08284e+01
3.45600e+04 8.60000e+01 -9.70253e+00 -9.20705e+00 -1.01980e+01 -1.02781e+01 -9.78197e+00 -1.07743e+01
3.48800e+04 8.70000e+01 -9.87285e+00 -9.38749e+00 -1.03582e+01 -1.02325e+01 -9.74336e+00 -1.07216e+01
3.52000e+04 8.80000e+01 -8.99856e+00 -8.84254e+00 -9.15459e+00 -1.01892e+01 -9.70851e+00 -1.06699e+01
3.55200e+04 8.80000e+01 -8.99856e+00 -8.84254e+00 -9.15459e+00 -1.01477e+01 -9.67699e+00 -1.06184e+01
3.58400e+04 8.90000e+01 -9.00780e+00 -8.17848e+00 -9.83712e+00 -1.01075e+01 -9.64826e+00 -1.05667e+01
3.61600e+04 9.00000e+01 -7.97843e+00 -7.13536e+00 -8.82150e+00 -1.00682e+01 -9.62165e+00 -1.05148e+01
3.64800e+04 9.10000e+01 -9.47462e+00 -7.63752e+00 -1.13117e+01 -1.00295e+01 -9.59636e+00 -1.04626e+01
3.68000e+04 9.20000e+01 -9.60508e+00 -7.96915e+00 -1.12410e+01 -9.99116e+00 -9.57162e+00 -1.04107e+01
3.71200e+04 9.20000e+01 -9.60508e+00 -7.96915e+00 -1.12410e+01 -9.95304e+00 -9.54659e+00 -1.03595e+01
3.74400e+04 9.30000e+01 -8.74531e+00 -7.82547e+00 -9.66516e+00 -9.91516e+00 -9.52057e+00 -1.03098e+01
3.77600e+04 9.40000e+01 -8.71730e+00 -6.98440e+00 -1.04502e+01 -9.87751e+00 -9.49297e+00 -1.02621e+01
3.80800e+04 9.50000e+01 -9.80416e+00 -8.61440e+00 -1.09939e+01 -9.84016e+00 -9.46343e+00 -1.02169e+01
3.84000e+04 9.60000e+01 -9.31647e+00 -9.08490e+00 -9.54804e+00 -9.80320e+00 -9.43189e+00 -1.01745e+01
3.87200e+04 9.60000e+01 -9.31647e+00 -9.08490e+00 -9.54804e+00 -9.76668e+00 -9.39855e+00 -1.01348e+01
3.90400e+04 9.70000e+01 -1.02019e+01 -9.25493e+00 -1.11490e+01 -9.73069e+00 -9.36391e+00 -1.00975e+01
3.93600e+04 9.80000e+01 -8.05770e+00 -7.34645e+00 -8.76895e+00 -9.69528e+00 -9.32864e+00 -1.00619e+01
3.96800e+04 9.90000e+01 -1.01195e+01 -9.05071e+00 -1.11883e+01 -9.66050e+00 -9.29345e+00 -1.00275e+01
4.00000e+04 1.00000e+02 -8.97067e+00 -8.57806e+00 -9.36327e+00 -9.62632e+00 -9.25908e+00 -9.99357e+00
4.03200e+04 1.00000e+02 -8.97067e+00 -8.57806e+00 -9.36327e+00 -9.59283e+00 -9.22614e+00 -9.95952e+00
4.06400e+04 1.01000e+02 -9.27534e+00 -8.58766e+00 -9.96301e+00 -9.56007e+00 -9.19516e+00 -9.92497e+00
4.09600e+04 1.02000e+02 -7.79659e+00 -7.25591e+00 -8.33728e+00 -9.52814e+00 -9.16651e+00 -9.88976e+00
4.12800e+04 1.03000e+02 -8.19691e+00 -7.15670e+00 -9.23712e+00 -9.49716e+00 -9.14041e+00 -9.85391e+00
4.16000e+04 1.04000e+02 -8.05451e+00 -6.87862e+00 -9.23040e+00 -9.46732e+00 -9.11700e+00 -9.81765e+00
4.19200e+04 1.04000e+02 -8.05451e+00 -6.87862e+00 -9.23040e+00 -9.43884e+00 -9.09629e+00 -9.78138e+00
4.22400e+04 1.05000e+02 -8.66558e+00 -7.11561e+00 -1.02156e+01 -9.41191e+00 -9.07821e+00 -9.74561e+00
4.25600e+04 1.06000e+02 -8.66714e+00 -8.33078e+00 -9.00350e+00 -9.38675e+00 -9.06257e+00 -9.71092e+00
4.28800e+04 1.07000e+02 -9.29316e+00 -7.65597e+00 -1.09304e+01 -9.36350e+00 -9.04910e+00 -9.67790e+00
4.32000e+04 1.08000e+02 -9.92945e+00 -8.91420e+00 -1.09447e+01 -9.34224e+00 -9.03736e+00 -9.64712e+00
4.35200e+04 1.08000e+02 -9.92945e+00 -8.91420e+00 -1.09447e+01 -9.32293e+00 -9.02678e+00 -9.61908e+00
4.38400e+04 1.09000e+02 -7.60722e+00 -6.49410e+00 -8.72034e+00 -9.30538e+00 -9.01663e+00 -9.59414e+00
4.41600e+04 1.10000e+02 -8.22559e+00 -7.19804e+00 -9.25313e+00 -9.28929e+00 -9.00608e+00 -9.57250e+00
4.44800e+04 1.11000e+02 -8.07076e+00 -7.86650e+00 -8.27502e+00 -9.27424e+00 -8.99426e+00 -9.55422e+00
4.48000e+04 1.12000e+02 -8.34818e+00 -7.22785e+00 -9.46851e+00 -9.25973e+00 -8.98035e+00 -9.53912e+00
4.51200e+04 1.12000e+02 -8.34818e+00 -7.22785e+00 -9.46851e+00 -9.24526e+00 -8.96365e+00 -9.52687e+00
4.54400e+04 1.13000e+02 -8.50400e+00 -8.08503e+00 -8.92296e+00 -9.23032e+00 -8.94362e+00 -9.51702e+00
4.57600e+04 1.14000e+02 -8.44562e+00 -7.94726e+00 -8.94398e+00 -9.21454e+00 -8.91996e+00 -9.50911e+00
4.60800e+04 1.15000e+02 -8.32618e+00 -7.73738e+00 -8.91498e+00 -9.19760e+00 -8.89249e+00 -9.50271e+00
4.64000e+04 1.16000e+02 -8.52912e+00 -7.31204e+00 -9.74619e+00 -9.17932e+00 -8.86121e+00 -9.49744e+00
4.67200e+04 1.16000e+02 -8.52912e+00 -7.31204e+00 -9.74619e+00 -9.15961e+00 -8.82620e+00 -9.49302e+00
4.70400e+04 1.17000e+02 -7.75044e+00 -6.76467e+00 -8.73622e+00 -9.13843e+00 -8.78764e+00 -9.48923e+00
4.73600e+04 1.18000e+02 -8.06682e+00 -7.07781e+00 -9.05583e+00 -9.11583e+00 -8.74580e+00 -9.48586e+00
4.76800e+04 1.19000e+02 -9.44617e+00 -8.64468e+00 -1.02477e+01 -9.09186e+00 -8.70101e+00 -9.48272e+00
4.80000e+04 1.20000e+02 -7.85467e+00 -6.09275e+00 -9.61658e+00 -9.06663e+00 -8.65367e+00 -9.47959e+00
4.83200e+04 1.20000e+02 -7.85467e+00 -6.09275e+00 -9.61658e+00 -9.04022e+00 -8.60427e+00 -9.47617e+00
4.86400e+04 1.21000e+02 -7.37180e+00 -6.85970e+00 -7.88391e+00 -9.01276e+00 -8.55338e+00 -9.47214e+00
4.89600e+04 1.22000e+02 -7.39795e+00 -7.13931e+00 -7.65659e+00 -8.98436e+00 -8.50161e+00 -9.46712e+00
4.92800e+04 1.23000e+02 -7.27790e+00 -6.07205e+00 -8.48374e+00 -8.95517e+00 -8.44963e+00 -9.46071e+00
4.96000e+04 1.24000e+02 -7.98287e+00 -6.97374e+00 -8.99199e+00 -8.92531e+00 -8.39813e+00 -9.45248e+00
4.99200e+04 1.24000e+02 -7.98287e+00 -6.97374e+00 -8.99199e+00 -8.89491e+00 -8.34778e+00 -9.44205e+00
5.02400e+04 1.25000e+02 -7.79230e+00 -7.13512e+00 -8.44948e+00 -8.86414e+00 -8.29920e+00 -9.42908e+00
5.05600e+04 1.26000e+02 -7.97171e+00 -7.19842e+00 -8.74499e+00 -8.83313e+00 -8.25292e+00 -9.41335e+00
5.08800e+04 1.27000e+02 -7.57882e+00 -6.78268e+00 -8.37495e+00 -8.80200e+00 -8.20931e+00 -9.39470e+00
5.12000e+04 1.28000e+02 -7.63426e+00 -7.07116e+00 -8.19736e+00 -8.77084e+00 -8.16859e+00 -9.37309e+00
5.15200e+04 1.28000e+02 -7.63426e+00 -7.07116e+00 -8.19736e+00 -8.73965e+00 -8.13076e+00 -9.34854e+00
5.18400e+04 1.29000e+02 -7.64936e+00 -7.26374e+00 -8.03499e+00 -8.70840e+00 -8.09563e+00 -9.32117e+00
5.21600e+04 1.30000e+02 -7.26334e+00 -6.61556e+00 -7.91111e+00 -8.67698e+00 -8.06284e+00 -9.29111e+00
5.24800e+04 1.31000e+02 -7.63550e+00 -6.86803e+00 -8.40297e+00 -8.64523e+00 -8.03190e+00 -9.25857e+00
5.28000e+04 1.32000e+02 -7.34747e+00 -6.44739e+00 -8.24754e+00 -8.61301e+00 -8.00225e+00 -9.22377e+00
5.31200e+04 1.32000e+02 -7.34747e+00 -6.44739e+00 -8.24754e+00 -8.58014e+00 -7.97333e+00 -9.18695e+00
5.34400e+04 1.33000e+02 -7.39152e+00 -6.95709e+00 -7.82595e+00 -8.54648e+00 -7.94461e+00 -9.14835e+00
5.37600e+04 1.34000e+02 -6.57875e+00 -6.28575e+00 -6.87175e+00 -8.51194e+00 -7.91568e+00 -9.10819e+00
5.40800e+04 1.35000e+02 -7.59894e+00 -6.20997e+00 -8.98791e+00 -8.47647e+00 -7.88628e+00 -9.06666e+00
5.44000e+04 1.36000e+02 -6.87138e+00 -5.84751e+00 -7.89526e+00 -8.44008e+00 -7.85632e+00 -9.02384e+00
5.47200e+04 1.36000e+02 -6.87138e+00 -5.84751e+00 -7.89526e+00 -8.40282e+00 -7.82581e+00 -8.97982e+00
5.50400e+04 1.37000e+02 -7.33732e+00 -6.23118e+00 -8.44346e+00 -8.36476e+00 -7.79494e+00 -8.93458e+00
5.53600e+04 1.38000e+02 -7.17495e+00 -6.28071e+00 -8.06919e+00 -8.32603e+00 -7.76396e+00 -8.88810e+00
5.56800e+04 1.39000e+02 -6.52080e+00 -6.17967e+00 -6.86192e+00 -8.28673e+00 -7.73317e+00 -8.84029e+00
5.60000e+04 1.40000e+02 -7.15674e+00 -6.68127e+00 -7.63221e+00 -8.24698e+00 -7.70285e+00 -8.79111e+00
5.63200e+04 1.40000e+02 -7.15674e+00 -6.68127e+00 -7.63221e+00 -8.20687e+00 -7.67323e+00 -8.74051e+00
5.66400e+04 1.41000e+02 -6.43554e+00 -6.23768e+00 -6.63340e+00 -8.16647e+00 -7.64450e+00 -8.68845e+00
5.69600e+04 1.42000e+02 -7.35386e+00 -6.09949e+00 -8.60822e+00 -8.12584e+00 -7.61672e+00 -8.63495e+00
5.72800e+04 1.43000e+02 -7.54331e+00 -6.82122e+00 -8.26540e+00 -8.08499e+00 -7.58993e+00 -8.58005e+00
5.76000e+04 1.44000e+02 -7.72318e+00 -6.51610e+00 -8.93026e+00 -8.04395e+00 -7.56407e+00 -8.52383e+00
5.79200e+04 1.44000e+02 -7.72318e+00 -6.51610e+00 -8.93026e+00 -8.00273e+00 -7.53903e+00 -8.46643e+00
5.82400e+04 1.45000e+02 -7.33090e+00 -7.05635e+00 -7.60546e+00 -7.96131e+00 -7.51465e+00 -8.40798e+00
5.85600e+04 1.46000e+02 -7.42562e+00 -6.35426e+00 -8.49698e+00 -7.91970e+00 -7.49075e+00 -8.34864e+00
5.88800e+04 1.47000e+02 -7.97994e+00 -6.54627e+00 -9.41360e+00 -7.87789e+00 -7.46714e+00 -8.28865e+00
5.92000e+04 1.48000e+02 -6.33715e+00 -5.69547e+00 -6.97883e+00 -7.83591e+00 -7.44360e+00 -8.22822e+00
5.95200e+04 1.48000e+02 -6.33715e+00 -5.69547e+00 -6.97883e+00 -7.79380e+00 -7.41996e+00 -8.16763e+00
5.98400e+04 1.49000e+02 -7.04365e+00 -5.78218e+00 -8.30512e+00 -7.75167e+00 -7.39610e+00 -8.10724e+00
6.01600e+04 1.50000e+02 -6.88704e+00 -6.44732e+00 -7.32677e+00 -7.70968e+00 -7.37196e+00 -8.04740e+00
6.04800e+04 1.51000e+02 -6.12475e+00 -5.75875e+00 -6.49076e+00 -7.66809e+00 -7.34762e+00 -7.98857e+00
6.08000e+04 1.52000e+02 -7.34962e+00 -6.82029e+00 -7.87895e+00 -7.62721e+00 -7.32316e+00 -7.93125e+00
6.11200e+04 1.52000e+02 -7.34962e+00 -6.82029e+00 -7.87895e+00 -7.58740e+00 -7.29883e+00 -7.87597e+00
6.14400e+04 1.53000e+02 -7.19679e+00 -7.05113e+00 -7.34246e+00 -7.54907e+00 -7.27483e+00 -7.82332e+00
6.17600e+04 1.54000e+02 -6.39064e+00 -5.89842e+00 -6.88286e+00 -7.51260e+00 -7.25138e+00 -7.77383e+00
6.20800e+04 1.55000e+02 -6.20612e+00 -5.69602e+00 -6.71622e+00 -7.47834e+00 -7.22865e+00 -7.72802e+00
6.24000e+04 1.56000e+02 -6.05769e+00 -5.35326e+00 -6.76212e+00 -7.44651e+00 -7.20676e+00 -7.68627e+00
6.27200e+04 1.56000e+02 -6.05769e+00 -5.35326e+00 -6.76212e+00 -7.41728e+00 -7.18571e+00 -7.64885e+00
6.30400e+04 1.57000e+02 -6.28844e+00 -5.60426e+00 -6.97262e+00 -7.39064e+00 -7.16542e+00 -7.61586e+00
6.33600e+04 1.58000e+02 -7.07380e+00 -6.83343e+00 -7.31416e+00 -7.36647e+00 -7.14574e+00 -7.58720e+00
6.36800e+04 1.59000e+02 -7.93629e+00 -7.65175e+00 -8.22083e+00 -7.34454e+00 -7.12646e+00 -7.56262e+00
6.40000e+04 1.60000e+02 -7.01604e+00 -6.11826e+00 -7.91383e+00 -7.32452e+00 -7.10735e+00 -7.54170e+00
6.43200e+04 1.60000e+02 -7.01604e+00 -6.11826e+00 -7.91383e+00 -7.30602e+00 -7.08817e+00 -7.52386e+00
6.46400e+04 1.61000e+02 -6.62452e+00 -6.07413e+00 -7.17491e+00 -7.28855e+00 -7.06870e+00 -7.50841e+00
6.49600e+04 1.62000e+02 -6.22730e+00 -5.73021e+00 -6.72439e+00 -7.27164e+00 -7.04875e+00 -7.49453e+00
6.52800e+04 1.63000e+02 -7.08247e+00 -6.08154e+00 -8.08339e+00 -7.25480e+00 -7.02821e+00 -7.48139e+00
6.56000e+04 1.64000e+02 -6.36645e+00 -5.55270e+00 -7.18020e+00 -7.23755e+00 -7.00698e+00 -7.46812e+00
6.59200e+04 1.64000e+02 -6.36645e+00 -5.55270e+00 -7.18020e+00 -7.21954e+00 -6.98508e+00 -7.45400e+00
6.62400e+04 1.65000e+02 -6.04104e+00 -5.58087e+00 -6.50121e+00 -7.20051e+00 -6.96260e+00 -7.43841e+00
6.65600e+04 1.66000e+02 -5.69819e+00 -5.43328e+00 -5.96310e+00 -7.18032e+00 -6.93970e+00 -7.42093e+00
6.68800e+04 1.67000e+02 -6.27998e+00 -5.68771e+00 -6.87224e+00 -7.15899e+00 -6.91663e+00 -7.40135e+00
6.72000e+04 1.68000e+02 -6.12978e+00 -5.25475e+00 -7.00481e+00 -7.13666e+00 -6.89368e+00 -7.37963e+00
6.75200e+04 1.68000e+02 -6.12978e+00 -5.25475e+00 -7.00481e+00 -7.11354e+00 -6.87114e+00 -7.35594e+00
6.78400e+04 1.69000e+02 -6.44088e+00 -6.26461e+00 -6.61714e+00 -7.08993e+00 -6.84932e+00 -7.33054e+00
6.81600e+04 1.70000e+02 -5.53346e+00 -5.27104e+00 -5.79588e+00 -7.06611e+00 -6.82837e+00 -7.30384e+00
6.84800e+04 1.71000e+02 -6.07417e+00 -5.28529e+00 -6.86304e+00 -7.04232e+00 -6.80836e+00 -7.27628e+00
6.88000e+04 1.72000e+02 -6.44103e+00 -6.14141e+00 -6.74066e+00 -7.01876e+00 -6.78918e+00 -7.24834e+00
6.91200e+04 1.72000e+02 -6.44103e+00 -6.14141e+00 -6.74066e+00 -6.99551e+00 -6.77055e+00 -7.22046e+00
6.94400e+04 1.73000e+02 -5.94594e+00 -5.65996e+00 -6.23192e+00 -6.97255e+00 -6.75202e+00 -7.19308e+00
6.97600e+04 1.74000e+02 -5.69794e+00 -5.47504e+00 -5.92084e+00 -6.94977e+00 -6.73303e+00 -7.16651e+00
7.00800e+04 1.75000e+02 -6.15033e+00 -5.44506e+00 -6.85559e+00 -6.92699e+00 -6.71302e+00 -7.14096e+00
7.04000e+04 1.76000e+02 -6.25292e+00 -5.71584e+00 -6.79001e+00 -6.90398e+00 -6.69141e+00 -7.11654e+00
7.07200e+04 1.76000e+02 -6.25292e+00 -5.71584e+00 -6.79001e+00 -6.88045e+00 -6.66775e+00 -7.09315e+00
7.10400e+04 1.77000e+02 -6.55049e+00 -5.79991e+00 -7.30108e+00 -6.85616e+00 -6.64179e+00 -7.07053e+00
7.13600e+04 1.78000e+02 -5.73184e+00 -4.94883e+00 -6.51485e+00 -6.83088e+00 -6.61347e+00 -7.04829e+00
7.16800e+04 1.79000e+02 -6.81984e+00 -5.26241e+00 -8.37728e+00 -6.80442e+00 -6.58295e+00 -7.02590e+00
7.20000e+04 1.80000e+02 -6.06882e+00 -4.91333e+00 -7.22431e+00 -6.77668e+00 -6.55055e+00 -7.00281e+00
7.23200e+04 1.80000e+02 -6.06882e+00 -4.91333e+00 -7.22431e+00 -6.74761e+00 -6.51675e+00 -6.97847e+00
7.26400e+04 1.81000e+02 -6.15181e+00 -5.74279e+00 -6.56084e+00 -6.71725e+00 -6.48211e+00 -6.95239e+00
7.29600e+04 1.82000e+02 -6.51809e+00 -5.83650e+00 -7.19968e+00 -6.68570e+00 -6.44722e+00 -6.92418e+00
7.32800e+04 1.83000e+02 -5.86540e+00 -5.46880e+00 -6.26200e+00 -6.65317e+00 -6.41274e+00 -6.89359e+00
7.36000e+04 1.84000e+02 -5.25964e+00 -4.17440e+00 -6.34488e+00 -6.61989e+00 -6.37924e+00 -6.86054e+00
7.39200e+04 1.84000e+02 -5.25964e+00 -4.17440e+00 -6.34488e+00 -6.58620e+00 -6.34726e+00 -6.82515e+00
7.42400e+04 1.85000e+02 -6.14257e+00 -5.58153e+00 -6.70362e+00 -6.55245e+00 -6.31722e+00 -6.78769e+00
7.45600e+04 1.86000e+02 -5.06109e+00 -4.74408e+00 -5.37810e+00 -6.51903e+00 -6.28941e+00 -6.74866e+00
7.48800e+04 1.87000e+02 -5.79145e+00 -5.35065e+00 -6.23225e+00 -6.48634e+00 -6.26397e+00 -6.70872e+00
7.52000e+04 1.88000e+02 -5.45359e+00 -5.07373e+00 -5.83345e+00 -6.45475e+00 -6.24088e+00 -6.66863e+00
7.55200e+04 1.88000e+02 -5.45359e+00 -5.07373e+00 -5.83345e+00 -6.42461e+00 -6.21995e+00 -6.62928e+00
7.58400e+04 1.89000e+02 -5.22057e+00 -4.36161e+00 -6.07952e+00 -6.39618e+00 -6.20084e+00 -6.59152e+00
7.61600e+04 1.90000e+02 -5.82635e+00 -5.28887e+00 -6.36383e+00 -6.36964e+00 -6.18308e+00 -6.55621e+00
7.64800e+04 1.91000e+02 -5.12713e+00 -4.68632e+00 -5.56794e+00 -6.34507e+00 -6.16611e+00 -6.52402e+00
7.68000e+04 1.92000e+02 -4.85340e+00 -4.62713e+00 -5.07967e+00 -6.32240e+00 -6.14934e+00 -6.49546e+00
7.71200e+04 1.92000e+02 -4.85340e+00 -4.62713e+00 -5.07967e+00 -6.30148e+00 -6.13221e+00 -6.47074e+00
7.74400e+04 1.93000e+02 -5.54195e+00 -4.57315e+00 -6.51075e+00 -6.28202e+00 -6.11430e+00 -6.44975e+00
7.77600e+04 1.94000e+02 -5.80014e+00 -5.08079e+00 -6.51949e+00 -6.26368e+00 -6.09529e+00 -6.43207e+00
7.80800e+04 1.95000e+02 -5.81437e+00 -5.01254e+00 -6.61620e+00 -6.24602e+00 -6.07503e+00 -6.41701e+00
7.84000e+04 1.96000e+02 -6.64267e+00 -5.67755e+00 -7.60779e+00 -6.22857e+00 -6.05342e+00 -6.40373e+00
7.87200e+04 1.96000e+02 -6.64267e+00 -5.67755e+00 -7.60779e+00 -6.21090e+00 -6.03043e+00 -6.39137e+00
7.90400e+04 1.97000e+02 -5.07237e+00 -4.57947e+00 -5.56526e+00 -6.19254e+00 -6.00600e+00 -6.37908e+00
7.93600e+04 1.98000e+02 -5.87121e+00 -5.46532e+00 -6.27709e+00 -6.17310e+00 -5.98005e+00 -6.36615e+00
7.96800e+04 1.99000e+02 -6.25850e+00 -4.96903e+00 -7.54796e+00 -6.15225e+00 -5.95245e+00 -6.35204e+00
8.00000e+04 2.00000e+02 -5.69930e+00 -5.06861e+00 -6.32999e+00 -6.12975e+00 -5.92309e+00 -6.33641e+00
8.03200e+04 2.00000e+02 -5.69930e+00 -5.06861e+00 -6.32999e+00 -6.10548e+00 -5.89183e+00 -6.31914e+00
8.06400e+04 2.01000e+02 -4.81492e+00 -4.16101e+00 -5.46882e+00 -6.07946e+00 -5.85857e+00 -6.30035e+00
8.09600e+04 2.02000e+02 -5.26390e+00 -4.69350e+00 -5.83430e+00 -6.05184e+00 -5.82331e+00 -6.28036e+00
8.12800e+04 2.03000e+02 -4.97047e+00 -4.64495e+00 -5.29600e+00 -6.02289e+00 -5.78617e+00 -6.25962e+00
8.16000e+04 2.04000e+02 -5.38218e+00 -4.96819e+00 -5.79617e+00 -5.99302e+00 -5.74737e+00 -6.23867e+00
8.19200e+04 2.04000e+02 -5.38218e+00 -4.96819e+00 -5.79617e+00 -5.96270e+00 -5.70731e+00 -6.21809e+00
8.22400e+04 2.05000e+02 -5.19080e+00 -4.79954e+00 -5.58205e+00 -5.93247e+00 -5.66651e+00 -6.19842e+00
8.25600e+04 2.06000e+02 -4.97469e+00 -4.75098e+00 -5.19839e+00 -5.90284e+00 -5.62552e+00 -6.18016e+00
8.28800e+04 2.07000e+02 -5.58274e+00 -4.91511e+00 -6.25036e+00 -5.87433e+00 -5.58493e+00 -6.16372e+00
8.32000e+04 2.08000e+02 -4.83895e+00 -4.32956e+00 -5.34833e+00 -5.84731e+00 -5.54523e+00 -6.14939e+00
8.35200e+04 2.08000e+02 -4.83895e+00 -4.32956e+00 -5.34833e+00 -5.82207e+00 -5.50684e+00 -6.13731e+00
8.38400e+04 2.09000e+02 -5.56036e+00 -5.23298e+00 -5.88774e+00 -5.79875e+00 -5.47003e+00 -6.12747e+00
8.41600e+04 2.10000e+02 -5.01335e+00 -4.71379e+00 -5.31292e+00 -5.77732e+00 -5.43493e+00 -6.11971e+00
8.44800e+04 2.11000e+02 -4.97669e+00 -4.28589e+00 -5.66749e+00 -5.75766e+00 -5.40157e+00 -6.11375e+00
8.48000e+04 2.12000e+02 -4.96000e+00 -4.28219e+00 -5.63781e+00 -5.73951e+00 -5.36989e+00 -6.10912e+00
8.51200e+04 2.12000e+02 -4.96000e+00 -4.28219e+00 -5.63781e+00 -5.72253e+00 -5.33974e+00 -6.10532e+00
8.54400e+04 2.13000e+02 -5.05698e+00 -3.98385e+00 -6.13011e+00 -5.70635e+00 -5.31098e+00 -6.10173e+00
8.57600e+04 2.14000e+02 -5.21510e+00 -4.98870e+00 -5.44149e+00 -5.69060e+00 -5.28346e+00 -6.09773e+00
8.60800e+04 2.15000e+02 -5.08166e+00 -4.60897e+00 -5.55436e+00 -5.67492e+00 -5.25711e+00 -6.09272e+00
8.64000e+04 2.16000e+02 -4.51570e+00 -4.25639e+00 -4.77502e+00 -5.65899e+00 -5.23183e+00 -6.08614e+00
8.67200e+04 2.16000e+02 -4.51570e+00 -4.25639e+00 -4.77502e+00 -5.64255e+00 -5.20760e+00 -6.07751e+00
8.70400e+04 2.17000e+02 -4.70893e+00 -3.93977e+00 -5.47809e+00 -5.62544e+00 -5.18439e+00 -6.06649e+00
8.73600e+04 2.18000e+02 -5.39530e+00 -4.95394e+00 -5.83665e+00 -5.60751e+00 -5.16218e+00 -6.05283e+00
8.76800e+04 2.19000e+02 -4.86986e+00 -4.36956e+00 -5.37017e+00 -5.58870e+00 -5.14091e+00 -6.03649e+00
8.80000e+04 2.20000e+02 -4.96560e+00 -4.42607e+00 -5.50514e+00 -5.56901e+00 -5.12051e+00 -6.01750e+00
8.83200e+04 2.20000e+02 -4.96560e+00 -4.42607e+00 -5.50514e+00 -5.54845e+00 -5.10085e+00 -5.99605e+00
8.86400e+04 2.21000e+02 -4.83177e+00 -4.40639e+00 -5.25716e+00 -5.52710e+00 -5.08180e+00 -5.97240e+00
8.89600e+04 2.22000e+02 -4.43788e+00 -3.78938e+00 -5.08639e+00 -5.50502e+00 -5.06316e+00 -5.94688e+00
8.92800e+04 2.23000e+02 -4.46400e+00 -4.26237e+00 -4.66562e+00 -5.48233e+00 -5.04479e+00 -5.91986e+00
8.96000e+04 2.24000e+02 -4.99354e+00 -3.97728e+00 -6.00979e+00 -5.45910e+00 -5.02648e+00 -5.89172e+00
8.99200e+04 2.24000e+02 -4.99354e+00 -3.97728e+00 -6.00979e+00 -5.43544e+00 -5.00810e+00 -5.86279e+00
9.02400e+04 2.25000e+02 -5.00573e+00 -4.51735e+00 -5.49411e+00 -5.41146e+00 -4.98948e+00 -5.83343e+00
9.05600e+04 2.26000e+02 -5.54173e+00 -4.80310e+00 -6.28036e+00 -5.38724e+00 -4.97054e+00 -5.80394e+00
9.08800e+04 2.27000e+02 -4.64724e+00 -4.06608e+00 -5.22841e+00 -5.36290e+00 -4.95120e+00 -5.77459e+00
9.12000e+04 2.28000e+02 -4.42145e+00 -3.87563e+00 -4.96727e+00 -5.33850e+00 -4.93140e+00 -5.74560e+00
9.15200e+04 2.28000e+02 -4.42145e+00 -3.87563e+00 -4.96727e+00 -5.31412e+00 -4.91111e+00 -5.71713e+00
9.18400e+04 2.29000e+02 -4.82591e+00 -4.19038e+00 -5.46145e+00 -5.28982e+00 -4.89034e+00 -5.68931e+00
9.21600e+04 2.30000e+02 -4.79444e+00 -3.92111e+00 -5.66777e+00 -5.26564e+00 -4.86907e+00 -5.66221e+00
9.24800e+04 2.31000e+02 -4.57150e+00 -4.34743e+00 -4.79557e+00 -5.24160e+00 -4.84732e+00 -5.63588e+00
9.28000e+04 2.32000e+02 -4.81821e+00 -4.32454e+00 -5.31188e+00 -5.21777e+00 -4.82518e+00 -5.61036e+00
9.31200e+04 2.32000e+02 -4.81821e+00 -4.32454e+00 -5.31188e+00 -5.19421e+00 -4.80271e+00 -5.58571e+00
9.34400e+04 2.33000e+02 -5.25120e+00 -4.42133e+00 -6.08107e+00 -5.17102e+00 -4.78007e+00 -5.56196e+00
9.37600e+04 2.34000e+02 -4.60568e+00 -4.51194e+00 -4.69943e+00 -5.14827e+00 -4.75739e+00 -5.53915e+00
9.40800e+04 2.35000e+02 -5.25957e+00 -4.90116e+00 -5.61799e+00 -5.12607e+00 -4.73482e+00 -5.51733e+00
9.44000e+04 2.36000e+02 -4.51740e+00 -4.02770e+00 -5.00710e+00 -5.10452e+00 -4.71249e+00 -5.49655e+00
9.47200e+04 2.36000e+02 -4.51740e+00 -4.02770e+00 -5.00710e+00 -5.08369e+00 -4.69052e+00 -5.47686e+00
9.50400e+04 2.37000e+02 -4.66745e+00 -3.87726e+00 -5.45763e+00 -5.06365e+00 -4.66901e+00 -5.45828e+00
9.53600e+04 2.38000e+02 -4.06226e+00 -3.28836e+00 -4.83616e+00 -5.04443e+00 -4.64801e+00 -5.44085e+00
9.56800e+04 2.39000e+02 -4.46860e+00 -3.91433e+00 -5.02287e+00 -5.02607e+00 -4.62757e+00 -5.42456e+00
9.60000e+04 2.40000e+02 -4.96054e+00 -4.21075e+00 -5.71034e+00 -5.00858e+00 -4.60774e+00 -5.40943e+00
9.63200e+04 2.40000e+02 -4.96054e+00 -4.21075e+00 -5.71034e+00 -4.99199e+00 -4.58854e+00 -5.39544e+00
9.66400e+04 2.41000e+02 -4.13699e+00 -3.64948e+00 -4.62449e+00 -4.97632e+00 -4.57006e+00 -5.38259e+00
9.69600e+04 2.42000e+02 -4.15392e+00 -3.82521e+00 -4.48262e+00 -4.96158e+00 -4.55235e+00 -5.37081e+00
9.72800e+04 2.43000e+02 -4.32416e+00 -3.73718e+00 -4.91114e+00 -4.94775e+00 -4.53547e+00 -5.36003e+00
9.76000e+04 2.44000e+02 -4.50911e+00 -3.52244e+00 -5.49578e+00 -4.93482e+00 -4.51948e+00 -5.35016e+00
9.79200e+04 2.44000e+02 -4.50911e+00 -3.52244e+00 -5.49578e+00 -4.92271e+00 -4.50435e+00 -5.34107e+00
9.82400e+04 2.45000e+02 -4.55075e+00 -4.37148e+00 -4.73003e+00 -4.91132e+00 -4.49006e+00 -5.33257e+00
9.85600e+04 2.46000e+02 -4.17635e+00 -3.83980e+00 -4.51290e+00 -4.90049e+00 -4.47650e+00 -5.32447e+00
9.88800e+04 2.47000e+02 -4.78849e+00 -4.36180e+00 -5.21517e+00 -4.89005e+00 -4.46354e+00 -5.31657e+00
9.92000e+04 2.48000e+02 -4.75161e+00 -3.71704e+00 -5.78617e+00 -4.87978e+00 -4.45096e+00 -5.30860e+00
9.95200e+04 2.48000e+02 -4.75161e+00 -3.71704e+00 -5.78617e+00 -4.86945e+00 -4.43854e+00 -5.30037e+00
9.98400e+04 2.49000e+02 -4.36878e+00 -4.03412e+00 -4.70345e+00 -4.85883e+00 -4.42603e+00 -5.29163e+00
1.00160e+05 2.50000e+02 -4.19635e+00 -3.96929e+00 -4.42341e+00 -4.84767e+00 -4.41315e+00 -5.28219e+00
1.00480e+05 2.51000e+02 -4.64077e+00 -4.17851e+00 -5.10303e+00 -4.83578e+00 -4.39966e+00 -5.27190e+00
1.00800e+05 2.52000e+02 -4.37742e+00 -4.26033e+00 -4.49450e+00 -4.82302e+00 -4.38538e+00 -5.26066e+00
1.01120e+05 2.52000e+02 -4.37742e+00 -4.26033e+00 -4.49450e+00 -4.80928e+00 -4.37012e+00 -5.24843e+00
1.01440e+05 2.53000e+02 -3.81097e+00 -3.40002e+00 -4.22193e+00 -4.79453e+00 -4.35384e+00 -5.23523e+00
1.01760e+05 2.54000e+02 -4.41546e+00 -3.88993e+00 -4.94099e+00 -4.77883e+00 -4.33652e+00 -5.22113e+00
1.02080e+05 2.55000e+02 -4.07771e+00 -3.85449e+00 -4.30094e+00 -4.76226e+00 -4.31825e+00 -5.20627e+00
1.02400e+05 2.56000e+02 -4.53395e+00 -4.26204e+00 -4.80586e+00 -4.74499e+00 -4.29919e+00 -5.19079e+00
1.02720e+05 2.56000e+02 -4.53395e+00 -4.26204e+00 -4.80586e+00 -4.72723e+00 -4.27958e+00 -5.17488e+00
1.03040e+05 2.57000e+02 -4.23105e+00 -3.97899e+00 -4.48311e+00 -4.70918e+00 -4.25969e+00 -5.15868e+00
1.03360e+05 2.58000e+02 -4.27747e+00 -3.97718e+00 -4.57776e+00 -4.69106e+00 -4.23981e+00 -5.14230e+00
1.03680e+05 2.59000e+02 -4.19573e+00 -3.90966e+00 -4.48180e+00 -4.67304e+00 -4.22024e+00 -5.12584e+00
1.04000e+05 2.60000e+02 -4.20791e+00 -3.84929e+00 -4.56652e+00 -4.65529e+00 -4.20127e+00 -5.10931e+00
1.04320e+05 2.60000e+02 -4.20791e+00 -3.84929e+00 -4.56652e+00 -4.63790e+00 -4.18314e+00 -5.09267e+00
1.04640e+05 2.61000e+02 -4.40504e+00 -4.17338e+00 -4.63670e+00 -4.62094e+00 -4.16602e+00 -5.07586e+00
1.04960e+05 2.62000e+02 -4.14273e+00 -3.66644e+00 -4.61902e+00 -4.60443e+00 -4.15006e+00 -5.05879e+00
1.05280e+05 2.63000e+02 -4.15666e+00 -3.19798e+00 -5.11534e+00 -4.58834e+00 -4.13535e+00 -5.04133e+00
1.05600e+05 2.64000e+02 -3.93081e+00 -3.38611e+00 -4.47551e+00 -4.57264e+00 -4.12191e+00 -5.02336e+00
1.05920e+05 2.64000e+02 -3.93081e+00 -3.38611e+00 -4.47551e+00 -4.55728e+00 -4.10976e+00 -5.00480e+00
1.06240e+05 2.65000e+02 -4.23690e+00 -3.74958e+00 -4.72421e+00 -4.54221e+00 -4.09887e+00 -4.98555e+00
1.06560e+05 2.66000e+02 -4.28327e+00 -4.01864e+00 -4.54790e+00 -4.52740e+00 -4.08921e+00 -4.96559e+00
1.06880e+05 2.67000e+02 -4.20833e+00 -3.70208e+00 -4.71458e+00 -4.51279e+00 -4.08069e+00 -4.94489e+00
1.07200e+05 2.68000e+02 -4.19906e+00 -3.54189e+00 -4.85622e+00 -4.49839e+00 -4.07326e+00 -4.92352e+00
1.07520e+05 2.68000e+02 -4.19906e+00 -3.54189e+00 -4.85622e+00 -4.48415e+00 -4.06679e+00 -4.90152e+00
1.07840e+05 2.69000e+02 -4.15984e+00 -3.66659e+00 -4.65309e+00 -4.47010e+00 -4.06115e+00 -4.87905e+00
1.08160e+05 2.70000e+02 -4.69374e+00 -4.50954e+00 -4.87795e+00 -4.45622e+00 -4.05617e+00 -4.85627e+00
1.08480e+05 2.71000e+02 -3.96935e+00 -3.71764e+00 -4.22106e+00 -4.44251e+00 -4.05162e+00 -4.83339e+00
1.08800e+05 2.72000e+02 -4.09179e+00 -3.27177e+00 -4.91181e+00 -4.42897e+00 -4.04727e+00 -4.81066e+00
1.09120e+05 2.72000e+02 -4.09179e+00 -3.27177e+00 -4.91181e+00 -4.41560e+00 -4.04289e+00 -4.78832e+00
1.09440e+05 2.73000e+02 -4.01806e+00 -3.43048e+00 -4.60563e+00 -4.40242e+00 -4.03822e+00 -4.76662e+00
1.09760e+05 2.74000e+02 -4.22814e+00 -3.26041e+00 -5.19588e+00 -4.38944e+00 -4.03304e+00 -4.74584e+00
1.10080e+05 2.75000e+02 -4.39956e+00 -3.23836e+00 -5.56076e+00 -4.37669e+00 -4.02717e+00 -4.72621e+00
1.10400e+05 2.76000e+02 -4.16908e+00 -4.15257e+00 -4.18560e+00 -4.36421e+00 -4.02046e+00 -4.70797e+00
1.10720e+05 2.76000e+02 -4.16908e+00 -4.15257e+00 -4.18560e+00 -4.35207e+00 -4.01285e+00 -4.69129e+00
1.11040e+05 2.77000e+02 -4.58668e+00 -3.81975e+00 -5.35362e+00 -4.34031e+00 -4.00429e+00 -4.67634e+00
1.11360e+05 2.78000e+02 -4.54795e+00 -3.35942e+00 -5.73648e+00 -4.32901e+00 -3.99479e+00 -4.66323e+00
1.11680e+05 2.79000e+02 -4.16520e+00 -3.68980e+00 -4.64059e+00 -4.31822e+00 -3.98440e+00 -4.65204e+00
1.12000e+05 2.80000e+02 -4.19853e+00 -3.11531e+00 -5.28174e+00 -4.30799e+00 -3.97319e+00 -4.64279e+00
1.12320e+05 2.80000e+02 -4.19853e+00 -3.11531e+00 -5.28174e+00 -4.29835e+00 -3.96122e+00 -4.63548e+00
1.12640e+05 2.81000e+02 -4.05906e+00 -3.59988e+00 -4.51824e+00 -4.28932e+00 -3.94855e+00 -4.63010e+00
1.12960e+05 2.82000e+02 -4.00378e+00 -3.37385e+00 -4.63371e+00 -4.28093e+00 -3.93525e+00 -4.62660e+00
1.13280e+05 2.83000e+02 -3.88923e+00 -3.55256e+00 -4.22591e+00 -4.27319e+00 -3.92139e+00 -4.62498e+00
1.13600e+05 2.84000e+02 -3.80844e+00 -3.43150e+00 -4.18539e+00 -4.26612e+00 -3.90704e+00 -4.62520e+00
1.13920e+05 2.84000e+02 -3.80844e+00 -3.43150e+00 -4.18539e+00 -4.25978e+00 -3.89231e+00 -4.62726e+00
1.14240e+05 2.85000e+02 -3.79299e+00 -3.39708e+00 -4.18891e+00 -4.25419e+00 -3.87727e+00 -4.63111e+00
1.14560e+05 2.86000e+02 -4.06422e+00 -3.80859e+00 -4.31984e+00 -4.24940e+00 -3.86204e+00 -4.63676e+00
1.14880e+05 2.87000e+02 -4.05264e+00 -3.30344e+00 -4.80183e+00 -4.24542e+00 -3.84668e+00 -4.64416e+00
1.15200e+05 2.88000e+02 -4.19572e+00 -3.42546e+00 -4.96597e+00 -4.24223e+00 -3.83128e+00 -4.65319e+00
1.15520e+05 2.88000e+02 -4.19572e+00 -3.42546e+00 -4.96597e+00 -4.23979e+00 -3.81589e+00 -4.66369e+00
1.15840e+05 2.89000e+02 -4.13033e+00 -3.58391e+00 -4.67676e+00 -4.23799e+00 -3.80058e+00 -4.67540e+00
1.16160e+05 2.90000e+02 -4.26446e+00 -3.58604e+00 -4.94289e+00 -4.23667e+00 -3.78534e+00 -4.68800e+00
1.16480e+05 2.91000e+02 -3.91303e+00 -3.14547e+00 -4.68058e+00 -4.23563e+00 -3.77023e+00 -4.70103e+00
1.16800e+05 2.92000e+02 -3.71764e+00 -3.30068e+00 -4.13460e+00 -4.23464e+00 -3.75526e+00 -4.71401e+00
1.17120e+05 2.92000e+02 -3.71764e+00 -3.30068e+00 -4.13460e+00 -4.23343e+00 -3.74045e+00 -4.72641e+00
1.17440e+05 2.93000e+02 -3.84977e+00 -2.94522e+00 -4.75431e+00 -4.23177e+00 -3.72586e+00 -4.73768e+00
1.17760e+05 2.94000e+02 -3.62333e+00 -3.05724e+00 -4.18942e+00 -4.22944e+00 -3.71154e+00 -4.74734e+00
1.18080e+05 2.95000e+02 -3.91562e+00 -3.71670e+00 -4.11453e+00 -4.22628e+00 -3.69756e+00 -4.75501e+00
1.18400e+05 2.96000e+02 -3.57150e+00 -3.35224e+00 -3.79075e+00 -4.22218e+00 -3.68399e+00 -4.76037e+00
1.18720e+05 2.96000e+02 -3.57150e+00 -3.35224e+00 -3.79075e+00 -4.21710e+00 -3.67092e+00 -4.76328e+00
1.19040e+05 2.97000e+02 -3.75741e+00 -3.50266e+00 -4.01217e+00 -4.21104e+00 -3.65842e+00 -4.76367e+00
1.19360e+05 2.98000e+02 -3.86456e+00 -3.11384e+00 -4.61529e+00 -4.20408e+00 -3.64655e+00 -4.76162e+00
1.19680e+05 2.99000e+02 -3.91052e+00 -3.12185e+00 -4.69918e+00 -4.19630e+00 -3.63534e+00 -4.75726e+00
1.20000e+05 3.00000e+02 -4.24031e+00 -3.12810e+00 -5.35252e+00 -4.18779e+00 -3.62479e+00 -4.75080e+00
1.20320e+05 3.00000e+02 -4.24031e+00 -3.12810e+00 -5.35252e+00 -4.17864e+00 -3.61483e+00 -4.74245e+00
1.20640e+05 3.01000e+02 -3.86098e+00 -3.52443e+00 -4.19754e+00 -4.16890e+00 -3.60540e+00 -4.73239e+00
1.20960e+05 3.02000e+02 -3.45867e+00 -3.14787e+00 -3.76948e+00 -4.15862e+00 -3.59644e+00 -4.72080e+00
1.21280e+05 3.03000e+02 -3.81806e+00 -3.54464e+00 -4.09147e+00 -4.14782e+00 -3.58784e+00 -4.70780e+00
1.21600e+05 3.04000e+02 -3.85827e+00 -3.33594e+00 -4.38060e+00 -4.13650e+00 -3.57953e+00 -4.69347e+00
1.21920e+05 3.04000e+02 -3.85827e+00 -3.33594e+00 -4.38060e+00 -4.12465e+00 -3.57143e+00 -4.67786e+00
1.22240e+05 3.05000e+02 -4.14135e+00 -3.20984e+00 -5.07287e+00 -4.11228e+00 -3.56349e+00 -4.66107e+00
1.22560e+05 3.06000e+02 -3.78361e+00 -3.27389e+00 -4.29333e+00 -4.09943e+00 -3.55563e+00 -4.64322e+00
1.22880e+05 3.07000e+02 -3.52290e+00 -3.11533e+00 -3.93047e+00 -4.08613e+00 -3.54780e+00 -4.62446e+00
1.23200e+05 3.08000e+02 -3.25173e+00 -2.68678e+00 -3.81668e+00 -4.07248e+00 -3.53993e+00 -4.60503e+00
1.23520e+05 3.08000e+02 -3.25173e+00 -2.68678e+00 -3.81668e+00 -4.05857e+00 -3.53196e+00 -4.58517e+00
1.23840e+05 3.09000e+02 -3.76868e+00 -2.92496e+00 -4.61240e+00 -4.04452e+00 -3.52387e+00 -4.56517e+00
1.24160e+05 3.10000e+02 -3.46258e+00 -3.11373e+00 -3.81142e+00 -4.03046e+00 -3.51561e+00 -4.54531e+00
1.24480e+05 3.11000e+02 -3.51567e+00 -2.80433e+00 -4.22702e+00 -4.01652e+00 -3.50715e+00 -4.52588e+00
1.24800e+05 3.12000e+02 -3.52340e+00 -2.97384e+00 -4.07295e+00 -4.00281e+00 -3.49850e+00 -4.50712e+00
1.25120e+05 3.12000e+02 -3.52340e+00 -2.97384e+00 -4.07295e+00 -3.98945e+00 -3.48965e+00 -4.48924e+00
1.25440e+05 3.13000e+02 -3.53688e+00 -2.99861e+00 -4.07514e+00 -3.97651e+00 -3.48059e+00 -4.47242e+00
1.25760e+05 3.14000e+02 -3.37102e+00 -2.98852e+00 -3.75352e+00 -3.96403e+00 -3.47133e+00 -4.45674e+00
1.26080e+05 3.15000e+02 -3.55624e+00 -2.64665e+00 -4.46583e+00 -3.95202e+00 -3.46181e+00 -4.44222e+00
1.26400e+05 3.16000e+02 -3.41347e+00 -2.78401e+00 -4.04293e+00 -3.94042e+00 -3.45200e+00 -4.42884e+00
1.26720e+05 3.16000e+02 -3.41347e+00 -2.78401e+00 -4.04293e+00 -3.92915e+00 -3.44181e+00 -4.41648e+00
1.27040e+05 3.17000e+02 -3.78690e+00 -3.28134e+00 -4.29245e+00 -3.91809e+00 -3.43116e+00 -4.40501e+00
1.27360e+05 3.18000e+02 -3.37368e+00 -2.79278e+00 -3.95458e+00 -3.90709e+00 -3.41996e+00 -4.39423e+00
1.27680e+05 3.19000e+02 -3.16978e+00 -2.62665e+00 -3.71292e+00 -3.89601e+00 -3.40809e+00 -4.38394e+00
1.28000e+05 3.20000e+02 -3.34067e+00 -2.76591e+00 -3.91543e+00 -3.88470e+00 -3.39549e+00 -4.37391e+00
1.28320e+05 3.20000e+02 -3.34067e+00 -2.76591e+00 -3.91543e+00 -3.87301e+00 -3.38210e+00 -4.36393e+00
1.28640e+05 3.21000e+02 -3.34365e+00 -2.60756e+00 -4.07974e+00 -3.86084e+00 -3.36788e+00 -4.35380e+00
1.28960e+05 3.22000e+02 -3.26042e+00 -2.64738e+00 -3.87346e+00 -3.84809e+00 -3.35284e+00 -4.34334e+00
1.29280e+05 3.23000e+02 -3.52836e+00 -2.95351e+00 -4.10321e+00 -3.83473e+00 -3.33702e+00 -4.33245e+00
1.29600e+05 3.24000e+02 -3.58411e+00 -2.43121e+00 -4.73702e+00 -3.82075e+00 -3.32048e+00 -4.32102e+00
1.29920e+05 3.24000e+02 -3.58411e+00 -2.43121e+00 -4.73702e+00 -3.80616e+00 -3.30329e+00 -4.30903e+00
1.30240e+05 3.25000e+02 -3.54202e+00 -3.07829e+00 -4.00576e+00 -3.79100e+00 -3.28556e+00 -4.29645e+00
1.30560e+05 3.26000e+02 -3.40345e+00 -2.89898e+00 -3.90791e+00 -3.77535e+00 -3.26742e+00 -4.28329e+00
1.30880e+05 3.27000e+02 -3.36247e+00 -2.86379e+00 -3.86116e+00 -3.75926e+00 -3.24896e+00 -4.26957e+00
1.31200e+05 3.28000e+02 -3.38339e+00 -2.86778e+00 -3.89900e+00 -3.74281e+00 -3.23027e+00 -4.25535e+00
1.31520e+05 3.28000e+02 -3.38339e+00 -2.86778e+00 -3.89900e+00 -3.72607e+00 -3.21146e+00 -4.24068e+00
1.31840e+05 3.29000e+02 -3.70788e+00 -2.80341e+00 -4.61234e+00 -3.70911e+00 -3.19259e+00 -4.22562e+00
1.32160e+05 3.30000e+02 -3.49759e+00 -2.82233e+00 -4.17284e+00 -3.69201e+00 -3.17368e+00 -4.21033e+00
1.32480e+05 3.31000e+02 -3.44410e+00 -2.91239e+00 -3.97581e+00 -3.67486e+00 -3.15481e+00 -4.19492e+00
1.32800e+05 3.32000e+02 -3.30548e+00 -2.58271e+00 -4.02824e+00 -3.65778e+00 -3.13599e+00 -4.17958e+00
1.33120e+05 3.32000e+02 -3.30548e+00 -2.58271e+00 -4.02824e+00 -3.64088e+00 -3.11727e+00 -4.16449e+00
1.33440e+05 3.33000e+02 -3.22764e+00 -2.26656e+00 -4.18871e+00 -3.62428e+00 -3.09870e+00 -4.14985e+00
1.33760e+05 3.34000e+02 -3.29593e+00 -2.31196e+00 -4.27990e+00 -3.60811e+00 -3.08037e+00 -4.13585e+00
1.34080e+05 3.35000e+02 -3.22038e+00 -2.82661e+00 -3.61415e+00 -3.59250e+00 -3.06234e+00 -4.12265e+00
1.34400e+05 3.36000e+02 -3.38952e+00 -2.65420e+00 -4.12484e+00 -3.57757e+00 -3.04472e+00 -4.11042e+00
1.34720e+05 3.36000e+02 -3.38952e+00 -2.65420e+00 -4.12484e+00 -3.56344e+00 -3.02761e+00 -4.09927e+00
1.35040e+05 3.37000e+02 -3.44427e+00 -2.79451e+00 -4.09403e+00 -3.55021e+00 -3.01111e+00 -4.08930e+00
1.35360e+05 3.38000e+02 -3.56605e+00 -2.96657e+00 -4.16554e+00 -3.53793e+00 -2.99529e+00 -4.08057e+00
1.35680e+05 3.39000e+02 -3.52471e+00 -3.10858e+00 -3.94084e+00 -3.52666e+00 -2.98021e+00 -4.07312e+00
1.36000e+05 3.40000e+02 -3.33562e+00 -2.66679e+00 -4.00445e+00 -3.51639e+00 -2.96584e+00 -4.06694e+00
1.36320e+05 3.40000e+02 -3.33562e+00 -2.66679e+00 -4.00445e+00 -3.50707e+00 -2.95216e+00 -4.06198e+00
1.36640e+05 3.41000e+02 -3.49888e+00 -2.78504e+00 -4.21272e+00 -3.49863e+00 -2.93908e+00 -4.05819e+00
1.36960e+05 3.42000e+02 -3.32719e+00 -2.66590e+00 -3.98847e+00 -3.49097e+00 -2.92650e+00 -4.05544e+00
1.37280e+05 3.43000e+02 -3.50849e+00 -2.52940e+00 -4.48757e+00 -3.48397e+00 -2.91432e+00 -4.05362e+00
1.37600e+05 3.44000e+02 -3.10873e+00 -2.34689e+00 -3.87057e+00 -3.47751e+00 -2.90242e+00 -4.05259e+00
1.37920e+05 3.44000e+02 -3.10873e+00 -2.34689e+00 -3.87057e+00 -3.47147e+00 -2.89075e+00 -4.05218e+00
1.38240e+05 3.45000e+02 -3.19926e+00 -2.65607e+00 -3.74245e+00 -3.46577e+00 -2.87929e+00 -4.05225e+00
1.38560e+05 3.46000e+02 -3.11388e+00 -2.45322e+00 -3.77454e+00 -3.46035e+00 -2.86806e+00 -4.05264e+00
1.38880e+05 3.47000e+02 -3.34646e+00 -2.64427e+00 -4.04865e+00 -3.45518e+00 -2.85714e+00 -4.05321e+00
1.39200e+05 3.48000e+02 -3.45139e+00 -2.50574e+00 -4.39705e+00 -3.45024e+00 -2.84661e+00 -4.05386e+00
1.39520e+05 3.48000e+02 -3.45139e+00 -2.50574e+00 -4.39705e+00 -3.44554e+00 -2.83658e+00 -4.05451e+00
1.39840e+05 3.49000e+02 -3.23682e+00 -2.60630e+00 -3.86734e+00 -3.44110e+00 -2.82714e+00 -4.05506e+00
1.40160e+05 3.50000e+02 -3.14297e+00 -2.74139e+00 -3.54456e+00 -3.43694e+00 -2.81836e+00 -4.05551e+00
1.40480e+05 3.51000e+02 -3.10060e+00 -2.61624e+00 -3.58497e+00 -3.43303e+00 -2.81026e+00 -4.05579e+00
1.40800e+05 3.52000e+02 -3.01372e+00 -1.88658e+00 -4.14086e+00 -3.42937e+00 -2.80281e+00 -4.05592e+00
1.41120e+05 3.52000e+02 -3.01372e+00 -1.88658e+00 -4.14086e+00 -3.42590e+00 -2.79595e+00 -4.05585e+00
1.41440e+05 3.53000e+02 -3.38382e+00 -2.74447e+00 -4.02316e+00 -3.42256e+00 -2.78956e+00 -4.05556e+00
1.41760e+05 3.54000e+02 -2.89661e+00 -2.04762e+00 -3.74559e+00 -3.41927e+00 -2.78350e+00 -4.05504e+00
1.42080e+05 3.55000e+02 -3.18765e+00 -2.75983e+00 -3.61547e+00 -3.41594e+00 -2.77762e+00 -4.05426e+00
1.42400e+05 3.56000e+02 -3.40503e+00 -2.48949e+00 -4.32057e+00 -3.41248e+00 -2.77178e+00 -4.05319e+00
1.42720e+05 3.56000e+02 -3.40503e+00 -2.48949e+00 -4.32057e+00 -3.40880e+00 -2.76582e+00 -4.05179e+00
1.43040e+05 3.57000e+02 -2.98428e+00 -2.55083e+00 -3.41772e+00 -3.40482e+00 -2.75964e+00 -4.05000e+00
1.43360e+05 3.58000e+02 -2.97880e+00 -2.53585e+00 -3.42175e+00 -3.40046e+00 -2.75313e+00 -4.04780e+00
1.43680e+05 3.59000e+02 -3.17726e+00 -2.30032e+00 -4.05420e+00 -3.39566e+00 -2.74621e+00 -4.04510e+00
1.44000e+05 3.60000e+02 -3.30367e+00 -2.44365e+00 -4.16369e+00 -3.39034e+00 -2.73881e+00 -4.04187e+00
1.44320e+05 3.60000e+02 -3.30367e+00 -2.44365e+00 -4.16369e+00 -3.38448e+00 -2.73091e+00 -4.03804e+00
1.44640e+05 3.61000e+02 -3.14232e+00 -2.78388e+00 -3.50077e+00 -3.37803e+00 -2.72246e+00 -4.03360e+00
1.44960e+05 3.62000e+02 -3.32561e+00 -2.69475e+00 -3.95646e+00 -3.37099e+00 -2.71347e+00 -4.02851e+00
1.45280e+05 3.63000e+02 -2.98625e+00 -2.58077e+00 -3.39173e+00 -3.36337e+00 -2.70399e+00 -4.02275e+00
1.45600e+05 3.64000e+02 -3.05623e+00 -2.51861e+00 -3.59385e+00 -3.35517e+00 -2.69405e+00 -4.01630e+00
1.45920e+05 3.64000e+02 -3.05623e+00 -2.51861e+00 -3.59385e+00 -3.34646e+00 -2.68374e+00 -4.00917e+00
1.46240e+05 3.65000e+02 -3.05611e+00 -2.73787e+00 -3.37435e+00 -3.33727e+00 -2.67318e+00 -4.00137e+00
1.46560e+05 3.66000e+02 -3.35689e+00 -2.72023e+00 -3.99355e+00 -3.32769e+00 -2.66247e+00 -3.99291e+00
1.46880e+05 3.67000e+02 -3.20574e+00 -2.99945e+00 -3.41204e+00 -3.31780e+00 -2.65175e+00 -3.98384e+00
1.47200e+05 3.68000e+02 -3.10857e+00 -2.81979e+00 -3.39735e+00 -3.30769e+00 -2.64117e+00 -3.97420e+00
1.47520e+05 3.68000e+02 -3.10857e+00 -2.81979e+00 -3.39735e+00 -3.29746e+00 -2.63086e+00 -3.96406e+00
1.47840e+05 3.69000e+02 -2.99609e+00 -2.49528e+00 -3.49690e+00 -3.28724e+00 -2.62098e+00 -3.95349e+00
1.48160e+05 3.70000e+02 -3.00687e+00 -2.51225e+00 -3.50149e+00 -3.27711e+00 -2.61167e+00 -3.94256e+00
1.48480e+05 3.71000e+02 -3.04269e+00 -2.76504e+00 -3.32034e+00 -3.26719e+00 -2.60305e+00 -3.93132e+00
1.48800e+05 3.72000e+02 -3.21868e+00 -2.78414e+00 -3.65321e+00 -3.25753e+00 -2.59524e+00 -3.91982e+00
1.49120e+05 3.72000e+02 -3.21868e+00 -2.78414e+00 -3.65321e+00 -3.24823e+00 -2.58837e+00 -3.90810e+00
1.49440e+05 3.73000e+02 -3.02288e+00 -2.67044e+00 -3.37532e+00 -3.23934e+00 -2.58254e+00 -3.89614e+00
1.49760e+05 3.74000e+02 -2.87075e+00 -2.61484e+00 -3.12666e+00 -3.23091e+00 -2.57785e+00 -3.88397e+00
1.50080e+05 3.75000e+02 -3.08174e+00 -2.61230e+00 -3.55117e+00 -3.22297e+00 -2.57438e+00 -3.87155e+00
1.50400e+05 3.76000e+02 -3.29793e+00 -2.85795e+00 -3.73790e+00 -3.21552e+00 -2.57219e+00 -3.85884e+00
1.50720e+05 3.76000e+02 -3.29793e+00 -2.85795e+00 -3.73790e+00 -3.20856e+00 -2.57132e+00 -3.84580e+00
1.51040e+05 3.77000e+02 -2.97441e+00 -2.46211e+00 -3.48671e+00 -3.20206e+00 -2.57174e+00 -3.83238e+00
1.51360e+05 3.78000e+02 -2.83702e+00 -2.28755e+00 -3.38648e+00 -3.19600e+00 -2.57343e+00 -3.81856e+00
1.51680e+05 3.79000e+02 -3.24509e+00 -2.41626e+00 -4.07392e+00 -3.19030e+00 -2.57630e+00 -3.80429e+00
1.52000e+05 3.80000e+02 -2.94400e+00 -2.68185e+00 -3.20614e+00 -3.18491e+00 -2.58025e+00 -3.78957e+00
1.52320e+05 3.80000e+02 -2.94400e+00 -2.68185e+00 -3.20614e+00 -3.17976e+00 -2.58513e+00 -3.77439e+00
1.52640e+05 3.81000e+02 -2.87159e+00 -2.59218e+00 -3.15100e+00 -3.17478e+00 -2.59076e+00 -3.75879e+00
1.52960e+05 3.82000e+02 -2.94280e+00 -2.64342e+00 -3.24217e+00 -3.16991e+00 -2.59701e+00 -3.74281e+00
1.53280e+05 3.83000e+02 -2.83533e+00 -2.56080e+00 -3.10986e+00 -3.16509e+00 -2.60364e+00 -3.72655e+00
1.53600e+05 3.84000e+02 -2.97278e+00 -2.42885e+00 -3.51670e+00 -3.16029e+00 -2.61049e+00 -3.71009e+00
1.53920e+05 3.84000e+02 -2.97278e+00 -2.42885e+00 -3.51670e+00 -3.15546e+00 -2.61732e+00 -3.69360e+00
1.54240e+05 3.85000e+02 -2.84312e+00 -2.56433e+00 -3.12192e+00 -3.15058e+00 -2.62397e+00 -3.67719e+00
1.54560e+05 3.86000e+02 -2.82199e+00 -2.29666e+00 -3.34731e+00 -3.14564e+00 -2.63022e+00 -3.66105e+00
1.54880e+05 3.87000e+02 -2.88595e+00 -2.27671e+00 -3.49519e+00 -3.14062e+00 -2.63591e+00 -3.64532e+00
1.55200e+05 3.88000e+02 -2.77278e+00 -2.17939e+00 -3.36616e+00 -3.13550e+00 -2.64089e+00 -3.63011e+00
1.55520e+05 3.88000e+02 -2.77278e+00 -2.17939e+00 -3.36616e+00 -3.13027e+00 -2.64504e+00 -3.61550e+00
1.55840e+05 3.89000e+02 -2.73506e+00 -2.30192e+00 -3.16820e+00 -3.12491e+00 -2.64828e+00 -3.60154e+00
1.56160e+05 3.90000e+02 -3.08293e+00 -2.40235e+00 -3.76350e+00 -3.11938e+00 -2.65058e+00 -3.58818e+00
1.56480e+05 3.91000e+02 -2.79053e+00 -2.26286e+00 -3.31821e+00 -3.11366e+00 -2.65191e+00 -3.57541e+00
1.56800e+05 3.92000e+02 -2.60850e+00 -2.08610e+00 -3.13090e+00 -3.10769e+00 -2.65228e+00 -3.56310e+00
1.57120e+05 3.92000e+02 -2.60850e+00 -2.08610e+00 -3.13090e+00 -3.10144e+00 -2.65172e+00 -3.55116e+00
1.57440e+05 3.93000e+02 -2.93303e+00 -2.35350e+00 -3.51257e+00 -3.09486e+00 -2.65023e+00 -3.53950e+00
1.57760e+05 3.94000e+02 -2.88583e+00 -2.61145e+00 -3.16021e+00 -3.08792e+00 -2.64784e+00 -3.52800e+00
1.58080e+05 3.95000e+02 -2.85753e+00 -2.47208e+00 -3.24299e+00 -3.08058e+00 -2.64457e+00 -3.51660e+00
1.58400e+05 3.96000e+02 -2.60306e+00 -2.32548e+00 -2.88063e+00 -3.07282e+00 -2.64038e+00 -3.50526e+00
1.58720e+05 3.96000e+02 -2.60306e+00 -2.32548e+00 -2.88063e+00 -3.06463e+00 -2.63529e+00 -3.49397e+00
1.59040e+05 3.97000e+02 -3.14308e+00 -2.30795e+00 -3.97820e+00 -3.05601e+00 -2.62926e+00 -3.48276e+00
1.59360e+05 3.98000e+02 -2.69306e+00 -2.09838e+00 -3.28774e+00 -3.04698e+00 -2.62227e+00 -3.47169e+00
1.59680e+05 3.99000e+02 -2.94529e+00 -2.65383e+00 -3.23675e+00 -3.03757e+00 -2.61431e+00 -3.46082e+00
1.60000e+05 4.00000e+02 -2.74484e+00 -2.60570e+00 -2.88397e+00 -3.02782e+00 -2.60540e+00 -3.45024e+00
1.60320e+05 4.00000e+02 -2.74484e+00 -2.60570e+00 -2.88397e+00 -3.01780e+00 -2.59556e+00 -3.44004e+00
1.60640e+05 4.01000e+02 -2.77005e+00 -2.28233e+00 -3.25777e+00 -3.00756e+00 -2.58487e+00 -3.43026e+00
1.60960e+05 4.02000e+02 -2.74966e+00 -2.15268e+00 -3.34664e+00 -2.99719e+00 -2.57343e+00 -3.42095e+00
1.61280e+05 4.03000e+02 -2.74408e+00 -2.25141e+00 -3.23674e+00 -2.98675e+00 -2.56137e+00 -3.41214e+00
1.61600e+05 4.04000e+02 -2.61667e+00 -2.35943e+00 -2.87391e+00 -2.97634e+00 -2.54886e+00 -3.40383e+00
1.61920e+05 4.04000e+02 -2.61667e+00 -2.35943e+00 -2.87391e+00 -2.96605e+00 -2.53606e+00 -3.39603e+00
1.62240e+05 4.05000e+02 -2.86090e+00 -2.62814e+00 -3.09365e+00 -2.95594e+00 -2.52316e+00 -3.38871e+00
1.62560e+05 4.06000e+02 -2.41739e+00 -2.10710e+00 -2.72768e+00 -2.94610e+00 -2.51036e+00 -3.38184e+00
1.62880e+05 4.07000e+02 -3.08689e+00 -2.54189e+00 -3.63189e+00 -2.93659e+00 -2.49781e+00 -3.37537e+00
1.63200e+05 4.08000e+02 -2.68394e+00 -2.28993e+00 -3.07794e+00 -2.92747e+00 -2.48569e+00 -3.36926e+00
1.63520e+05 4.08000e+02 -2.68394e+00 -2.28993e+00 -3.07794e+00 -2.91877e+00 -2.47412e+00 -3.36342e+00
1.63840e+05 4.09000e+02 -2.73108e+00 -2.40562e+00 -3.05655e+00 -2.91050e+00 -2.46322e+00 -3.35777e+00
1.64160e+05 4.10000e+02 -2.64888e+00 -2.36872e+00 -2.92903e+00 -2.90264e+00 -2.45304e+00 -3.35224e+00
1.64480e+05 4.11000e+02 -2.91980e+00 -2.48038e+00 -3.35923e+00 -2.89517e+00 -2.44362e+00 -3.34672e+00
1.64800e+05 4.12000e+02 -2.74492e+00 -2.36515e+00 -3.12468e+00 -2.88805e+00 -2.43498e+00 -3.34111e+00
1.65120e+05 4.12000e+02 -2.74492e+00 -2.36515e+00 -3.12468e+00 -2.88121e+00 -2.42711e+00 -3.33531e+00
1.65440e+05 4.13000e+02 -2.58753e+00 -2.00871e+00 -3.16634e+00 -2.87460e+00 -2.41998e+00 -3.32921e+00
1.65760e+05 4.14000e+02 -2.78646e+00 -2.39944e+00 -3.17347e+00 -2.86815e+00 -2.41356e+00 -3.32275e+00
1.66080e+05 4.15000e+02 -2.80961e+00 -2.34959e+00 -3.26964e+00 -2.86183e+00 -2.40779e+00 -3.31586e+00
1.66400e+05 4.16000e+02 -2.85467e+00 -2.59404e+00 -3.11530e+00 -2.85557e+00 -2.40265e+00 -3.30849e+00
1.66720e+05 4.16000e+02 -2.85467e+00 -2.59404e+00 -3.11530e+00 -2.84938e+00 -2.39810e+00 -3.30066e+00
1.67040e+05 4.17000e+02 -2.87974e+00 -2.50649e+00 -3.25299e+00 -2.84323e+00 -2.39409e+00 -3.29238e+00
1.67360e+05 4.18000e+02 -2.76911e+00 -2.31168e+00 -3.22653e+00 -2.83713e+00 -2.39058e+00 -3.28368e+00
1.67680e+05 4.19000e+02 -3.11665e+00 -2.49265e+00 -3.74065e+00 -2.83109e+00 -2.38754e+00 -3.27465e+00
1.68000e+05 4.20000e+02 -2.74738e+00 -2.45493e+00 -3.03982e+00 -2.82514e+00 -2.38493e+00 -3.26535e+00
1.68320e+05 4.20000e+02 -2.74738e+00 -2.45493e+00 -3.03982e+00 -2.81931e+00 -2.38269e+00 -3.25593e+00
1.68640e+05 4.21000e+02 -2.64386e+00 -2.24999e+00 -3.03774e+00 -2.81364e+00 -2.38079e+00 -3.24648e+00
1.68960e+05 4.22000e+02 -2.58884e+00 -2.17620e+00 -3.00149e+00 -2.80816e+00 -2.37918e+00 -3.23714e+00
1.69280e+05 4.23000e+02 -2.66113e+00 -2.18517e+00 -3.13708e+00 -2.80293e+00 -2.37782e+00 -3.22804e+00
1.69600e+05 4.24000e+02 -2.69795e+00 -2.46381e+00 -2.93209e+00 -2.79799e+00 -2.37668e+00 -3.21930e+00
1.69920e+05 4.24000e+02 -2.69795e+00 -2.46381e+00 -2.93209e+00 -2.79342e+00 -2.37577e+00 -3.21107e+00
1.70240e+05 4.25000e+02 -2.68328e+00 -2.31670e+00 -3.04985e+00 -2.78926e+00 -2.37508e+00 -3.20345e+00
1.70560e+05 4.26000e+02 -2.72937e+00 -2.09738e+00 -3.36136e+00 -2.78560e+00 -2.37462e+00 -3.19658e+00
1.70880e+05 4.27000e+02 -2.58266e+00 -2.09757e+00 -3.06775e+00 -2.78246e+00 -2.37440e+00 -3.19052e+00
1.71200e+05 4.28000e+02 -2.43098e+00 -2.28052e+00 -2.58144e+00 -2.77988e+00 -2.37442e+00 -3.18534e+00
1.71520e+05 4.28000e+02 -2.43098e+00 -2.28052e+00 -2.58144e+00 -2.77787e+00 -2.37468e+00 -3.18107e+00
1.71840e+05 4.29000e+02 -2.68226e+00 -2.24594e+00 -3.11858e+00 -2.77640e+00 -2.37513e+00 -3.17767e+00
1.72160e+05 4.30000e+02 -2.65908e+00 -2.30275e+00 -3.01541e+00 -2.77541e+00 -2.37573e+00 -3.17509e+00
1.72480e+05 4.31000e+02 -2.62923e+00 -2.37667e+00 -2.88178e+00 -2.77480e+00 -2.37639e+00 -3.17322e+00
1.72800e+05 4.32000e+02 -2.76857e+00 -2.51744e+00 -3.01969e+00 -2.77448e+00 -2.37704e+00 -3.17193e+00
1.73120e+05 4.32000e+02 -2.76857e+00 -2.51744e+00 -3.01969e+00 -2.77431e+00 -2.37757e+00 -3.17105e+00
1.73440e+05 4.33000e+02 -2.64353e+00 -2.38591e+00 -2.90114e+00 -2.77414e+00 -2.37787e+00 -3.17041e+00
1.73760e+05 4.34000e+02 -2.59727e+00 -2.23958e+00 -2.95495e+00 -2.77384e+00 -2.37784e+00 -3.16985e+00
1.74080e+05 4.35000e+02 -2.59319e+00 -2.23093e+00 -2.95545e+00 -2.77328e+00 -2.37738e+00 -3.16918e+00
1.74400e+05 4.36000e+02 -2.52286e+00 -2.18919e+00 -2.85653e+00 -2.77232e+00 -2.37641e+00 -3.16823e+00
1.74720e+05 4.36000e+02 -2.52286e+00 -2.18919e+00 -2.85653e+00 -2.77086e+00 -2.37488e+00 -3.16684e+00
1.75040e+05 4.37000e+02 -2.92464e+00 -2.51534e+00 -3.33394e+00 -2.76884e+00 -2.37279e+00 -3.16488e+00
1.75360e+05 4.38000e+02 -2.49779e+00 -2.30609e+00 -2.68950e+00 -2.76619e+00 -2.37015e+00 -3.16222e+00
1.75680e+05 4.39000e+02 -2.77390e+00 -2.51338e+00 -3.03442e+00 -2.76291e+00 -2.36705e+00 -3.15877e+00
1.76000e+05 4.40000e+02 -2.68576e+00 -2.38838e+00 -2.98314e+00 -2.75901e+00 -2.36357e+00 -3.15445e+00
1.76320e+05 4.40000e+02 -2.68576e+00 -2.38838e+00 -2.98314e+00 -2.75455e+00 -2.35987e+00 -3.14923e+00
1.76640e+05 4.41000e+02 -2.53580e+00 -2.27786e+00 -2.79375e+00 -2.74958e+00 -2.35605e+00 -3.14310e+00
1.76960e+05 4.42000e+02 -2.44589e+00 -2.20184e+00 -2.68994e+00 -2.74417e+00 -2.35227e+00 -3.13608e+00
1.77280e+05 4.43000e+02 -2.57759e+00 -2.04432e+00 -3.11086e+00 -2.73844e+00 -2.34865e+00 -3.12822e+00
1.77600e+05 4.44000e+02 -2.53667e+00 -2.20319e+00 -2.87015e+00 -2.73246e+00 -2.34531e+00 -3.11962e+00
1.77920e+05 4.44000e+02 -2.53667e+00 -2.20319e+00 -2.87015e+00 -2.72635e+00 -2.34233e+00 -3.11037e+00
1.78240e+05 4.45000e+02 -2.70262e+00 -2.53573e+00 -2.86950e+00 -2.72021e+00 -2.33980e+00 -3.10062e+00
1.78560e+05 4.46000e+02 -2.40080e+00 -2.11393e+00 -2.68767e+00 -2.71412e+00 -2.33776e+00 -3.09049e+00
1.78880e+05 4.47000e+02 -2.63069e+00 -2.38436e+00 -2.87703e+00 -2.70818e+00 -2.33624e+00 -3.08011e+00
1.79200e+05 4.48000e+02 -2.59258e+00 -2.28394e+00 -2.90123e+00 -2.70243e+00 -2.33525e+00 -3.06962e+00
1.79520e+05 4.48000e+02 -2.59258e+00 -2.28394e+00 -2.90123e+00 -2.69695e+00 -2.33476e+00 -3.05913e+00
1.79840e+05 4.49000e+02 -2.92376e+00 -2.32469e+00 -3.52283e+00 -2.69173e+00 -2.33474e+00 -3.04872e+00
1.80160e+05 4.50000e+02 -2.67645e+00 -2.38096e+00 -2.97194e+00 -2.68678e+00 -2.33511e+00 -3.03844e+00
1.80480e+05 4.51000e+02 -2.85889e+00 -2.49850e+00 -3.21929e+00 -2.68207e+00 -2.33580e+00 -3.02835e+00
1.80800e+05 4.52000e+02 -2.63088e+00 -2.31641e+00 -2.94535e+00 -2.67758e+00 -2.33671e+00 -3.01846e+00
1.81120e+05 4.52000e+02 -2.63088e+00 -2.31641e+00 -2.94535e+00 -2.67327e+00 -2.33775e+00 -3.00878e+00
1.81440e+05 4.53000e+02 -2.58382e+00 -2.21221e+00 -2.95543e+00 -2.66907e+00 -2.33882e+00 -2.99931e+00
1.81760e+05 4.54000e+02 -2.81693e+00 -2.48189e+00 -3.15197e+00 -2.66494e+00 -2.33982e+00 -2.99007e+00
1.82080e+05 4.55000e+02 -2.60962e+00 -2.41577e+00 -2.80348e+00 -2.66088e+00 -2.34068e+00 -2.98107e+00
1.82400e+05 4.56000e+02 -2.42322e+00 -2.15018e+00 -2.69627e+00 -2.65686e+00 -2.34136e+00 -2.97237e+00
1.82720e+05 4.56000e+02 -2.42322e+00 -2.15018e+00 -2.69627e+00 -2.65293e+00 -2.34182e+00 -2.96404e+00
1.83040e+05 4.57000e+02 -2.64858e+00 -2.40168e+00 -2.89548e+00 -2.64913e+00 -2.34206e+00 -2.95620e+00
1.83360e+05 4.58000e+02 -2.60861e+00 -2.20179e+00 -3.01543e+00 -2.64552e+00 -2.34208e+00 -2.94895e+00
1.83680e+05 4.59000e+02 -2.66611e+00 -2.35513e+00 -2.97708e+00 -2.64220e+00 -2.34195e+00 -2.94245e+00
1.84000e+05 4.60000e+02 -2.48389e+00 -2.29507e+00 -2.67271e+00 -2.63924e+00 -2.34171e+00 -2.93677e+00
1.84320e+05 4.60000e+02 -2.48389e+00 -2.29507e+00 -2.67271e+00 -2.63674e+00 -2.34146e+00 -2.93201e+00
1.84640e+05 4.61000e+02 -2.47532e+00 -2.01122e+00 -2.93942e+00 -2.63475e+00 -2.34127e+00 -2.92823e+00
1.84960e+05 4.62000e+02 -2.64162e+00 -2.56979e+00 -2.71346e+00 -2.63331e+00 -2.34122e+00 -2.92540e+00
1.85280e+05 4.63000e+02 -2.58034e+00 -2.27829e+00 -2.88239e+00 -2.63242e+00 -2.34136e+00 -2.92348e+00
1.85600e+05 4.64000e+02 -2.54139e+00 -2.21128e+00 -2.87151e+00 -2.63207e+00 -2.34176e+00 -2.92238e+00
1.85920e+05 4.64000e+02 -2.54139e+00 -2.21128e+00 -2.87151e+00 -2.63218e+00 -2.34242e+00 -2.92194e+00
1.86240e+05 4.65000e+02 -2.54112e+00 -2.16463e+00 -2.91762e+00 -2.63270e+00 -2.34335e+00 -2.92205e+00
1.86560e+05 4.66000e+02 -2.32773e+00 -1.97388e+00 -2.68157e+00 -2.63350e+00 -2.34449e+00 -2.92252e+00
1.86880e+05 4.67000e+02 -2.43871e+00 -1.98535e+00 -2.89206e+00 -2.63448e+00 -2.34580e+00 -2.92317e+00
1.87200e+05 4.68000e+02 -2.53227e+00 -2.25325e+00 -2.81129e+00 -2.63552e+00 -2.34721e+00 -2.92384e+00
1.87520e+05 4.68000e+02 -2.53227e+00 -2.25325e+00 -2.81129e+00 -2.63649e+00 -2.34862e+00 -2.92437e+00
1.87840e+05 4.69000e+02 -2.18011e+00 -1.78524e+00 -2.57498e+00 -2.63729e+00 -2.34996e+00 -2.92462e+00
1.88160e+05 4.70000e+02 -2.32773e+00 -2.09873e+00 -2.55674e+00 -2.63783e+00 -2.35116e+00 -2.92449e+00
1.88480e+05 4.71000e+02 -2.44414e+00 -2.11473e+00 -2.77354e+00 -2.63800e+00 -2.35211e+00 -2.92388e+00
1.88800e+05 4.72000e+02 -2.34097e+00 -2.06055e+00 -2.62139e+00 -2.63774e+00 -2.35274e+00 -2.92275e+00
1.89120e+05 4.72000e+02 -2.34097e+00 -2.06055e+00 -2.62139e+00 -2.63700e+00 -2.35295e+00 -2.92105e+00
1.89440e+05 4.73000e+02 -2.57564e+00 -2.15076e+00 -3.00052e+00 -2.63572e+00 -2.35264e+00 -2.91879e+00
1.89760e+05 4.74000e+02 -2.27689e+00 -1.99041e+00 -2.56337e+00 -2.63386e+00 -2.35173e+00 -2.91599e+00
1.90080e+05 4.75000e+02 -2.55730e+00 -2.38364e+00 -2.73095e+00 -2.63139e+00 -2.35010e+00 -2.91267e+00
1.90400e+05 4.76000e+02 -2.38617e+00 -2.21978e+00 -2.55256e+00 -2.62826e+00 -2.34766e+00 -2.90886e+00
1.90720e+05 4.76000e+02 -2.38617e+00 -2.21978e+00 -2.55256e+00 -2.62444e+00 -2.34432e+00 -2.90456e+00
1.91040e+05 4.77000e+02 -2.45399e+00 -2.26561e+00 -2.64237e+00 -2.61991e+00 -2.34001e+00 -2.89981e+00
1.91360e+05 4.78000e+02 -2.50706e+00 -2.11024e+00 -2.90388e+00 -2.61465e+00 -2.33469e+00 -2.89461e+00
1.91680e+05 4.79000e+02 -2.42445e+00 -2.09751e+00 -2.75139e+00 -2.60865e+00 -2.32834e+00 -2.88896e+00
1.92000e+05 4.80000e+02 -2.22510e+00 -1.92210e+00 -2.52811e+00 -2.60193e+00 -2.32098e+00 -2.88288e+00
1.92320e+05 4.80000e+02 -2.22510e+00 -1.92210e+00 -2.52811e+00 -2.59452e+00 -2.31268e+00 -2.87636e+00
1.92640e+05 4.81000e+02 -2.42022e+00 -2.17627e+00 -2.66417e+00 -2.58649e+00 -2.30355e+00 -2.86943e+00
1.92960e+05 4.82000e+02 -2.39383e+00 -1.98920e+00 -2.79845e+00 -2.57792e+00 -2.29373e+00 -2.86211e+00
1.93280e+05 4.83000e+02 -2.34503e+00 -2.13679e+00 -2.55326e+00 -2.56891e+00 -2.28339e+00 -2.85443e+00
1.93600e+05 4.84000e+02 -2.46631e+00 -2.09288e+00 -2.83974e+00 -2.55959e+00 -2.27275e+00 -2.84642e+00
1.93920e+05 4.84000e+02 -2.46631e+00 -2.09288e+00 -2.83974e+00 -2.55008e+00 -2.26203e+00 -2.83813e+00
1.94240e+05 4.85000e+02 -2.49420e+00 -2.27154e+00 -2.71686e+00 -2.54052e+00 -2.25142e+00 -2.82961e+00
1.94560e+05 4.86000e+02 -2.44110e+00 -2.09559e+00 -2.78661e+00 -2.53103e+00 -2.24113e+00 -2.82093e+00
1.94880e+05 4.87000e+02 -2.42917e+00 -2.13500e+00 -2.72335e+00 -2.52172e+00 -2.23134e+00 -2.81211e+00
1.95200e+05 4.88000e+02 -2.34237e+00 -2.06503e+00 -2.61970e+00 -2.51269e+00 -2.22215e+00 -2.80323e+00
1.95520e+05 4.88000e+02 -2.34237e+00 -2.06503e+00 -2.61970e+00 -2.50401e+00 -2.21368e+00 -2.79434e+00
1.95840e+05 4.89000e+02 -2.46045e+00 -2.04510e+00 -2.87580e+00 -2.49573e+00 -2.20596e+00 -2.78550e+00
1.96160e+05 4.90000e+02 -2.22846e+00 -2.03201e+00 -2.42490e+00 -2.48788e+00 -2.19901e+00 -2.77675e+00
1.96480e+05 4.91000e+02 -2.29436e+00 -1.86751e+00 -2.72121e+00 -2.48049e+00 -2.19283e+00 -2.76814e+00
1.96800e+05 4.92000e+02 -2.24822e+00 -2.01690e+00 -2.47953e+00 -2.47356e+00 -2.18738e+00 -2.75974e+00
1.97120e+05 4.92000e+02 -2.24822e+00 -2.01690e+00 -2.47953e+00 -2.46711e+00 -2.18262e+00 -2.75160e+00
1.97440e+05 4.93000e+02 -2.21250e+00 -1.73956e+00 -2.68543e+00 -2.46112e+00 -2.17846e+00 -2.74377e+00
1.97760e+05 4.94000e+02 -2.56563e+00 -2.34266e+00 -2.78859e+00 -2.45560e+00 -2.17486e+00 -2.73633e+00
1.98080e+05 4.95000e+02 -2.41246e+00 -2.20741e+00 -2.61751e+00 -2.45053e+00 -2.17172e+00 -2.72934e+00
1.98400e+05 4.96000e+02 -2.46789e+00 -2.11706e+00 -2.81872e+00 -2.44592e+00 -2.16898e+00 -2.72286e+00
1.98720e+05 4.96000e+02 -2.46789e+00 -2.11706e+00 -2.81872e+00 -2.44171e+00 -2.16651e+00 -2.71690e+00
1.99040e+05 4.97000e+02 -2.59700e+00 -2.09946e+00 -3.09455e+00 -2.43787e+00 -2.16423e+00 -2.71151e+00
1.99360e+05 4.98000e+02 -2.31128e+00 -2.18672e+00 -2.43584e+00 -2.43435e+00 -2.16203e+00 -2.70667e+00
1.99680e+05 4.99000e+02 -2.15050e+00 -1.92760e+00 -2.37340e+00 -2.43108e+00 -2.15983e+00 -2.70234e+00
2.00000e+05 5.00000e+02 -2.30769e+00 -1.79438e+00 -2.82101e+00 -2.42798e+00 -2.15749e+00 -2.69848e+00
2.00320e+05 5.00000e+02 -2.30769e+00 -1.79438e+00 -2.82101e+00 -2.42500e+00 -2.15498e+00 -2.69502e+00
2.00640e+05 5.01000e+02 -2.14794e+00 -1.82795e+00 -2.46793e+00 -2.42205e+00 -2.15222e+00 -2.69189e+00
2.00960e+05 5.02000e+02 -2.12051e+00 -1.99491e+00 -2.24611e+00 -2.41912e+00 -2.14922e+00 -2.68902e+00
2.01280e+05 5.03000e+02 -2.31260e+00 -1.98191e+00 -2.64328e+00 -2.41617e+00 -2.14600e+00 -2.68635e+00
2.01600e+05 5.04000e+02 -2.18043e+00 -1.89112e+00 -2.46973e+00 -2.41322e+00 -2.14260e+00 -2.68383e+00
2.01920e+05 5.04000e+02 -2.18043e+00 -1.89112e+00 -2.46973e+00 -2.41028e+00 -2.13912e+00 -2.68144e+00
2.02240e+05 5.05000e+02 -2.21011e+00 -1.94978e+00 -2.47044e+00 -2.40737e+00 -2.13560e+00 -2.67915e+00
2.02560e+05 5.06000e+02 -2.21646e+00 -1.99927e+00 -2.43365e+00 -2.40453e+00 -2.13212e+00 -2.67694e+00
2.02880e+05 5.07000e+02 -2.24215e+00 -1.92910e+00 -2.55520e+00 -2.40177e+00 -2.12874e+00 -2.67480e+00
2.03200e+05 5.08000e+02 -2.45086e+00 -2.21072e+00 -2.69100e+00 -2.39906e+00 -2.12543e+00 -2.67270e+00
2.03520e+05 5.08000e+02 -2.45086e+00 -2.21072e+00 -2.69100e+00 -2.39639e+00 -2.12220e+00 -2.67059e+00
2.03840e+05 5.09000e+02 -2.35954e+00 -2.30428e+00 -2.41480e+00 -2.39370e+00 -2.11898e+00 -2.66843e+00
2.04160e+05 5.10000e+02 -2.09328e+00 -1.86303e+00 -2.32352e+00 -2.39092e+00 -2.11569e+00 -2.66615e+00
2.04480e+05 5.11000e+02 -2.42440e+00 -2.27800e+00 -2.57081e+00 -2.38797e+00 -2.11227e+00 -2.66368e+00
2.04800e+05 5.12000e+02 -2.45585e+00 -2.32628e+00 -2.58542e+00 -2.38476e+00 -2.10861e+00 -2.66092e+00
2.05120e+05 5.12000e+02 -2.45585e+00 -2.32628e+00 -2.58542e+00 -2.38122e+00 -2.10465e+00 -2.65779e+00
2.05440e+05 5.13000e+02 -2.14995e+00 -1.82327e+00 -2.47663e+00 -2.37729e+00 -2.10034e+00 -2.65423e+00
2.05760e+05 5.14000e+02 -2.17290e+00 -1.93749e+00 -2.40831e+00 -2.37293e+00 -2.09569e+00 -2.65018e+00
2.06080e+05 5.15000e+02 -2.22904e+00 -2.03363e+00 -2.42445e+00 -2.36815e+00 -2.09072e+00 -2.64559e+00
2.06400e+05 5.16000e+02 -2.36172e+00 -2.11439e+00 -2.60905e+00 -2.36297e+00 -2.08551e+00 -2.64043e+00
2.06720e+05 5.16000e+02 -2.36172e+00 -2.11439e+00 -2.60905e+00 -2.35745e+00 -2.08017e+00 -2.63473e+00
2.07040e+05 5.17000e+02 -2.28514e+00 -2.10718e+00 -2.46310e+00 -2.35167e+00 -2.07487e+00 -2.62847e+00
2.07360e+05 5.18000e+02 -2.28528e+00 -2.07664e+00 -2.49393e+00 -2.34573e+00 -2.06976e+00 -2.62171e+00
2.07680e+05 5.19000e+02 -2.33838e+00 -2.22409e+00 -2.45266e+00 -2.33975e+00 -2.06504e+00 -2.61446e+00
2.08000e+05 5.20000e+02 -2.01442e+00 -1.83298e+00 -2.19587e+00 -2.33383e+00 -2.06087e+00 -2.60679e+00
2.08320e+05 5.20000e+02 -2.01442e+00 -1.83298e+00 -2.19587e+00 -2.32807e+00 -2.05739e+00 -2.59875e+00
2.08640e+05 5.21000e+02 -2.46025e+00 -2.01992e+00 -2.90058e+00 -2.32257e+00 -2.05472e+00 -2.59042e+00
2.08960e+05 5.22000e+02 -2.45295e+00 -2.20762e+00 -2.69828e+00 -2.31739e+00 -2.05294e+00 -2.58184e+00
2.09280e+05 5.23000e+02 -2.15863e+00 -1.92198e+00 -2.39527e+00 -2.31258e+00 -2.05206e+00 -2.57309e+00
2.09600e+05 5.24000e+02 -2.26419e+00 -2.07072e+00 -2.45766e+00 -2.30816e+00 -2.05209e+00 -2.56424e+00
2.09920e+05 5.24000e+02 -2.26419e+00 -2.07072e+00 -2.45766e+00 -2.30416e+00 -2.05301e+00 -2.55532e+00
2.10240e+05 5.25000e+02 -2.29391e+00 -1.97281e+00 -2.61501e+00 -2.30057e+00 -2.05476e+00 -2.54639e+00
2.10560e+05 5.26000e+02 -2.26298e+00 -2.09512e+00 -2.43085e+00 -2.29738e+00 -2.05724e+00 -2.53751e+00
2.10880e+05 5.27000e+02 -2.30313e+00 -2.10752e+00 -2.49875e+00 -2.29455e+00 -2.06037e+00 -2.52874e+00
2.11200e+05 5.28000e+02 -2.26371e+00 -2.07286e+00 -2.45456e+00 -2.29208e+00 -2.06403e+00 -2.52013e+00
2.11520e+05 5.28000e+02 -2.26371e+00 -2.07286e+00 -2.45456e+00 -2.28992e+00 -2.06808e+00 -2.51176e+00
2.11840e+05 5.29000e+02 -2.43781e+00 -2.14575e+00 -2.72988e+00 -2.28807e+00 -2.07239e+00 -2.50375e+00
2.12160e+05 5.30000e+02 -2.09301e+00 -1.81075e+00 -2.37527e+00 -2.28648e+00 -2.07680e+00 -2.49616e+00
2.12480e+05 5.31000e+02 -2.18026e+00 -1.90218e+00 -2.45834e+00 -2.28515e+00 -2.08118e+00 -2.48912e+00
2.12800e+05 5.32000e+02 -2.27945e+00 -1.74208e+00 -2.81682e+00 -2.28405e+00 -2.08541e+00 -2.48268e+00
2.13120e+05 5.32000e+02 -2.27945e+00 -1.74208e+00 -2.81682e+00 -2.28316e+00 -2.08937e+00 -2.47695e+00
2.13440e+05 5.33000e+02 -2.33569e+00 -1.99933e+00 -2.67206e+00 -2.28245e+00 -2.09295e+00 -2.47195e+00
2.13760e+05 5.34000e+02 -2.21175e+00 -2.15611e+00 -2.26740e+00 -2.28192e+00 -2.09611e+00 -2.46773e+00
2.14080e+05 5.35000e+02 -2.42891e+00 -2.16288e+00 -2.69494e+00 -2.28153e+00 -2.09877e+00 -2.46430e+00
2.14400e+05 5.36000e+02 -2.19160e+00 -1.91636e+00 -2.46683e+00 -2.28128e+00 -2.10092e+00 -2.46164e+00
2.14720e+05 5.36000e+02 -2.19160e+00 -1.91636e+00 -2.46683e+00 -2.28113e+00 -2.10251e+00 -2.45974e+00
2.15040e+05 5.37000e+02 -2.16722e+00 -1.90927e+00 -2.42518e+00 -2.28106e+00 -2.10354e+00 -2.45858e+00
2.15360e+05 5.38000e+02 -2.20907e+00 -2.01122e+00 -2.40691e+00 -2.28103e+00 -2.10397e+00 -2.45810e+00
2.15680e+05 5.39000e+02 -2.19898e+00 -1.95615e+00 -2.44182e+00 -2.28103e+00 -2.10382e+00 -2.45825e+00
2.16000e+05 5.40000e+02 -2.21537e+00 -1.93541e+00 -2.49533e+00 -2.28102e+00 -2.10306e+00 -2.45898e+00
2.16320e+05 5.40000e+02 -2.21537e+00 -1.93541e+00 -2.49533e+00 -2.28098e+00 -2.10172e+00 -2.46023e+00
2.16640e+05 5.41000e+02 -2.12857e+00 -1.87538e+00 -2.38177e+00 -2.28087e+00 -2.09984e+00 -2.46190e+00
2.16960e+05 5.42000e+02 -2.12264e+00 -1.78636e+00 -2.45893e+00 -2.28069e+00 -2.09747e+00 -2.46392e+00
2.17280e+05 5.43000e+02 -2.15731e+00 -2.03862e+00 -2.27600e+00 -2.28043e+00 -2.09471e+00 -2.46616e+00
2.17600e+05 5.44000e+02 -2.29525e+00 -1.99810e+00 -2.59240e+00 -2.28008e+00 -2.09162e+00 -2.46854e+00
2.17920e+05 5.44000e+02 -2.29525e+00 -1.99810e+00 -2.59240e+00 -2.27963e+00 -2.08831e+00 -2.47095e+00
2.18240e+05 5.45000e+02 -2.13483e+00 -1.72269e+00 -2.54697e+00 -2.27906e+00 -2.08485e+00 -2.47327e+00
2.18560e+05 5.46000e+02 -2.26057e+00 -1.99489e+00 -2.52624e+00 -2.27836e+00 -2.08133e+00 -2.47540e+00
2.18880e+05 5.47000e+02 -2.24803e+00 -1.92841e+00 -2.56765e+00 -2.27752e+00 -2.07779e+00 -2.47725e+00
2.19200e+05 5.48000e+02 -2.16988e+00 -1.98494e+00 -2.35482e+00 -2.27650e+00 -2.07427e+00 -2.47873e+00
2.19520e+05 5.48000e+02 -2.16988e+00 -1.98494e+00 -2.35482e+00 -2.27527e+00 -2.07078e+00 -2.47976e+00
2.19840e+05 5.49000e+02 -2.25937e+00 -2.12304e+00 -2.39571e+00 -2.27380e+00 -2.06732e+00 -2.48028e+00
2.20160e+05 5.50000e+02 -2.19188e+00 -1.93778e+00 -2.44598e+00 -2.27208e+00 -2.06388e+00 -2.48028e+00
2.20480e+05 5.51000e+02 -2.02967e+00 -1.72546e+00 -2.33388e+00 -2.27007e+00 -2.06042e+00 -2.47973e+00
2.20800e+05 5.52000e+02 -2.27064e+00 -2.04310e+00 -2.49818e+00 -2.26777e+00 -2.05690e+00 -2.47864e+00
2.21120e+05 5.52000e+02 -2.27064e+00 -2.04310e+00 -2.49818e+00 -2.26519e+00 -2.05331e+00 -2.47707e+00
2.21440e+05 5.53000e+02 -2.05461e+00 -1.99085e+00 -2.11837e+00 -2.26233e+00 -2.04960e+00 -2.47506e+00
2.21760e+05 5.54000e+02 -1.97705e+00 -1.67052e+00 -2.28358e+00 -2.25923e+00 -2.04576e+00 -2.47271e+00
2.22080e+05 5.55000e+02 -2.15401e+00 -1.95528e+00 -2.35273e+00 -2.25594e+00 -2.04178e+00 -2.47011e+00
2.22400e+05 5.56000e+02 -2.42272e+00 -2.26133e+00 -2.58410e+00 -2.25251e+00 -2.03768e+00 -2.46734e+00
2.22720e+05 5.56000e+02 -2.42272e+00 -2.26133e+00 -2.58410e+00 -2.24898e+00 -2.03346e+00 -2.46451e+00
2.23040e+05 5.57000e+02 -2.11505e+00 -1.88790e+00 -2.34219e+00 -2.24542e+00 -2.02917e+00 -2.46167e+00
2.23360e+05 5.58000e+02 -2.05896e+00 -2.01427e+00 -2.10366e+00 -2.24185e+00 -2.02483e+00 -2.45888e+00
2.23680e+05 5.59000e+02 -1.99831e+00 -1.92298e+00 -2.07364e+00 -2.23832e+00 -2.02048e+00 -2.45617e+00
2.24000e+05 5.60000e+02 -2.18333e+00 -2.09798e+00 -2.26868e+00 -2.23485e+00 -2.01617e+00 -2.45352e+00
2.24320e+05 5.60000e+02 -2.18333e+00 -2.09798e+00 -2.26868e+00 -2.23142e+00 -2.01194e+00 -2.45090e+00
2.24640e+05 5.61000e+02 -2.03249e+00 -1.71639e+00 -2.34859e+00 -2.22804e+00 -2.00783e+00 -2.44825e+00
2.24960e+05 5.62000e+02 -2.17237e+00 -2.05287e+00 -2.29187e+00 -2.22469e+00 -2.00389e+00 -2.44549e+00
2.25280e+05 5.63000e+02 -2.23838e+00 -2.02710e+00 -2.44965e+00 -2.22136e+00 -2.00017e+00 -2.44255e+00
2.25600e+05 5.64000e+02 -2.11279e+00 -1.81134e+00 -2.41424e+00 -2.21802e+00 -1.99671e+00 -2.43933e+00
2.25920e+05 5.64000e+02 -2.11279e+00 -1.81134e+00 -2.41424e+00 -2.21467e+00 -1.99357e+00 -2.43577e+00
2.26240e+05 5.65000e+02 -2.08508e+00 -1.85374e+00 -2.31642e+00 -2.21130e+00 -1.99080e+00 -2.43180e+00
2.26560e+05 5.66000e+02 -2.32639e+00 -1.94589e+00 -2.70689e+00 -2.20788e+00 -1.98842e+00 -2.42733e+00
2.26880e+05 5.67000e+02 -2.07643e+00 -1.78457e+00 -2.36828e+00 -2.20441e+00 -1.98647e+00 -2.42236e+00
2.27200e+05 5.68000e+02 -2.39329e+00 -2.06365e+00 -2.72293e+00 -2.20089e+00 -1.98495e+00 -2.41684e+00
2.27520e+05 5.68000e+02 -2.39329e+00 -2.06365e+00 -2.72293e+00 -2.19731e+00 -1.98385e+00 -2.41077e+00
2.27840e+05 5.69000e+02 -2.15927e+00 -1.82969e+00 -2.48884e+00 -2.19368e+00 -1.98315e+00 -2.40422e+00
2.28160e+05 5.70000e+02 -2.14923e+00 -2.07526e+00 -2.22321e+00 -2.19001e+00 -1.98280e+00 -2.39722e+00
2.28480e+05 5.71000e+02 -2.10393e+00 -1.89077e+00 -2.31709e+00 -2.18631e+00 -1.98274e+00 -2.38989e+00
2.28800e+05 5.72000e+02 -2.06277e+00 -1.90544e+00 -2.22010e+00 -2.18262e+00 -1.98287e+00 -2.38237e+00
2.29120e+05 5.72000e+02 -2.06277e+00 -1.90544e+00 -2.22010e+00 -2.17898e+00 -1.98314e+00 -2.37481e+00
2.29440e+05 5.73000e+02 -2.05944e+00 -1.83953e+00 -2.27936e+00 -2.17542e+00 -1.98345e+00 -2.36740e+00
2.29760e+05 5.74000e+02 -2.04465e+00 -1.98662e+00 -2.10268e+00 -2.17202e+00 -1.98372e+00 -2.36032e+00
2.30080e+05 5.75000e+02 -2.11904e+00 -1.82097e+00 -2.41711e+00 -2.16882e+00 -1.98390e+00 -2.35375e+00
2.30400e+05 5.76000e+02 -2.11522e+00 -2.04820e+00 -2.18224e+00 -2.16589e+00 -1.98394e+00 -2.34785e+00
2.30720e+05 5.76000e+02 -2.11522e+00 -2.04820e+00 -2.18224e+00 -2.16329e+00 -1.98383e+00 -2.34274e+00
2.31040e+05 5.77000e+02 -2.11255e+00 -1.90858e+00 -2.31652e+00 -2.16104e+00 -1.98355e+00 -2.33853e+00
2.31360e+05 5.78000e+02 -2.08239e+00 -2.04433e+00 -2.12045e+00 -2.15918e+00 -1.98311e+00 -2.33525e+00
2.31680e+05 5.79000e+02 -2.01553e+00 -1.76496e+00 -2.26610e+00 -2.15770e+00 -1.98253e+00 -2.33287e+00
2.32000e+05 5.80000e+02 -2.21034e+00 -1.93502e+00 -2.48566e+00 -2.15658e+00 -1.98183e+00 -2.33133e+00
2.32320e+05 5.80000e+02 -2.21034e+00 -1.93502e+00 -2.48566e+00 -2.15576e+00 -1.98102e+00 -2.33050e+00
2.32640e+05 5.81000e+02 -2.25061e+00 -1.95243e+00 -2.54878e+00 -2.15519e+00 -1.98015e+00 -2.33023e+00
2.32960e+05 5.82000e+02 -2.11050e+00 -1.91184e+00 -2.30916e+00 -2.15478e+00 -1.97922e+00 -2.33033e+00
2.33280e+05 5.83000e+02 -2.10165e+00 -1.98746e+00 -2.21584e+00 -2.15444e+00 -1.97830e+00 -2.33058e+00
2.33600e+05 5.84000e+02 -2.18575e+00 -2.01228e+00 -2.35921e+00 -2.15410e+00 -1.97743e+00 -2.33077e+00
2.33920e+05 5.84000e+02 -2.18575e+00 -2.01228e+00 -2.35921e+00 -2.15366e+00 -1.97666e+00 -2.33067e+00
2.34240e+05 5.85000e+02 -2.10606e+00 -1.99411e+00 -2.21802e+00 -2.15307e+00 -1.97605e+00 -2.33009e+00
2.34560e+05 5.86000e+02 -2.10978e+00 -2.07714e+00 -2.14242e+00 -2.15227e+00 -1.97569e+00 -2.32886e+00
2.34880e+05 5.87000e+02 -2.26712e+00 -2.03522e+00 -2.49902e+00 -2.15125e+00 -1.97564e+00 -2.32685e+00
2.35200e+05 5.88000e+02 -2.20040e+00 -2.10944e+00 -2.29136e+00 -2.14998e+00 -1.97597e+00 -2.32398e+00
2.35520e+05 5.88000e+02 -2.20040e+00 -2.10944e+00 -2.29136e+00 -2.14849e+00 -1.97679e+00 -2.32019e+00
2.35840e+05 5.89000e+02 -2.21703e+00 -1.97386e+00 -2.46019e+00 -2.14682e+00 -1.97817e+00 -2.31547e+00
2.36160e+05 5.90000e+02 -2.15073e+00 -2.02417e+00 -2.27728e+00 -2.14500e+00 -1.98017e+00 -2.30984e+00
2.36480e+05 5.91000e+02 -2.12552e+00 -2.00745e+00 -2.24359e+00 -2.14311e+00 -1.98284e+00 -2.30337e+00
2.36800e+05 5.92000e+02 -2.18211e+00 -1.98453e+00 -2.37969e+00 -2.14119e+00 -1.98624e+00 -2.29615e+00
2.37120e+05 5.92000e+02 -2.18211e+00 -1.98453e+00 -2.37969e+00 -2.13932e+00 -1.99035e+00 -2.28829e+00
2.37440e+05 5.93000e+02 -2.13984e+00 -1.72418e+00 -2.55551e+00 -2.13755e+00 -1.99515e+00 -2.27996e+00
2.37760e+05 5.94000e+02 -2.18792e+00 -2.02459e+00 -2.35124e+00 -2.13595e+00 -2.00059e+00 -2.27131e+00
2.38080e+05 5.95000e+02 -1.97943e+00 -1.84015e+00 -2.11871e+00 -2.13456e+00 -2.00656e+00 -2.26256e+00
2.38400e+05 5.96000e+02 -2.07929e+00 -1.87888e+00 -2.27970e+00 -2.13343e+00 -2.01298e+00 -2.25388e+00
2.38720e+05 5.96000e+02 -2.07929e+00 -1.87888e+00 -2.27970e+00 -2.13260e+00 -2.01971e+00 -2.24550e+00
2.39040e+05 5.97000e+02 -2.23876e+00 -2.05508e+00 -2.42244e+00 -2.13210e+00 -2.02660e+00 -2.23760e+00
2.39360e+05 5.98000e+02 -2.21152e+00 -2.05413e+00 -2.36892e+00 -2.13193e+00 -2.03351e+00 -2.23036e+00
2.39680e+05 5.99000e+02 -2.12408e+00 -2.09109e+00 -2.15706e+00 -2.13210e+00 -2.04027e+00 -2.22393e+00
2.40000e+05 6.00000e+02 -2.08723e+00 -1.88876e+00 -2.28570e+00 -2.13260e+00 -2.04677e+00 -2.21844e+00
2.40320e+05 6.00000e+02 -2.08723e+00 -1.88876e+00 -2.28570e+00 -2.13340e+00 -2.05283e+00 -2.21396e+00
2.40640e+05 6.01000e+02 -1.97921e+00 -1.83264e+00 -2.12578e+00 -2.13445e+00 -2.05835e+00 -2.21055e+00
2.40960e+05 6.02000e+02 -2.10306e+00 -1.87692e+00 -2.32919e+00 -2.13570e+00 -2.06322e+00 -2.20817e+00
2.41280e+05 6.03000e+02 -2.03507e+00 -1.90435e+00 -2.16579e+00 -2.13708e+00 -2.06738e+00 -2.20679e+00
2.41600e+05 6.04000e+02 -2.04759e+00 -1.78788e+00 -2.30730e+00 -2.13854e+00 -2.07077e+00 -2.20632e+00
2.41920e+05 6.04000e+02 -2.04759e+00 -1.78788e+00 -2.30730e+00 -2.14002e+00 -2.07337e+00 -2.20666e+00
2.42240e+05 6.05000e+02 -2.12677e+00 -2.00656e+00 -2.24698e+00 -2.14144e+00 -2.07520e+00 -2.20769e+00
2.42560e+05 6.06000e+02 -2.27359e+00 -2.20134e+00 -2.34584e+00 -2.14277e+00 -2.07627e+00 -2.20927e+00
2.42880e+05 6.07000e+02 -2.14170e+00 -2.08371e+00 -2.19969e+00 -2.14395e+00 -2.07661e+00 -2.21129e+00
2.43200e+05 6.08000e+02 -2.16669e+00 -2.07289e+00 -2.26049e+00 -2.14495e+00 -2.07626e+00 -2.21363e+00
2.43520e+05 6.08000e+02 -2.16669e+00 -2.07289e+00 -2.26049e+00 -2.14571e+00 -2.07526e+00 -2.21616e+00
2.43840e+05 6.09000e+02 -1.95678e+00 -1.76140e+00 -2.15217e+00 -2.14621e+00 -2.07369e+00 -2.21873e+00
2.44160e+05 6.10000e+02 -2.20029e+00 -1.94599e+00 -2.45459e+00 -2.14642e+00 -2.07160e+00 -2.22124e+00
2.44480e+05 6.11000e+02 -2.02186e+00 -1.96024e+00 -2.08347e+00 -2.14631e+00 -2.06908e+00 -2.22354e+00
2.44800e+05 6.12000e+02 -2.19318e+00 -2.05753e+00 -2.32883e+00 -2.14587e+00 -2.06623e+00 -2.22551e+00
2.45120e+05 6.12000e+02 -2.19318e+00 -2.05753e+00 -2.32883e+00 -2.14511e+00 -2.06313e+00 -2.22708e+00
2.45440e+05 6.13000e+02 -2.19754e+00 -2.12563e+00 -2.26945e+00 -2.14403e+00 -2.05990e+00 -2.22816e+00
2.45760e+05 6.14000e+02 -2.32547e+00 -2.20529e+00 -2.44565e+00 -2.14268e+00 -2.05663e+00 -2.22873e+00
2.46080e+05 6.15000e+02 -2.30194e+00 -2.06786e+00 -2.53602e+00 -2.14109e+00 -2.05344e+00 -2.22874e+00
2.46400e+05 6.16000e+02 -2.20512e+00 -1.92346e+00 -2.48678e+00 -2.13933e+00 -2.05042e+00 -2.22824e+00
2.46720e+05 6.16000e+02 -2.20512e+00 -1.92346e+00 -2.48678e+00 -2.13743e+00 -2.04763e+00 -2.22724e+00
2.47040e+05 6.17000e+02 -2.15566e+00 -2.07963e+00 -2.23169e+00 -2.13548e+00 -2.04515e+00 -2.22580e+00
2.47360e+05 6.18000e+02 -2.49314e+00 -2.36380e+00 -2.62249e+00 -2.13351e+00 -2.04302e+00 -2.22400e+00
2.47680e+05 6.19000e+02 -2.18082e+00 -2.03951e+00 -2.32214e+00 -2.13158e+00 -2.04127e+00 -2.22189e+00
2.48000e+05 6.20000e+02 -2.23646e+00 -2.15784e+00 -2.31508e+00 -2.12976e+00 -2.03993e+00 -2.21960e+00
2.48320e+05 6.20000e+02 -2.23646e+00 -2.15784e+00 -2.31508e+00 -2.12811e+00 -2.03902e+00 -2.21719e+00
2.48640e+05 6.21000e+02 -2.27618e+00 -2.22010e+00 -2.33226e+00 -2.12667e+00 -2.03856e+00 -2.21479e+00
2.48960e+05 6.22000e+02 -2.21384e+00 -2.07455e+00 -2.35314e+00 -2.12554e+00 -2.03855e+00 -2.21253e+00
2.49280e+05 6.23000e+02 -2.10826e+00 -1.93941e+00 -2.27711e+00 -2.12476e+00 -2.03900e+00 -2.21053e+00
2.49600e+05 6.24000e+02 -2.02627e+00 -1.86394e+00 -2.18860e+00 -2.12442e+00 -2.03990e+00 -2.20893e+00
2.49920e+05 6.24000e+02 -2.02627e+00 -1.86394e+00 -2.18860e+00 -2.12457e+00 -2.04127e+00 -2.20787e+00
2.50240e+05 6.25000e+02 -2.12419e+00 -1.90683e+00 -2.34155e+00 -2.12527e+00 -2.04306e+00 -2.20747e+00
2.50560e+05 6.26000e+02 -2.00571e+00 -1.80504e+00 -2.20637e+00 -2.12657e+00 -2.04529e+00 -2.20785e+00
2.50880e+05 6.27000e+02 -2.31474e+00 -2.00434e+00 -2.62513e+00 -2.12850e+00 -2.04793e+00 -2.20908e+00
2.51200e+05 6.28000e+02 -2.26810e+00 -2.10628e+00 -2.42991e+00 -2.13107e+00 -2.05094e+00 -2.21120e+00
2.51520e+05 6.28000e+02 -2.26810e+00 -2.10628e+00 -2.42991e+00 -2.13426e+00 -2.05431e+00 -2.21420e+00
2.51840e+05 6.29000e+02 -1.99335e+00 -1.81067e+00 -2.17604e+00 -2.13802e+00 -2.05800e+00 -2.21803e+00
2.52160e+05 6.30000e+02 -2.38323e+00 -2.11010e+00 -2.65635e+00 -2.14226e+00 -2.06194e+00 -2.22258e+00
2.52480e+05 6.31000e+02 -2.48846e+00 -2.17205e+00 -2.80487e+00 -2.14690e+00 -2.06608e+00 -2.22771e+00
2.52800e+05 6.32000e+02 -2.32783e+00 -2.15789e+00 -2.49777e+00 -2.15179e+00 -2.07032e+00 -2.23325e+00
2.53120e+05 6.32000e+02 -2.32783e+00 -2.15789e+00 -2.49777e+00 -2.15679e+00 -2.07458e+00 -2.23900e+00
2.53440e+05 6.33000e+02 -2.38564e+00 -2.11713e+00 -2.65415e+00 -2.16175e+00 -2.07873e+00 -2.24477e+00
2.53760e+05 6.34000e+02 -2.36243e+00 -1.94542e+00 -2.77943e+00 -2.16653e+00 -2.08267e+00 -2.25039e+00
2.54080e+05 6.35000e+02 -2.25676e+00 -2.07786e+00 -2.43566e+00 -2.17099e+00 -2.08628e+00 -2.25570e+00
2.54400e+05 6.36000e+02 -2.23244e+00 -1.87967e+00 -2.58521e+00 -2.17504e+00 -2.08942e+00 -2.26065e+00
2.54720e+05 6.36000e+02 -2.23244e+00 -1.87967e+00 -2.58521e+00 -2.17862e+00 -2.09203e+00 -2.26521e+00
2.55040e+05 6.37000e+02 -2.21281e+00 -2.09838e+00 -2.32724e+00 -2.18170e+00 -2.09399e+00 -2.26941e+00
2.55360e+05 6.38000e+02 -2.18475e+00 -2.02222e+00 -2.34727e+00 -2.18433e+00 -2.09528e+00 -2.27337e+00
2.55680e+05 6.39000e+02 -2.22704e+00 -1.90802e+00 -2.54606e+00 -2.18656e+00 -2.09588e+00 -2.27724e+00
2.56000e+05 6.40000e+02 -2.27499e+00 -2.13348e+00 -2.41650e+00 -2.18849e+00 -2.09580e+00 -2.28118e+00
2.56320e+05 6.40000e+02 -2.27499e+00 -2.13348e+00 -2.41650e+00 -2.19027e+00 -2.09514e+00 -2.28540e+00
2.56640e+05 6.41000e+02 -2.42921e+00 -2.25180e+00 -2.60662e+00 -2.19201e+00 -2.09397e+00 -2.29004e+00
2.56960e+05 6.42000e+02 -2.37783e+00 -2.09548e+00 -2.66018e+00 -2.19385e+00 -2.09243e+00 -2.29528e+00
2.57280e+05 6.43000e+02 -2.20742e+00 -1.95363e+00 -2.46121e+00 -2.19591e+00 -2.09063e+00 -2.30119e+00
2.57600e+05 6.44000e+02 -2.22352e+00 -1.86740e+00 -2.57963e+00 -2.19827e+00 -2.08869e+00 -2.30785e+00
2.57920e+05 6.44000e+02 -2.22352e+00 -1.86740e+00 -2.57963e+00 -2.20097e+00 -2.08670e+00 -2.31524e+00
2.58240e+05 6.45000e+02 -2.20185e+00 -2.00542e+00 -2.39828e+00 -2.20403e+00 -2.08473e+00 -2.32333e+00
2.58560e+05 6.46000e+02 -2.06894e+00 -1.89773e+00 -2.24015e+00 -2.20743e+00 -2.08282e+00 -2.33203e+00
2.58880e+05 6.47000e+02 -2.29510e+00 -2.08756e+00 -2.50264e+00 -2.21112e+00 -2.08101e+00 -2.34123e+00
2.59200e+05 6.48000e+02 -2.50700e+00 -2.27832e+00 -2.73568e+00 -2.21505e+00 -2.07933e+00 -2.35077e+00
2.59520e+05 6.48000e+02 -2.50700e+00 -2.27832e+00 -2.73568e+00 -2.21915e+00 -2.07778e+00 -2.36051e+00
2.59840e+05 6.49000e+02 -2.19230e+00 -1.98375e+00 -2.40085e+00 -2.22334e+00 -2.07639e+00 -2.37029e+00
2.60160e+05 6.50000e+02 -2.24446e+00 -2.07511e+00 -2.41381e+00 -2.22756e+00 -2.07518e+00 -2.37994e+00
2.60480e+05 6.51000e+02 -2.26756e+00 -2.23251e+00 -2.30261e+00 -2.23175e+00 -2.07417e+00 -2.38933e+00
2.60800e+05 6.52000e+02 -2.19339e+00 -2.14223e+00 -2.24455e+00 -2.23583e+00 -2.07336e+00 -2.39830e+00
2.61120e+05 6.52000e+02 -2.19339e+00 -2.14223e+00 -2.24455e+00 -2.23974e+00 -2.07275e+00 -2.40673e+00
2.61440e+05 6.53000e+02 -2.29754e+00 -2.14168e+00 -2.45341e+00 -2.24344e+00 -2.07234e+00 -2.41453e+00
2.61760e+05 6.54000e+02 -2.18329e+00 -2.08919e+00 -2.27738e+00 -2.24685e+00 -2.07212e+00 -2.42159e+00
2.62080e+05 6.55000e+02 -2.11323e+00 -1.97430e+00 -2.25217e+00 -2.24996e+00 -2.07208e+00 -2.42785e+00
2.62400e+05 6.56000e+02 -2.37494e+00 -2.14516e+00 -2.60473e+00 -2.25275e+00 -2.07223e+00 -2.43327e+00
2.62720e+05 6.56000e+02 -2.37494e+00 -2.14516e+00 -2.60473e+00 -2.25519e+00 -2.07254e+00 -2.43783e+00
2.63040e+05 6.57000e+02 -2.34364e+00 -2.12453e+00 -2.56275e+00 -2.25729e+00 -2.07304e+00 -2.44153e+00
2.63360e+05 6.58000e+02 -2.20190e+00 -2.01149e+00 -2.39231e+00 -2.25906e+00 -2.07375e+00 -2.44437e+00
2.63680e+05 6.59000e+02 -2.38101e+00 -2.15443e+00 -2.60760e+00 -2.26052e+00 -2.07466e+00 -2.44638e+00
2.64000e+05 6.60000e+02 -2.23050e+00 -1.98550e+00 -2.47549e+00 -2.26168e+00 -2.07580e+00 -2.44756e+00
2.64320e+05 6.60000e+02 -2.23050e+00 -1.98550e+00 -2.47549e+00 -2.26256e+00 -2.07719e+00 -2.44794e+00
2.64640e+05 6.61000e+02 -2.25357e+00 -2.00550e+00 -2.50164e+00 -2.26319e+00 -2.07884e+00 -2.44755e+00
2.64960e+05 6.62000e+02 -2.24892e+00 -1.78142e+00 -2.71643e+00 -2.26358e+00 -2.08074e+00 -2.44642e+00
2.65280e+05 6.63000e+02 -2.30323e+00 -2.06312e+00 -2.54334e+00 -2.26375e+00 -2.08289e+00 -2.44461e+00
2.65600e+05 6.64000e+02 -2.33145e+00 -2.10355e+00 -2.55934e+00 -2.26373e+00 -2.08528e+00 -2.44218e+00
2.65920e+05 6.64000e+02 -2.33145e+00 -2.10355e+00 -2.55934e+00 -2.26354e+00 -2.08786e+00 -2.43921e+00
2.66240e+05 6.65000e+02 -2.46449e+00 -2.06606e+00 -2.86292e+00 -2.26320e+00 -2.09059e+00 -2.43582e+00
2.66560e+05 6.66000e+02 -2.22176e+00 -1.88450e+00 -2.55901e+00 -2.26277e+00 -2.09342e+00 -2.43213e+00
2.66880e+05 6.67000e+02 -2.27677e+00 -1.98452e+00 -2.56902e+00 -2.26228e+00 -2.09629e+00 -2.42828e+00
2.67200e+05 6.68000e+02 -2.26050e+00 -2.06291e+00 -2.45809e+00 -2.26177e+00 -2.09911e+00 -2.42443e+00
2.67520e+05 6.68000e+02 -2.26050e+00 -2.06291e+00 -2.45809e+00 -2.26127e+00 -2.10181e+00 -2.42074e+00
2.67840e+05 6.69000e+02 -2.27092e+00 -2.05084e+00 -2.49101e+00 -2.26083e+00 -2.10428e+00 -2.41737e+00
2.68160e+05 6.70000e+02 -2.25915e+00 -1.97045e+00 -2.54786e+00 -2.26048e+00 -2.10647e+00 -2.41448e+00
2.68480e+05 6.71000e+02 -2.15729e+00 -2.09541e+00 -2.21918e+00 -2.26024e+00 -2.10827e+00 -2.41221e+00
2.68800e+05 6.72000e+02 -2.05300e+00 -1.69130e+00 -2.41469e+00 -2.26016e+00 -2.10963e+00 -2.41070e+00
2.69120e+05 6.72000e+02 -2.05300e+00 -1.69130e+00 -2.41469e+00 -2.26027e+00 -2.11047e+00 -2.41006e+00
2.69440e+05 6.73000e+02 -2.11646e+00 -1.99013e+00 -2.24280e+00 -2.26057e+00 -2.11077e+00 -2.41038e+00
2.69760e+05 6.74000e+02 -2.20521e+00 -1.94309e+00 -2.46733e+00 -2.26109e+00 -2.11050e+00 -2.41168e+00
2.70080e+05 6.75000e+02 -2.38881e+00 -2.08179e+00 -2.69584e+00 -2.26183e+00 -2.10968e+00 -2.41398e+00
2.70400e+05 6.76000e+02 -2.06805e+00 -1.77392e+00 -2.36218e+00 -2.26276e+00 -2.10831e+00 -2.41721e+00
2.70720e+05 6.76000e+02 -2.06805e+00 -1.77392e+00 -2.36218e+00 -2.26388e+00 -2.10645e+00 -2.42131e+00
2.71040e+05 6.77000e+02 -2.13932e+00 -1.88849e+00 -2.39016e+00 -2.26513e+00 -2.10413e+00 -2.42613e+00
2.71360e+05 6.78000e+02 -2.41474e+00 -2.14660e+00 -2.68288e+00 -2.26645e+00 -2.10140e+00 -2.43150e+00
2.71680e+05 6.79000e+02 -2.28649e+00 -1.90682e+00 -2.66617e+00 -2.26775e+00 -2.09829e+00 -2.43722e+00
2.72000e+05 6.80000e+02 -2.18670e+00 -1.84767e+00 -2.52573e+00 -2.26896e+00 -2.09484e+00 -2.44309e+00
2.72320e+05 6.80000e+02 -2.18670e+00 -1.84767e+00 -2.52573e+00 -2.26999e+00 -2.09107e+00 -2.44892e+00
2.72640e+05 6.81000e+02 -1.97819e+00 -1.82534e+00 -2.13103e+00 -2.27074e+00 -2.08700e+00 -2.45447e+00
2.72960e+05 6.82000e+02 -2.30302e+00 -2.14428e+00 -2.46175e+00 -2.27113e+00 -2.08265e+00 -2.45961e+00
2.73280e+05 6.83000e+02 -2.11215e+00 -1.80921e+00 -2.41508e+00 -2.27110e+00 -2.07802e+00 -2.46418e+00
2.73600e+05 6.84000e+02 -1.97606e+00 -1.79024e+00 -2.16188e+00 -2.27061e+00 -2.07314e+00 -2.46808e+00
2.73920e+05 6.84000e+02 -1.97606e+00 -1.79024e+00 -2.16188e+00 -2.26965e+00 -2.06802e+00 -2.47128e+00
2.74240e+05 6.85000e+02 -2.21799e+00 -1.90045e+00 -2.53552e+00 -2.26823e+00 -2.06272e+00 -2.47374e+00
2.74560e+05 6.86000e+02 -2.24144e+00 -1.96392e+00 -2.51895e+00 -2.26639e+00 -2.05727e+00 -2.47550e+00
2.74880e+05 6.87000e+02 -2.02695e+00 -1.80634e+00 -2.24757e+00 -2.26417e+00 -2.05172e+00 -2.47662e+00
2.75200e+05 6.88000e+02 -2.21180e+00 -1.82412e+00 -2.59948e+00 -2.26162e+00 -2.04613e+00 -2.47711e+00
2.75520e+05 6.88000e+02 -2.21180e+00 -1.82412e+00 -2.59948e+00 -2.25882e+00 -2.04057e+00 -2.47707e+00
2.75840e+05 6.89000e+02 -2.11076e+00 -1.89309e+00 -2.32842e+00 -2.25581e+00 -2.03510e+00 -2.47651e+00
2.76160e+05 6.90000e+02 -2.07320e+00 -1.81852e+00 -2.32789e+00 -2.25263e+00 -2.02978e+00 -2.47547e+00
2.76480e+05 6.91000e+02 -2.24146e+00 -1.84720e+00 -2.63571e+00 -2.24932e+00 -2.02470e+00 -2.47394e+00
2.76800e+05 6.92000e+02 -2.12216e+00 -1.96979e+00 -2.27453e+00 -2.24590e+00 -2.01986e+00 -2.47193e+00
2.77120e+05 6.92000e+02 -2.12216e+00 -1.96979e+00 -2.27453e+00 -2.24237e+00 -2.01533e+00 -2.46941e+00
2.77440e+05 6.93000e+02 -2.23287e+00 -1.87880e+00 -2.58694e+00 -2.23875e+00 -2.01112e+00 -2.46638e+00
2.77760e+05 6.94000e+02 -2.12400e+00 -1.72600e+00 -2.52201e+00 -2.23502e+00 -2.00722e+00 -2.46282e+00
2.78080e+05 6.95000e+02 -2.32917e+00 -1.87481e+00 -2.78353e+00 -2.23119e+00 -2.00364e+00 -2.45875e+00
2.78400e+05 6.96000e+02 -2.20263e+00 -1.81997e+00 -2.58530e+00 -2.22727e+00 -2.00033e+00 -2.45420e+00
2.78720e+05 6.96000e+02 -2.20263e+00 -1.81997e+00 -2.58530e+00 -2.22324e+00 -1.99728e+00 -2.44920e+00
2.79040e+05 6.97000e+02 -2.17355e+00 -1.94350e+00 -2.40359e+00 -2.21913e+00 -1.99443e+00 -2.44382e+00
2.79360e+05 6.98000e+02 -2.11880e+00 -1.78459e+00 -2.45302e+00 -2.21495e+00 -1.99174e+00 -2.43815e+00
2.79680e+05 6.99000e+02 -2.31667e+00 -1.98464e+00 -2.64870e+00 -2.21072e+00 -1.98917e+00 -2.43227e+00
2.80000e+05 7.00000e+02 -2.11347e+00 -1.51627e+00 -2.71067e+00 -2.20648e+00 -1.98668e+00 -2.42629e+00
2.80320e+05 7.00000e+02 -2.11347e+00 -1.51627e+00 -2.71067e+00 -2.20229e+00 -1.98423e+00 -2.42034e+00
2.80640e+05 7.01000e+02 -2.27974e+00 -1.76577e+00 -2.79371e+00 -2.19818e+00 -1.98180e+00 -2.41455e+00
2.80960e+05 7.02000e+02 -2.27127e+00 -1.83433e+00 -2.70820e+00 -2.19421e+00 -1.97934e+00 -2.40908e+00
2.81280e+05 7.03000e+02 -2.32694e+00 -1.76831e+00 -2.88557e+00 -2.19045e+00 -1.97682e+00 -2.40407e+00
2.81600e+05 7.04000e+02 -2.22118e+00 -1.83292e+00 -2.60944e+00 -2.18695e+00 -1.97420e+00 -2.39971e+00
2.81920e+05 7.04000e+02 -2.22118e+00 -1.83292e+00 -2.60944e+00 -2.18377e+00 -1.97142e+00 -2.39613e+00
2.82240e+05 7.05000e+02 -2.20608e+00 -1.70873e+00 -2.70344e+00 -2.18096e+00 -1.96842e+00 -2.39350e+00
2.82560e+05 7.06000e+02 -2.20132e+00 -1.69209e+00 -2.71054e+00 -2.17855e+00 -1.96516e+00 -2.39194e+00
2.82880e+05 7.07000e+02 -2.17711e+00 -1.79808e+00 -2.55615e+00 -2.17657e+00 -1.96157e+00 -2.39156e+00
2.83200e+05 7.08000e+02 -2.39045e+00 -1.85423e+00 -2.92666e+00 -2.17503e+00 -1.95762e+00 -2.39244e+00
2.83520e+05 7.08000e+02 -2.39045e+00 -1.85423e+00 -2.92666e+00 -2.17396e+00 -1.95329e+00 -2.39463e+00
2.83840e+05 7.09000e+02 -2.33458e+00 -1.84487e+00 -2.82429e+00 -2.17335e+00 -1.94856e+00 -2.39814e+00
2.84160e+05 7.10000e+02 -2.41934e+00 -1.88982e+00 -2.94886e+00 -2.17320e+00 -1.94344e+00 -2.40296e+00
2.84480e+05 7.11000e+02 -2.23465e+00 -1.88971e+00 -2.57960e+00 -2.17350e+00 -1.93795e+00 -2.40905e+00
2.84800e+05 7.12000e+02 -2.32028e+00 -2.06568e+00 -2.57489e+00 -2.17425e+00 -1.93212e+00 -2.41637e+00
2.85120e+05 7.12000e+02 -2.32028e+00 -2.06568e+00 -2.57489e+00 -2.17541e+00 -1.92598e+00 -2.42484e+00
2.85440e+05 7.13000e+02 -2.56556e+00 -2.27105e+00 -2.86008e+00 -2.17696e+00 -1.91958e+00 -2.43434e+00
2.85760e+05 7.14000e+02 -2.20079e+00 -1.69655e+00 -2.70504e+00 -2.17887e+00 -1.91297e+00 -2.44477e+00
2.86080e+05 7.15000e+02 -2.58996e+00 -2.15124e+00 -3.02868e+00 -2.18111e+00 -1.90621e+00 -2.45602e+00
2.86400e+05 7.16000e+02 -2.20990e+00 -1.60850e+00 -2.81129e+00 -2.18366e+00 -1.89936e+00 -2.46796e+00
2.86720e+05 7.16000e+02 -2.20990e+00 -1.60850e+00 -2.81129e+00 -2.18649e+00 -1.89251e+00 -2.48046e+00
2.87040e+05 7.17000e+02 -2.14625e+00 -1.69524e+00 -2.59725e+00 -2.18958e+00 -1.88576e+00 -2.49341e+00
2.87360e+05 7.18000e+02 -2.44756e+00 -2.14936e+00 -2.74577e+00 -2.19295e+00 -1.87923e+00 -2.50667e+00
2.87680e+05 7.19000e+02 -2.24860e+00 -1.96234e+00 -2.53486e+00 -2.19659e+00 -1.87304e+00 -2.52014e+00
2.88000e+05 7.20000e+02 -2.30021e+00 -1.87290e+00 -2.72752e+00 -2.20050e+00 -1.86733e+00 -2.53367e+00
2.88320e+05 7.20000e+02 -2.30021e+00 -1.87290e+00 -2.72752e+00 -2.20471e+00 -1.86224e+00 -2.54718e+00
2.88640e+05 7.21000e+02 -2.09327e+00 -1.87017e+00 -2.31637e+00 -2.20923e+00 -1.85790e+00 -2.56056e+00
2.88960e+05 7.22000e+02 -2.21517e+00 -1.84975e+00 -2.58058e+00 -2.21406e+00 -1.85442e+00 -2.57371e+00
2.89280e+05 7.23000e+02 -2.24650e+00 -1.77618e+00 -2.71683e+00 -2.21922e+00 -1.85185e+00 -2.58659e+00
2.89600e+05 7.24000e+02 -2.18470e+00 -1.80153e+00 -2.56787e+00 -2.22467e+00 -1.85023e+00 -2.59911e+00
2.89920e+05 7.24000e+02 -2.18470e+00 -1.80153e+00 -2.56787e+00 -2.23038e+00 -1.84955e+00 -2.61121e+00
2.90240e+05 7.25000e+02 -2.25110e+00 -1.89587e+00 -2.60633e+00 -2.23631e+00 -1.84978e+00 -2.62283e+00
2.90560e+05 7.26000e+02 -2.23119e+00 -2.08020e+00 -2.38217e+00 -2.24237e+00 -1.85084e+00 -2.63391e+00
2.90880e+05 7.27000e+02 -2.22396e+00 -1.85105e+00 -2.59686e+00 -2.24849e+00 -1.85262e+00 -2.64435e+00
2.91200e+05 7.28000e+02 -2.11539e+00 -1.81633e+00 -2.41444e+00 -2.25455e+00 -1.85503e+00 -2.65406e+00
2.91520e+05 7.28000e+02 -2.11539e+00 -1.81633e+00 -2.41444e+00 -2.26044e+00 -1.85794e+00 -2.66294e+00
2.91840e+05 7.29000e+02 -2.31196e+00 -1.92598e+00 -2.69793e+00 -2.26605e+00 -1.86122e+00 -2.67088e+00
2.92160e+05 7.30000e+02 -2.19550e+00 -1.98946e+00 -2.40154e+00 -2.27124e+00 -1.86472e+00 -2.67777e+00
2.92480e+05 7.31000e+02 -2.09032e+00 -1.73940e+00 -2.44124e+00 -2.27592e+00 -1.86831e+00 -2.68353e+00
2.92800e+05 7.32000e+02 -2.21638e+00 -1.64747e+00 -2.78530e+00 -2.27999e+00 -1.87189e+00 -2.68809e+00
2.93120e+05 7.32000e+02 -2.21638e+00 -1.64747e+00 -2.78530e+00 -2.28337e+00 -1.87534e+00 -2.69139e+00
2.93440e+05 7.33000e+02 -2.17431e+00 -1.84691e+00 -2.50172e+00 -2.28600e+00 -1.87860e+00 -2.69339e+00
2.93760e+05 7.34000e+02 -2.10258e+00 -1.85612e+00 -2.34905e+00 -2.28785e+00 -1.88159e+00 -2.69411e+00
2.94080e+05 7.35000e+02 -2.11023e+00 -2.05833e+00 -2.16214e+00 -2.28892e+00 -1.88430e+00 -2.69355e+00
2.94400e+05 7.36000e+02 -2.33797e+00 -1.81594e+00 -2.86001e+00 -2.28922e+00 -1.88668e+00 -2.69176e+00
2.94720e+05 7.36000e+02 -2.33797e+00 -1.81594e+00 -2.86001e+00 -2.28877e+00 -1.88874e+00 -2.68881e+00
2.95040e+05 7.37000e+02 -2.08073e+00 -1.84650e+00 -2.31496e+00 -2.28763e+00 -1.89047e+00 -2.68479e+00
2.95360e+05 7.38000e+02 -2.25681e+00 -1.80376e+00 -2.70985e+00 -2.28585e+00 -1.89191e+00 -2.67980e+00
2.95680e+05 7.39000e+02 -2.28884e+00 -1.80016e+00 -2.77752e+00 -2.28350e+00 -1.89302e+00 -2.67397e+00
2.96000e+05 7.40000e+02 -2.19432e+00 -1.92154e+00 -2.46709e+00 -2.28062e+00 -1.89383e+00 -2.66741e+00
2.96320e+05 7.40000e+02 -2.19432e+00 -1.92154e+00 -2.46709e+00 -2.27729e+00 -1.89433e+00 -2.66025e+00
2.96640e+05 7.41000e+02 -2.26175e+00 -1.95414e+00 -2.56937e+00 -2.27357e+00 -1.89455e+00 -2.65259e+00
2.96960e+05 7.42000e+02 -2.26748e+00 -1.97742e+00 -2.55753e+00 -2.26952e+00 -1.89450e+00 -2.64454e+00
2.97280e+05 7.43000e+02 -2.23718e+00 -1.96825e+00 -2.50612e+00 -2.26519e+00 -1.89419e+00 -2.63620e+00
2.97600e+05 7.44000e+02 -2.21466e+00 -1.87783e+00 -2.55148e+00 -2.26066e+00 -1.89369e+00 -2.62763e+00
2.97920e+05 7.44000e+02 -2.21466e+00 -1.87783e+00 -2.55148e+00 -2.25597e+00 -1.89301e+00 -2.61893e+00
2.98240e+05 7.45000e+02 -2.28861e+00 -2.01618e+00 -2.56104e+00 -2.25120e+00 -1.89222e+00 -2.61018e+00
2.98560e+05 7.46000e+02 -2.37946e+00 -2.00820e+00 -2.75073e+00 -2.24642e+00 -1.89134e+00 -2.60149e+00
2.98880e+05 7.47000e+02 -2.33023e+00 -2.05370e+00 -2.60677e+00 -2.24169e+00 -1.89044e+00 -2.59295e+00
2.99200e+05 7.48000e+02 -2.14546e+00 -1.99518e+00 -2.29574e+00 -2.23710e+00 -1.88955e+00 -2.58465e+00
2.99520e+05 7.48000e+02 -2.14546e+00 -1.99518e+00 -2.29574e+00 -2.23273e+00 -1.88873e+00 -2.57672e+00
2.99840e+05 7.49000e+02 -2.18586e+00 -1.86798e+00 -2.50373e+00 -2.22863e+00 -1.88803e+00 -2.56923e+00
3.00160e+05 7.50000e+02 -2.19179e+00 -1.99674e+00 -2.38684e+00 -2.22488e+00 -1.88750e+00 -2.56227e+00
3.00480e+05 7.51000e+02 -2.17080e+00 -1.95109e+00 -2.39051e+00 -2.22154e+00 -1.88719e+00 -2.55590e+00
3.00800e+05 7.52000e+02 -2.18256e+00 -1.83173e+00 -2.53339e+00 -2.21867e+00 -1.88717e+00 -2.55016e+00