0.00000e+00 0.00000e+00 -1.13655e+01 -9.82772e+00 -1.29033e+01 -1.13655e+01 -9.82772e+00 -1.29033e+01
3.20000e+02 0.00000e+00 -1.13655e+01 -9.82772e+00 -1.29033e+01 -1.13655e+01 -9.82772e+00 -1.29033e+01
6.40000e+02 1.00000e+00 -9.05041e+00 -7.92674e+00 -1.01741e+01 -1.13655e+01 -9.82772e+00 -1.29033e+01
9.60000e+02 2.00000e+00 -1.03742e+01 -9.89023e+00 -1.08581e+01 -1.13655e+01 -9.82772e+00 -1.29033e+01
1.28000e+03 3.00000e+00 -1.28920e+01 -1.16085e+01 -1.41755e+01 -1.13655e+01 -9.82772e+00 -1.29033e+01
1.60000e+03 4.00000e+00 -1.14320e+01 -9.51400e+00 -1.33500e+01 -1.13655e+01 -9.82772e+00 -1.29033e+01
1.92000e+03 4.00000e+00 -1.14320e+01 -9.51400e+00 -1.33500e+01 -1.13655e+01 -9.82771e+00 -1.29033e+01
2.24000e+03 5.00000e+00 -1.19081e+01 -1.05083e+01 -1.33080e+01 -1.13655e+01 -9.82770e+00 -1.29033e+01
2.56000e+03 6.00000e+00 -1.15996e+01 -9.71462e+00 -1.34845e+01 -1.13653e+01 -9.82763e+00 -1.29030e+01
2.88000e+03 7.00000e+00 -1.22359e+01 -9.69136e+00 -1.47805e+01 -1.13649e+01 -9.82754e+00 -1.29023e+01
3.20000e+03 8.00000e+00 -9.52013e+00 -8.89018e+00 -1.01501e+01 -1.13642e+01 -9.82740e+00 -1.29009e+01
3.52000e+03 8.00000e+00 -9.52013e+00 -8.89018e+00 -1.01501e+01 -1.13628e+01 -9.82726e+00 -1.28983e+01
3.84000e+03 9.00000e+00 -9.09267e+00 -6.39331e+00 -1.17920e+01 -1.13607e+01 -9.82731e+00 -1.28940e+01
4.16000e+03 1.00000e+01 -9.77238e+00 -7.52706e+00 -1.20177e+01 -1.13576e+01 -9.82780e+00 -1.28873e+01
4.48000e+03 1.10000e+01 -8.68729e+00 -7.27468e+00 -1.00999e+01 -1.13534e+01 -9.82922e+00 -1.28776e+01
4.80000e+03 1.20000e+01 -9.24645e+00 -8.42453e+00 -1.00684e+01 -1.13482e+01 -9.83218e+00 -1.28643e+01
5.12000e+03 1.20000e+01 -9.24645e+00 -8.42453e+00 -1.00684e+01 -1.13422e+01 -9.83749e+00 -1.28469e+01
5.44000e+03 1.30000e+01 -8.59662e+00 -7.38708e+00 -9.80616e+00 -1.13354e+01 -9.84594e+00 -1.28249e+01
5.76000e+03 1.40000e+01 -9.88691e+00 -9.05144e+00 -1.07224e+01 -1.13281e+01 -9.85834e+00 -1.27979e+01
6.08000e+03 1.50000e+01 -8.29286e+00 -7.80634e+00 -8.77939e+00 -1.13205e+01 -9.87535e+00 -1.27656e+01
6.40000e+03 1.60000e+01 -9.46419e+00 -9.25197e+00 -9.67641e+00 -1.13125e+01 -9.89744e+00 -1.27275e+01
6.72000e+03 1.60000e+01 -9.46419e+00 -9.25197e+00 -9.67641e+00 -1.13039e+01 -9.92483e+00 -1.26830e+01
7.04000e+03 1.70000e+01 -9.39682e+00 -8.77798e+00 -1.00157e+01 -1.12944e+01 -9.95734e+00 -1.26314e+01
7.36000e+03 1.80000e+01 -9.67739e+00 -7.63828e+00 -1.17165e+01 -1.12833e+01 -9.99453e+00 -1.25721e+01
7.68000e+03 1.90000e+01 -9.63599e+00 -8.82121e+00 -1.04508e+01 -1.12698e+01 -1.00356e+01 -1.25039e+01
8.00000e+03 2.00000e+01 -9.42086e+00 -8.32195e+00 -1.05198e+01 -1.12528e+01 -1.00794e+01 -1.24263e+01
8.32000e+03 2.00000e+01 -9.42086e+00 -8.32195e+00 -1.05198e+01 -1.12315e+01 -1.01245e+01 -1.23385e+01
8.64000e+03 2.10000e+01 -7.51271e+00 -6.74041e+00 -8.28500e+00 -1.12048e+01 -1.01694e+01 -1.22402e+01
8.96000e+03 2.20000e+01 -8.02438e+00 -5.22483e+00 -1.08239e+01 -1.11718e+01 -1.02123e+01 -1.21313e+01
9.28000e+03 2.30000e+01 -8.15280e+00 -7.31688e+00 -8.98872e+00 -1.11320e+01 -1.02518e+01 -1.20122e+01
9.60000e+03 2.40000e+01 -9.79329e+00 -6.86345e+00 -1.27231e+01 -1.10848e+01 -1.02862e+01 -1.18835e+01
9.92000e+03 2.40000e+01 -9.79329e+00 -6.86345e+00 -1.27231e+01 -1.10303e+01 -1.03143e+01 -1.17463e+01
1.02400e+04 2.50000e+01 -7.84986e+00 -5.81495e+00 -9.88477e+00 -1.09687e+01 -1.03352e+01 -1.16022e+01
1.05600e+04 2.60000e+01 -9.52088e+00 -8.44176e+00 -1.06000e+01 -1.09005e+01 -1.03482e+01 -1.14527e+01
1.08800e+04 2.70000e+01 -7.51464e+00 -6.87352e+00 -8.15575e+00 -1.08262e+01 -1.03529e+01 -1.12996e+01
1.12000e+04 2.80000e+01 -7.33816e+00 -6.59315e+00 -8.08316e+00 -1.07468e+01 -1.03491e+01 -1.11446e+01
1.15200e+04 2.80000e+01 -7.33816e+00 -6.59315e+00 -8.08316e+00 -1.06632e+01 -1.03370e+01 -1.09894e+01
1.18400e+04 2.90000e+01 -8.50395e+00 -6.95438e+00 -1.00535e+01 -1.05761e+01 -1.03167e+01 -1.08355e+01
1.21600e+04 3.00000e+01 -8.75923e+00 -7.22123e+00 -1.02972e+01 -1.04865e+01 -1.02886e+01 -1.06844e+01
1.24800e+04 3.10000e+01 -7.21289e+00 -5.68210e+00 -8.74368e+00 -1.03951e+01 -1.02527e+01 -1.05375e+01
1.28000e+04 3.20000e+01 -7.96218e+00 -6.59480e+00 -9.32956e+00 -1.03026e+01 -1.02080e+01 -1.03972e+01
1.31200e+04 3.20000e+01 -7.96218e+00 -6.59480e+00 -9.32956e+00 -1.02096e+01 -1.01484e+01 -1.02707e+01
1.34400e+04 3.30000e+01 -9.17530e+00 -8.46773e+00 -9.88286e+00 -1.01166e+01 -1.00581e+01 -1.01751e+01
1.37600e+04 3.40000e+01 -7.30361e+00 -6.18337e+00 -8.42385e+00 -1.00241e+01 -9.94004e+00 -1.01082e+01
1.40800e+04 3.50000e+01 -7.40037e+00 -6.33506e+00 -8.46567e+00 -9.93243e+00 -9.81422e+00 -1.00506e+01
1.44000e+04 3.60000e+01 -7.53777e+00 -5.79628e+00 -9.27926e+00 -9.84181e+00 -9.68818e+00 -9.99545e+00
1.47200e+04 3.60000e+01 -7.53777e+00 -5.79628e+00 -9.27926e+00 -9.75244e+00 -9.56395e+00 -9.94094e+00
1.50400e+04 3.70000e+01 -7.19519e+00 -6.24084e+00 -8.14954e+00 -9.66445e+00 -9.44225e+00 -9.88666e+00
1.53600e+04 3.80000e+01 -7.48618e+00 -5.99162e+00 -8.98074e+00 -9.57796e+00 -9.32336e+00 -9.83256e+00
1.56800e+04 3.90000e+01 -6.59964e+00 -5.67547e+00 -7.52380e+00 -9.49305e+00 -9.20750e+00 -9.77860e+00
1.60000e+04 4.00000e+01 -6.31734e+00 -5.34262e+00 -7.29206e+00 -9.40979e+00 -9.09479e+00 -9.72478e+00
1.63200e+04 4.00000e+01 -6.31734e+00 -5.34262e+00 -7.29206e+00 -9.32823e+00 -8.98533e+00 -9.67114e+00
1.66400e+04 4.10000e+01 -8.08740e+00 -6.79827e+00 -9.37653e+00 -9.24842e+00 -8.87919e+00 -9.61765e+00
1.69600e+04 4.20000e+01 -5.24433e+00 -4.79199e+00 -5.69667e+00 -9.17036e+00 -8.77641e+00 -9.56432e+00
1.72800e+04 4.30000e+01 -5.53817e+00 -5.05074e+00 -6.02560e+00 -9.09403e+00 -8.67701e+00 -9.51105e+00
1.76000e+04 4.40000e+01 -7.29503e+00 -5.02046e+00 -9.56960e+00 -9.01933e+00 -8.58096e+00 -9.45770e+00
1.79200e+04 4.40000e+01 -7.29503e+00 -5.02046e+00 -9.56960e+00 -8.94613e+00 -8.48820e+00 -9.40405e+00
1.82400e+04 4.50000e+01 -7.29542e+00 -6.72953e+00 -7.86131e+00 -8.87421e+00 -8.39859e+00 -9.34983e+00
1.85600e+04 4.60000e+01 -6.31706e+00 -5.42415e+00 -7.20998e+00 -8.80331e+00 -8.31195e+00 -9.29467e+00
1.88800e+04 4.70000e+01 -6.09180e+00 -5.55417e+00 -6.62943e+00 -8.73311e+00 -8.22801e+00 -9.23820e+00
1.92000e+04 4.80000e+01 -5.53206e+00 -4.94632e+00 -6.11780e+00 -8.66322e+00 -8.14644e+00 -9.18001e+00
1.95200e+04 4.80000e+01 -5.53206e+00 -4.94632e+00 -6.11780e+00 -8.59326e+00 -8.06686e+00 -9.11966e+00
1.98400e+04 4.90000e+01 -6.85841e+00 -5.95823e+00 -7.75859e+00 -8.52279e+00 -7.98881e+00 -9.05677e+00
2.01600e+04 5.00000e+01 -4.77697e+00 -3.85760e+00 -5.69633e+00 -8.45143e+00 -7.91182e+00 -8.99104e+00
2.04800e+04 5.10000e+01 -5.05611e+00 -4.26464e+00 -5.84758e+00 -8.37883e+00 -7.83542e+00 -8.92224e+00
2.08000e+04 5.20000e+01 -5.42062e+00 -4.61085e+00 -6.23038e+00 -8.30474e+00 -7.75915e+00 -8.85033e+00
2.11200e+04 5.20000e+01 -5.42062e+00 -4.61085e+00 -6.23038e+00 -8.22900e+00 -7.68261e+00 -8.77539e+00
2.14400e+04 5.30000e+01 -5.80494e+00 -5.43189e+00 -6.17799e+00 -8.15155e+00 -7.60548e+00 -8.69763e+00
2.17600e+04 5.40000e+01 -5.57827e+00 -4.96640e+00 -6.19015e+00 -8.07245e+00 -7.52756e+00 -8.61734e+00
2.20800e+04 5.50000e+01 -5.12562e+00 -4.31545e+00 -5.93579e+00 -7.99178e+00 -7.44871e+00 -8.53485e+00
2.24000e+04 5.60000e+01 -5.22918e+00 -3.60439e+00 -6.85396e+00 -7.90972e+00 -7.36890e+00 -8.45054e+00
2.27200e+04 5.60000e+01 -5.22918e+00 -3.60439e+00 -6.85396e+00 -7.82640e+00 -7.28813e+00 -8.36468e+00
2.30400e+04 5.70000e+01 -5.30407e+00 -4.01852e+00 -6.58962e+00 -7.74199e+00 -7.20645e+00 -8.27753e+00
2.33600e+04 5.80000e+01 -4.91864e+00 -4.17704e+00 -5.66024e+00 -7.65660e+00 -7.12392e+00 -8.18928e+00
2.36800e+04 5.90000e+01 -4.74411e+00 -4.02513e+00 -5.46308e+00 -7.57030e+00 -7.04058e+00 -8.10001e+00
2.40000e+04 6.00000e+01 -4.79149e+00 -3.65996e+00 -5.92302e+00 -7.48315e+00 -6.95649e+00 -8.00981e+00
2.43200e+04 6.00000e+01 -4.79149e+00 -3.65996e+00 -5.92302e+00 -7.39520e+00 -6.87169e+00 -7.91872e+00
2.46400e+04 6.10000e+01 -4.34789e+00 -4.30873e+00 -4.38704e+00 -7.30652e+00 -6.78622e+00 -7.82682e+00
2.49600e+04 6.20000e+01 -5.04159e+00 -4.22377e+00 -5.85942e+00 -7.21716e+00 -6.70007e+00 -7.73425e+00
2.52800e+04 6.30000e+01 -5.23701e+00 -4.37110e+00 -6.10293e+00 -7.12723e+00 -6.61326e+00 -7.64120e+00
2.56000e+04 6.40000e+01 -5.61790e+00 -4.72198e+00 -6.51381e+00 -7.03684e+00 -6.52573e+00 -7.54795e+00
2.59200e+04 6.40000e+01 -5.61790e+00 -4.72198e+00 -6.51381e+00 -6.94616e+00 -6.43747e+00 -7.45485e+00
2.62400e+04 6.50000e+01 -4.27013e+00 -3.58267e+00 -4.95758e+00 -6.85532e+00 -6.34842e+00 -7.36222e+00
2.65600e+04 6.60000e+01 -3.91073e+00 -3.37502e+00 -4.44643e+00 -6.76451e+00 -6.25855e+00 -7.27047e+00
2.68800e+04 6.70000e+01 -4.47813e+00 -4.01200e+00 -4.94426e+00 -6.67388e+00 -6.16783e+00 -7.17993e+00
2.72000e+04 6.80000e+01 -4.85323e+00 -3.83845e+00 -5.86801e+00 -6.58360e+00 -6.07631e+00 -7.09089e+00
2.75200e+04 6.80000e+01 -4.85323e+00 -3.83845e+00 -5.86801e+00 -6.49384e+00 -5.98408e+00 -7.00361e+00
2.78400e+04 6.90000e+01 -4.65129e+00 -4.33044e+00 -4.97213e+00 -6.40480e+00 -5.89139e+00 -6.91822e+00
2.81600e+04 7.00000e+01 -4.35542e+00 -4.01241e+00 -4.69843e+00 -6.31668e+00 -5.79856e+00 -6.83480e+00
2.84800e+04 7.10000e+01 -3.12862e+00 -3.00065e+00 -3.25659e+00 -6.22971e+00 -5.70608e+00 -6.75334e+00
2.88000e+04 7.20000e+01 -4.20370e+00 -3.07807e+00 -5.32933e+00 -6.14412e+00 -5.61452e+00 -6.67372e+00
2.91200e+04 7.20000e+01 -4.20370e+00 -3.07807e+00 -5.32933e+00 -6.06013e+00 -5.52452e+00 -6.59573e+00
2.94400e+04 7.30000e+01 -3.64573e+00 -3.28398e+00 -4.00747e+00 -5.97793e+00 -5.43671e+00 -6.51916e+00
2.97600e+04 7.40000e+01 -4.27696e+00 -3.88535e+00 -4.66857e+00 -5.89770e+00 -5.35169e+00 -6.44370e+00
3.00800e+04 7.50000e+01 -3.73266e+00 -3.55157e+00 -3.91375e+00 -5.81954e+00 -5.26997e+00 -6.36912e+00
3.04000e+04 7.60000e+01 -3.97341e+00 -3.85076e+00 -4.09606e+00 -5.74354e+00 -5.19192e+00 -6.29515e+00
3.07200e+04 7.60000e+01 -3.97341e+00 -3.85076e+00 -4.09606e+00 -5.66969e+00 -5.11781e+00 -6.22157e+00
3.10400e+04 7.70000e+01 -3.64218e+00 -3.20764e+00 -4.07671e+00 -5.59795e+00 -5.04772e+00 -6.14818e+00
3.13600e+04 7.80000e+01 -3.58388e+00 -3.21834e+00 -3.94943e+00 -5.52819e+00 -4.98157e+00 -6.07481e+00
3.16800e+04 7.90000e+01 -3.44038e+00 -2.46833e+00 -4.41243e+00 -5.46023e+00 -4.91916e+00 -6.00130e+00
3.20000e+04 8.00000e+01 -3.04445e+00 -2.38598e+00 -3.70291e+00 -5.39384e+00 -4.86016e+00 -5.92753e+00
3.23200e+04 8.00000e+01 -3.04445e+00 -2.38598e+00 -3.70291e+00 -5.32877e+00 -4.80417e+00 -5.85336e+00
3.26400e+04 8.10000e+01 -3.45956e+00 -2.86341e+00 -4.05571e+00 -5.26475e+00 -4.75075e+00 -5.77874e+00
3.29600e+04 8.20000e+01 -3.31783e+00 -3.12760e+00 -3.50807e+00 -5.20153e+00 -4.69944e+00 -5.70362e+00
3.32800e+04 8.30000e+01 -3.16838e+00 -2.72532e+00 -3.61145e+00 -5.13889e+00 -4.64978e+00 -5.62799e+00
3.36000e+04 8.40000e+01 -3.16137e+00 -2.71844e+00 -3.60430e+00 -5.07663e+00 -4.60134e+00 -5.55192e+00
3.39200e+04 8.40000e+01 -3.16137e+00 -2.71844e+00 -3.60430e+00 -5.01461e+00 -4.55370e+00 -5.47552e+00
3.42400e+04 8.50000e+01 -3.51287e+00 -2.39259e+00 -4.63316e+00 -4.95270e+00 -4.50643e+00 -5.39897e+00
3.45600e+04 8.60000e+01 -3.48774e+00 -2.65463e+00 -4.32084e+00 -4.89082e+00 -4.45914e+00 -5.32249e+00
3.48800e+04 8.70000e+01 -3.14165e+00 -2.86442e+00 -3.41888e+00 -4.82888e+00 -4.41146e+00 -5.24631e+00
3.52000e+04 8.80000e+01 -3.49667e+00 -2.85346e+00 -4.13988e+00 -4.76685e+00 -4.36302e+00 -5.17068e+00
3.55200e+04 8.80000e+01 -3.49667e+00 -2.85346e+00 -4.13988e+00 -4.70467e+00 -4.31356e+00 -5.09579e+00
3.58400e+04 8.90000e+01 -3.26130e+00 -2.92373e+00 -3.59887e+00 -4.64235e+00 -4.26286e+00 -5.02185e+00
3.61600e+04 9.00000e+01 -2.90291e+00 -2.44856e+00 -3.35725e+00 -4.57988e+00 -4.21078e+00 -4.94897e+00
3.64800e+04 9.10000e+01 -2.52550e+00 -2.24640e+00 -2.80460e+00 -4.51729e+00 -4.15731e+00 -4.87728e+00
3.68000e+04 9.20000e+01 -2.53837e+00 -2.10204e+00 -2.97471e+00 -4.45468e+00 -4.10252e+00 -4.80684e+00
3.71200e+04 9.20000e+01 -2.53837e+00 -2.10204e+00 -2.97471e+00 -4.39215e+00 -4.04658e+00 -4.73772e+00
3.74400e+04 9.30000e+01 -2.82754e+00 -2.57097e+00 -3.08411e+00 -4.32988e+00 -3.98978e+00 -4.66997e+00
3.77600e+04 9.40000e+01 -2.99981e+00 -2.00811e+00 -3.99152e+00 -4.26805e+00 -3.93245e+00 -4.60366e+00
3.80800e+04 9.50000e+01 -2.72071e+00 -2.46915e+00 -2.97227e+00 -4.20690e+00 -3.87501e+00 -4.53879e+00
3.84000e+04 9.60000e+01 -2.72267e+00 -2.40806e+00 -3.03727e+00 -4.14667e+00 -3.81791e+00 -4.47543e+00
3.87200e+04 9.60000e+01 -2.72267e+00 -2.40806e+00 -3.03727e+00 -4.08756e+00 -3.76155e+00 -4.41357e+00
3.90400e+04 9.70000e+01 -2.98366e+00 -2.34327e+00 -3.62405e+00 -4.02975e+00 -3.70630e+00 -4.35321e+00
3.93600e+04 9.80000e+01 -3.02406e+00 -2.54659e+00 -3.50153e+00 -3.97337e+00 -3.65246e+00 -4.29428e+00
3.96800e+04 9.90000e+01 -2.98449e+00 -2.52036e+00 -3.44861e+00 -3.91847e+00 -3.60022e+00 -4.23672e+00
4.00000e+04 1.00000e+02 -2.70721e+00 -2.49650e+00 -2.91793e+00 -3.86502e+00 -3.54965e+00 -4.18039e+00
4.03200e+04 1.00000e+02 -2.70721e+00 -2.49650e+00 -2.91793e+00 -3.81298e+00 -3.50074e+00 -4.12522e+00
4.06400e+04 1.01000e+02 -2.51890e+00 -2.32098e+00 -2.71682e+00 -3.76222e+00 -3.45335e+00 -4.07109e+00
4.09600e+04 1.02000e+02 -2.34868e+00 -2.23346e+00 -2.46391e+00 -3.71264e+00 -3.40732e+00 -4.01796e+00
4.12800e+04 1.03000e+02 -2.75257e+00 -2.65244e+00 -2.85271e+00 -3.66412e+00 -3.36242e+00 -3.96581e+00
4.16000e+04 1.04000e+02 -2.72758e+00 -2.56371e+00 -2.89145e+00 -3.61655e+00 -3.31845e+00 -3.91466e+00
4.19200e+04 1.04000e+02 -2.72758e+00 -2.56371e+00 -2.89145e+00 -3.56991e+00 -3.27521e+00 -3.86461e+00
4.22400e+04 1.05000e+02 -2.75199e+00 -2.68258e+00 -2.82140e+00 -3.52417e+00 -3.23257e+00 -3.81578e+00
4.25600e+04 1.06000e+02 -2.62240e+00 -2.57064e+00 -2.67415e+00 -3.47937e+00 -3.19045e+00 -3.76830e+00
4.28800e+04 1.07000e+02 -2.74159e+00 -2.38225e+00 -3.10093e+00 -3.43558e+00 -3.14884e+00 -3.72232e+00
4.32000e+04 1.08000e+02 -2.62681e+00 -1.92099e+00 -3.33263e+00 -3.39286e+00 -3.10781e+00 -3.67791e+00
4.35200e+04 1.08000e+02 -2.62681e+00 -1.92099e+00 -3.33263e+00 -3.35131e+00 -3.06747e+00 -3.63515e+00
4.38400e+04 1.09000e+02 -2.14118e+00 -1.94615e+00 -2.33622e+00 -3.31097e+00 -3.02795e+00 -3.59399e+00
4.41600e+04 1.10000e+02 -2.48346e+00 -2.05320e+00 -2.91372e+00 -3.27190e+00 -2.98943e+00 -3.55438e+00
4.44800e+04 1.11000e+02 -2.58652e+00 -2.51325e+00 -2.65980e+00 -3.23415e+00 -2.95211e+00 -3.51618e+00
4.48000e+04 1.12000e+02 -2.23177e+00 -1.95754e+00 -2.50600e+00 -3.19772e+00 -2.91618e+00 -3.47925e+00
4.51200e+04 1.12000e+02 -2.23177e+00 -1.95754e+00 -2.50600e+00 -3.16261e+00 -2.88180e+00 -3.44342e+00
4.54400e+04 1.13000e+02 -2.34812e+00 -2.03700e+00 -2.65925e+00 -3.12884e+00 -2.84913e+00 -3.40856e+00
4.57600e+04 1.14000e+02 -2.11785e+00 -1.88781e+00 -2.34790e+00 -3.09638e+00 -2.81824e+00 -3.37451e+00
4.60800e+04 1.15000e+02 -2.16490e+00 -2.04372e+00 -2.28608e+00 -3.06520e+00 -2.78918e+00 -3.34123e+00
4.64000e+04 1.16000e+02 -2.17627e+00 -1.68796e+00 -2.66457e+00 -3.03527e+00 -2.76190e+00 -3.30863e+00
4.67200e+04 1.16000e+02 -2.17627e+00 -1.68796e+00 -2.66457e+00 -3.00651e+00 -2.73630e+00 -3.27672e+00
4.70400e+04 1.17000e+02 -2.24048e+00 -1.88663e+00 -2.59433e+00 -2.97884e+00 -2.71223e+00 -3.24546e+00
4.73600e+04 1.18000e+02 -1.96607e+00 -1.62995e+00 -2.30219e+00 -2.95218e+00 -2.68950e+00 -3.21485e+00
4.76800e+04 1.19000e+02 -2.32346e+00 -1.70358e+00 -2.94334e+00 -2.92638e+00 -2.66790e+00 -3.18487e+00
4.80000e+04 1.20000e+02 -1.99170e+00 -1.79810e+00 -2.18529e+00 -2.90133e+00 -2.64723e+00 -3.15543e+00
4.83200e+04 1.20000e+02 -1.99170e+00 -1.79810e+00 -2.18529e+00 -2.87686e+00 -2.62729e+00 -3.12644e+00
4.86400e+04 1.21000e+02 -2.07777e+00 -1.72573e+00 -2.42982e+00 -2.85282e+00 -2.60787e+00 -3.09777e+00
4.89600e+04 1.22000e+02 -2.06326e+00 -1.66808e+00 -2.45844e+00 -2.82904e+00 -2.58881e+00 -3.06927e+00
4.92800e+04 1.23000e+02 -2.13584e+00 -1.69656e+00 -2.57513e+00 -2.80536e+00 -2.56995e+00 -3.04076e+00
4.96000e+04 1.24000e+02 -1.74625e+00 -1.68389e+00 -1.80861e+00 -2.78163e+00 -2.55113e+00 -3.01212e+00
4.99200e+04 1.24000e+02 -1.74625e+00 -1.68389e+00 -1.80861e+00 -2.75772e+00 -2.53220e+00 -2.98324e+00
5.02400e+04 1.25000e+02 -2.12326e+00 -1.89248e+00 -2.35404e+00 -2.73351e+00 -2.51298e+00 -2.95405e+00
5.05600e+04 1.26000e+02 -1.89038e+00 -1.76418e+00 -2.01658e+00 -2.70895e+00 -2.49333e+00 -2.92457e+00
5.08800e+04 1.27000e+02 -2.13098e+00 -2.01100e+00 -2.25097e+00 -2.68397e+00 -2.47309e+00 -2.89485e+00
5.12000e+04 1.28000e+02 -2.21735e+00 -1.79716e+00 -2.63753e+00 -2.65857e+00 -2.45215e+00 -2.86498e+00
5.15200e+04 1.28000e+02 -2.21735e+00 -1.79716e+00 -2.63753e+00 -2.63275e+00 -2.43041e+00 -2.83508e+00
5.18400e+04 1.29000e+02 -1.82279e+00 -1.57239e+00 -2.07319e+00 -2.60655e+00 -2.40780e+00 -2.80529e+00
5.21600e+04 1.30000e+02 -1.52356e+00 -1.43996e+00 -1.60715e+00 -2.58003e+00 -2.38433e+00 -2.77572e+00
5.24800e+04 1.31000e+02 -2.00522e+00 -1.77593e+00 -2.23451e+00 -2.55326e+00 -2.36003e+00 -2.74649e+00
5.28000e+04 1.32000e+02 -1.91291e+00 -1.78549e+00 -2.04034e+00 -2.52633e+00 -2.33498e+00 -2.71767e+00
5.31200e+04 1.32000e+02 -1.91291e+00 -1.78549e+00 -2.04034e+00 -2.49933e+00 -2.30932e+00 -2.68934e+00
5.34400e+04 1.33000e+02 -2.01658e+00 -1.84497e+00 -2.18819e+00 -2.47236e+00 -2.28319e+00 -2.66154e+00
5.37600e+04 1.34000e+02 -1.82129e+00 -1.59611e+00 -2.04646e+00 -2.44553e+00 -2.25676e+00 -2.63430e+00
5.40800e+04 1.35000e+02 -1.98058e+00 -1.69208e+00 -2.26909e+00 -2.41895e+00 -2.23026e+00 -2.60764e+00
5.44000e+04 1.36000e+02 -2.18201e+00 -1.71124e+00 -2.65277e+00 -2.39272e+00 -2.20386e+00 -2.58158e+00
5.47200e+04 1.36000e+02 -2.18201e+00 -1.71124e+00 -2.65277e+00 -2.36691e+00 -2.17772e+00 -2.55610e+00
5.50400e+04 1.37000e+02 -1.87484e+00 -1.64833e+00 -2.10135e+00 -2.34161e+00 -2.15205e+00 -2.53116e+00
5.53600e+04 1.38000e+02 -1.86068e+00 -1.55430e+00 -2.16706e+00 -2.31686e+00 -2.12697e+00 -2.50676e+00
5.56800e+04 1.39000e+02 -1.85917e+00 -1.60654e+00 -2.11180e+00 -2.29271e+00 -2.10262e+00 -2.48280e+00
5.60000e+04 1.40000e+02 -1.45115e+00 -1.29892e+00 -1.60339e+00 -2.26919e+00 -2.07913e+00 -2.45926e+00
5.63200e+04 1.40000e+02 -1.45115e+00 -1.29892e+00 -1.60339e+00 -2.24634e+00 -2.05658e+00 -2.43610e+00
5.66400e+04 1.41000e+02 -1.79213e+00 -1.64273e+00 -1.94154e+00 -2.22416e+00 -2.03504e+00 -2.41328e+00
5.69600e+04 1.42000e+02 -1.69869e+00 -1.53127e+00 -1.86612e+00 -2.20271e+00 -2.01458e+00 -2.39083e+00
5.72800e+04 1.43000e+02 -1.93166e+00 -1.63264e+00 -2.23067e+00 -2.18201e+00 -1.99522e+00 -2.36881e+00
5.76000e+04 1.44000e+02 -1.54577e+00 -1.35152e+00 -1.74003e+00 -2.16213e+00 -1.97698e+00 -2.34728e+00
5.79200e+04 1.44000e+02 -1.54577e+00 -1.35152e+00 -1.74003e+00 -2.14309e+00 -1.95986e+00 -2.32632e+00
5.82400e+04 1.45000e+02 -1.56922e+00 -1.36296e+00 -1.77547e+00 -2.12493e+00 -1.94383e+00 -2.30602e+00
5.85600e+04 1.46000e+02 -1.75564e+00 -1.54777e+00 -1.96351e+00 -2.10765e+00 -1.92887e+00 -2.28643e+00
5.88800e+04 1.47000e+02 -2.08717e+00 -1.69268e+00 -2.48166e+00 -2.09124e+00 -1.91492e+00 -2.26757e+00
5.92000e+04 1.48000e+02 -1.73260e+00 -1.54757e+00 -1.91762e+00 -2.07566e+00 -1.90191e+00 -2.24941e+00
5.95200e+04 1.48000e+02 -1.73260e+00 -1.54757e+00 -1.91762e+00 -2.06083e+00 -1.88977e+00 -2.23190e+00
5.98400e+04 1.49000e+02 -1.58574e+00 -1.38170e+00 -1.78979e+00 -2.04666e+00 -1.87839e+00 -2.21492e+00
6.01600e+04 1.50000e+02 -1.46296e+00 -1.36666e+00 -1.55925e+00 -2.03302e+00 -1.86768e+00 -2.19836e+00
6.04800e+04 1.51000e+02 -1.47060e+00 -1.30546e+00 -1.63574e+00 -2.01979e+00 -1.85750e+00 -2.18209e+00
6.08000e+04 1.52000e+02 -1.60505e+00 -1.39164e+00 -1.81846e+00 -2.00687e+00 -1.84775e+00 -2.16600e+00
6.11200e+04 1.52000e+02 -1.60505e+00 -1.39164e+00 -1.81846e+00 -1.99413e+00 -1.83828e+00 -2.14999e+00
6.14400e+04 1.53000e+02 -1.46492e+00 -1.34823e+00 -1.58160e+00 -1.98150e+00 -1.82900e+00 -2.13400e+00
6.17600e+04 1.54000e+02 -1.50803e+00 -1.32363e+00 -1.69243e+00 -1.96891e+00 -1.81978e+00 -2.11805e+00
6.20800e+04 1.55000e+02 -1.63783e+00 -1.59795e+00 -1.67770e+00 -1.95634e+00 -1.81055e+00 -2.10213e+00
6.24000e+04 1.56000e+02 -1.53223e+00 -1.37954e+00 -1.68492e+00 -1.94375e+00 -1.80123e+00 -2.08627e+00
6.27200e+04 1.56000e+02 -1.53223e+00 -1.37954e+00 -1.68492e+00 -1.93116e+00 -1.79180e+00 -2.07052e+00
6.30400e+04 1.57000e+02 -1.24626e+00 -1.13225e+00 -1.36028e+00 -1.91855e+00 -1.78223e+00 -2.05488e+00
6.33600e+04 1.58000e+02 -1.49816e+00 -1.37774e+00 -1.61859e+00 -1.90593e+00 -1.77250e+00 -2.03936e+00
6.36800e+04 1.59000e+02 -1.70875e+00 -1.30041e+00 -2.11709e+00 -1.89328e+00 -1.76264e+00 -2.02392e+00
6.40000e+04 1.60000e+02 -1.70681e+00 -1.40066e+00 -2.01296e+00 -1.88056e+00 -1.75263e+00 -2.00850e+00
6.43200e+04 1.60000e+02 -1.70681e+00 -1.40066e+00 -2.01296e+00 -1.86777e+00 -1.74250e+00 -1.99304e+00
6.46400e+04 1.61000e+02 -1.39653e+00 -1.31844e+00 -1.47462e+00 -1.85485e+00 -1.73223e+00 -1.97748e+00
6.49600e+04 1.62000e+02 -1.49992e+00 -1.37603e+00 -1.62382e+00 -1.84178e+00 -1.72178e+00 -1.96178e+00
6.52800e+04 1.63000e+02 -1.42757e+00 -1.30952e+00 -1.54563e+00 -1.82851e+00 -1.71113e+00 -1.94589e+00
6.56000e+04 1.64000e+02 -1.62513e+00 -1.39475e+00 -1.85551e+00 -1.81503e+00 -1.70022e+00 -1.92985e+00
6.59200e+04 1.64000e+02 -1.62513e+00 -1.39475e+00 -1.85551e+00 -1.80133e+00 -1.68898e+00 -1.91368e+00
6.62400e+04 1.65000e+02 -1.32064e+00 -1.17834e+00 -1.46294e+00 -1.78740e+00 -1.67736e+00 -1.89744e+00
6.65600e+04 1.66000e+02 -1.31216e+00 -1.27364e+00 -1.35068e+00 -1.77329e+00 -1.66533e+00 -1.88124e+00
6.68800e+04 1.67000e+02 -1.48303e+00 -1.29668e+00 -1.66937e+00 -1.75903e+00 -1.65290e+00 -1.86516e+00
6.72000e+04 1.68000e+02 -1.55599e+00 -1.30701e+00 -1.80497e+00 -1.74472e+00 -1.64011e+00 -1.84933e+00
6.75200e+04 1.68000e+02 -1.55599e+00 -1.30701e+00 -1.80497e+00 -1.73042e+00 -1.62704e+00 -1.83379e+00
6.78400e+04 1.69000e+02 -1.61714e+00 -1.44108e+00 -1.79320e+00 -1.71622e+00 -1.61383e+00 -1.81861e+00
6.81600e+04 1.70000e+02 -1.47940e+00 -1.27937e+00 -1.67943e+00 -1.70223e+00 -1.60067e+00 -1.80379e+00
6.84800e+04 1.71000e+02 -1.46133e+00 -1.31479e+00 -1.60787e+00 -1.68852e+00 -1.58772e+00 -1.78932e+00
6.88000e+04 1.72000e+02 -1.45602e+00 -1.28990e+00 -1.62215e+00 -1.67516e+00 -1.57516e+00 -1.77516e+00
6.91200e+04 1.72000e+02 -1.45602e+00 -1.28990e+00 -1.62215e+00 -1.66220e+00 -1.56315e+00 -1.76125e+00
6.94400e+04 1.73000e+02 -1.62402e+00 -1.57302e+00 -1.67503e+00 -1.64968e+00 -1.55180e+00 -1.74756e+00
6.97600e+04 1.74000e+02 -1.39951e+00 -1.34431e+00 -1.45472e+00 -1.63762e+00 -1.54119e+00 -1.73404e+00
7.00800e+04 1.75000e+02 -1.51109e+00 -1.47297e+00 -1.54921e+00 -1.62603e+00 -1.53137e+00 -1.72069e+00
7.04000e+04 1.76000e+02 -1.25835e+00 -1.10306e+00 -1.41363e+00 -1.61492e+00 -1.52232e+00 -1.70752e+00
7.07200e+04 1.76000e+02 -1.25835e+00 -1.10306e+00 -1.41363e+00 -1.60430e+00 -1.51403e+00 -1.69457e+00
7.10400e+04 1.77000e+02 -1.49235e+00 -1.38786e+00 -1.59683e+00 -1.59417e+00 -1.50646e+00 -1.68189e+00
7.13600e+04 1.78000e+02 -1.61853e+00 -1.46026e+00 -1.77680e+00 -1.58456e+00 -1.49955e+00 -1.66957e+00
7.16800e+04 1.79000e+02 -1.31135e+00 -1.28042e+00 -1.34228e+00 -1.57547e+00 -1.49328e+00 -1.65766e+00
7.20000e+04 1.80000e+02 -1.25737e+00 -1.17812e+00 -1.33662e+00 -1.56692e+00 -1.48759e+00 -1.64626e+00
7.23200e+04 1.80000e+02 -1.25737e+00 -1.17812e+00 -1.33662e+00 -1.55893e+00 -1.48247e+00 -1.63540e+00
7.26400e+04 1.81000e+02 -1.33770e+00 -1.23665e+00 -1.43875e+00 -1.55150e+00 -1.47787e+00 -1.62512e+00
7.29600e+04 1.82000e+02 -1.31569e+00 -1.13678e+00 -1.49460e+00 -1.54462e+00 -1.47382e+00 -1.61542e+00
7.32800e+04 1.83000e+02 -1.37339e+00 -1.24084e+00 -1.50594e+00 -1.53828e+00 -1.47027e+00 -1.60630e+00
7.36000e+04 1.84000e+02 -1.48444e+00 -1.30400e+00 -1.66489e+00 -1.53246e+00 -1.46724e+00 -1.59768e+00
7.39200e+04 1.84000e+02 -1.48444e+00 -1.30400e+00 -1.66489e+00 -1.52711e+00 -1.46471e+00 -1.58951e+00
7.42400e+04 1.85000e+02 -1.48961e+00 -1.37935e+00 -1.59987e+00 -1.52219e+00 -1.46268e+00 -1.58170e+00
7.45600e+04 1.86000e+02 -1.09038e+00 -8.90416e-01 -1.29035e+00 -1.51762e+00 -1.46108e+00 -1.57417e+00
7.48800e+04 1.87000e+02 -1.42124e+00 -1.32906e+00 -1.51343e+00 -1.51334e+00 -1.45986e+00 -1.56683e+00
7.52000e+04 1.88000e+02 -1.37307e+00 -1.21178e+00 -1.53435e+00 -1.50927e+00 -1.45890e+00 -1.55963e+00
7.55200e+04 1.88000e+02 -1.37307e+00 -1.21178e+00 -1.53435e+00 -1.50530e+00 -1.45806e+00 -1.55254e+00
7.58400e+04 1.89000e+02 -1.35832e+00 -1.26852e+00 -1.44812e+00 -1.50138e+00 -1.45719e+00 -1.54557e+00
7.61600e+04 1.90000e+02 -1.29902e+00 -1.07018e+00 -1.52786e+00 -1.49740e+00 -1.45606e+00 -1.53873e+00
7.64800e+04 1.91000e+02 -1.38279e+00 -1.16610e+00 -1.59949e+00 -1.49330e+00 -1.45451e+00 -1.53210e+00
7.68000e+04 1.92000e+02 -1.45311e+00 -1.15663e+00 -1.74959e+00 -1.48904e+00 -1.45234e+00 -1.52575e+00
7.71200e+04 1.92000e+02 -1.45311e+00 -1.15663e+00 -1.74959e+00 -1.48457e+00 -1.44942e+00 -1.51973e+00
7.74400e+04 1.93000e+02 -1.32031e+00 -1.26681e+00 -1.37381e+00 -1.47988e+00 -1.44569e+00 -1.51406e+00
7.77600e+04 1.94000e+02 -1.34636e+00 -1.19130e+00 -1.50142e+00 -1.47495e+00 -1.44116e+00 -1.50874e+00
7.80800e+04 1.95000e+02 -1.25769e+00 -1.19445e+00 -1.32094e+00 -1.46979e+00 -1.43590e+00 -1.50368e+00
7.84000e+04 1.96000e+02 -1.27718e+00 -1.10238e+00 -1.45199e+00 -1.46442e+00 -1.43004e+00 -1.49881e+00
7.87200e+04 1.96000e+02 -1.27718e+00 -1.10238e+00 -1.45199e+00 -1.45888e+00 -1.42371e+00 -1.49405e+00
7.90400e+04 1.97000e+02 -1.37445e+00 -1.35580e+00 -1.39309e+00 -1.45319e+00 -1.41704e+00 -1.48933e+00
7.93600e+04 1.98000e+02 -1.36911e+00 -1.34242e+00 -1.39581e+00 -1.44741e+00 -1.41017e+00 -1.48464e+00
7.96800e+04 1.99000e+02 -1.31305e+00 -1.15999e+00 -1.46611e+00 -1.44158e+00 -1.40321e+00 -1.47995e+00
8.00000e+04 2.00000e+02 -1.13834e+00 -1.01874e+00 -1.25794e+00 -1.43575e+00 -1.39626e+00 -1.47525e+00
8.03200e+04 2.00000e+02 -1.13834e+00 -1.01874e+00 -1.25794e+00 -1.42998e+00 -1.38939e+00 -1.47058e+00
8.06400e+04 2.01000e+02 -1.08105e+00 -1.01881e+00 -1.14329e+00 -1.42431e+00 -1.38270e+00 -1.46592e+00
8.09600e+04 2.02000e+02 -1.34501e+00 -1.29594e+00 -1.39409e+00 -1.41877e+00 -1.37624e+00 -1.46131e+00
8.12800e+04 2.03000e+02 -1.28153e+00 -1.15100e+00 -1.41206e+00 -1.41340e+00 -1.37007e+00 -1.45673e+00
8.16000e+04 2.04000e+02 -1.28672e+00 -1.16372e+00 -1.40973e+00 -1.40821e+00 -1.36421e+00 -1.45220e+00
8.19200e+04 2.04000e+02 -1.28672e+00 -1.16372e+00 -1.40973e+00 -1.40321e+00 -1.35872e+00 -1.44769e+00
8.22400e+04 2.05000e+02 -1.15122e+00 -1.10124e+00 -1.20119e+00 -1.39839e+00 -1.35358e+00 -1.44320e+00
8.25600e+04 2.06000e+02 -1.29953e+00 -1.11159e+00 -1.48748e+00 -1.39374e+00 -1.34879e+00 -1.43869e+00
8.28800e+04 2.07000e+02 -1.18873e+00 -1.09763e+00 -1.27984e+00 -1.38924e+00 -1.34433e+00 -1.43415e+00
8.32000e+04 2.08000e+02 -1.17181e+00 -1.06081e+00 -1.28280e+00 -1.38484e+00 -1.34017e+00 -1.42952e+00
8.35200e+04 2.08000e+02 -1.17181e+00 -1.06081e+00 -1.28280e+00 -1.38051e+00 -1.33623e+00 -1.42478e+00
8.38400e+04 2.09000e+02 -1.27660e+00 -1.12336e+00 -1.42984e+00 -1.37618e+00 -1.33243e+00 -1.41992e+00
8.41600e+04 2.10000e+02 -1.16869e+00 -1.05977e+00 -1.27762e+00 -1.37182e+00 -1.32871e+00 -1.41493e+00
8.44800e+04 2.11000e+02 -1.21020e+00 -1.07773e+00 -1.34266e+00 -1.36738e+00 -1.32496e+00 -1.40979e+00
8.48000e+04 2.12000e+02 -1.17825e+00 -1.08935e+00 -1.26716e+00 -1.36281e+00 -1.32110e+00 -1.40453e+00
8.51200e+04 2.12000e+02 -1.17825e+00 -1.08935e+00 -1.26716e+00 -1.35811e+00 -1.31708e+00 -1.39914e+00
8.54400e+04 2.13000e+02 -1.16664e+00 -1.04393e+00 -1.28935e+00 -1.35324e+00 -1.31284e+00 -1.39364e+00
8.57600e+04 2.14000e+02 -1.08830e+00 -9.82800e-01 -1.19380e+00 -1.34820e+00 -1.30837e+00 -1.38804e+00
8.60800e+04 2.15000e+02 -1.25674e+00 -1.17059e+00 -1.34289e+00 -1.34300e+00 -1.30366e+00 -1.38234e+00
8.64000e+04 2.16000e+02 -1.09984e+00 -9.17066e-01 -1.28262e+00 -1.33764e+00 -1.29873e+00 -1.37654e+00
8.67200e+04 2.16000e+02 -1.09984e+00 -9.17066e-01 -1.28262e+00 -1.33213e+00 -1.29360e+00 -1.37066e+00
8.70400e+04 2.17000e+02 -1.10792e+00 -9.98097e-01 -1.21775e+00 -1.32651e+00 -1.28831e+00 -1.36471e+00
8.73600e+04 2.18000e+02 -1.12428e+00 -1.05406e+00 -1.19451e+00 -1.32078e+00 -1.28288e+00 -1.35868e+00
8.76800e+04 2.19000e+02 -1.17887e+00 -1.02643e+00 -1.33131e+00 -1.31498e+00 -1.27733e+00 -1.35262e+00
8.80000e+04 2.20000e+02 -1.15398e+00 -9.50305e-01 -1.35765e+00 -1.30911e+00 -1.27170e+00 -1.34653e+00
8.83200e+04 2.20000e+02 -1.15398e+00 -9.50305e-01 -1.35765e+00 -1.30320e+00 -1.26597e+00 -1.34044e+00
8.86400e+04 2.21000e+02 -1.15667e+00 -1.08408e+00 -1.22926e+00 -1.29727e+00 -1.26015e+00 -1.33439e+00
8.89600e+04 2.22000e+02 -1.14105e+00 -9.59801e-01 -1.32230e+00 -1.29131e+00 -1.25422e+00 -1.32840e+00
8.92800e+04 2.23000e+02 -1.24501e+00 -1.13015e+00 -1.35988e+00 -1.28534e+00 -1.24816e+00 -1.32252e+00
8.96000e+04 2.24000e+02 -1.10930e+00 -8.64619e-01 -1.35398e+00 -1.27935e+00 -1.24193e+00 -1.31677e+00
8.99200e+04 2.24000e+02 -1.10930e+00 -8.64619e-01 -1.35398e+00 -1.27336e+00 -1.23553e+00 -1.31119e+00
9.02400e+04 2.25000e+02 -1.22074e+00 -1.01792e+00 -1.42355e+00 -1.26735e+00 -1.22893e+00 -1.30577e+00
9.05600e+04 2.26000e+02 -1.14623e+00 -1.08955e+00 -1.20291e+00 -1.26133e+00 -1.22211e+00 -1.30055e+00
9.08800e+04 2.27000e+02 -1.14364e+00 -9.51436e-01 -1.33584e+00 -1.25530e+00 -1.21508e+00 -1.29553e+00
9.12000e+04 2.28000e+02 -1.28425e+00 -1.21721e+00 -1.35129e+00 -1.24929e+00 -1.20786e+00 -1.29072e+00
9.15200e+04 2.28000e+02 -1.28425e+00 -1.21721e+00 -1.35129e+00 -1.24330e+00 -1.20046e+00 -1.28615e+00
9.18400e+04 2.29000e+02 -1.27786e+00 -1.15048e+00 -1.40524e+00 -1.23737e+00 -1.19292e+00 -1.28182e+00
9.21600e+04 2.30000e+02 -1.04552e+00 -8.59886e-01 -1.23116e+00 -1.23151e+00 -1.18526e+00 -1.27776e+00
9.24800e+04 2.31000e+02 -1.05343e+00 -9.97261e-01 -1.10959e+00 -1.22578e+00 -1.17756e+00 -1.27400e+00
9.28000e+04 2.32000e+02 -1.16221e+00 -1.13445e+00 -1.18997e+00 -1.22021e+00 -1.16989e+00 -1.27053e+00
9.31200e+04 2.32000e+02 -1.16221e+00 -1.13445e+00 -1.18997e+00 -1.21484e+00 -1.16232e+00 -1.26736e+00
9.34400e+04 2.33000e+02 -1.06048e+00 -9.57502e-01 -1.16346e+00 -1.20971e+00 -1.15495e+00 -1.26447e+00
9.37600e+04 2.34000e+02 -1.07659e+00 -9.80184e-01 -1.17301e+00 -1.20486e+00 -1.14789e+00 -1.26183e+00
9.40800e+04 2.35000e+02 -1.14395e+00 -1.06623e+00 -1.22167e+00 -1.20034e+00 -1.14126e+00 -1.25942e+00
9.44000e+04 2.36000e+02 -1.14470e+00 -9.78925e-01 -1.31047e+00 -1.19617e+00 -1.13512e+00 -1.25722e+00
9.47200e+04 2.36000e+02 -1.14470e+00 -9.78925e-01 -1.31047e+00 -1.19238e+00 -1.12957e+00 -1.25518e+00
9.50400e+04 2.37000e+02 -1.06362e+00 -9.98033e-01 -1.12921e+00 -1.18897e+00 -1.12464e+00 -1.25330e+00
9.53600e+04 2.38000e+02 -1.12596e+00 -1.04513e+00 -1.20678e+00 -1.18594e+00 -1.12035e+00 -1.25153e+00
9.56800e+04 2.39000e+02 -1.10603e+00 -9.96633e-01 -1.21542e+00 -1.18327e+00 -1.11669e+00 -1.24984e+00
9.60000e+04 2.40000e+02 -1.27052e+00 -1.15758e+00 -1.38346e+00 -1.18091e+00 -1.11361e+00 -1.24821e+00
9.63200e+04 2.40000e+02 -1.27052e+00 -1.15758e+00 -1.38346e+00 -1.17882e+00 -1.11106e+00 -1.24657e+00
9.66400e+04 2.41000e+02 -9.98802e-01 -9.05154e-01 -1.09245e+00 -1.17693e+00 -1.10896e+00 -1.24489e+00
9.69600e+04 2.42000e+02 -1.25666e+00 -1.16195e+00 -1.35138e+00 -1.17517e+00 -1.10722e+00 -1.24312e+00
9.72800e+04 2.43000e+02 -1.00201e+00 -9.55262e-01 -1.04875e+00 -1.17349e+00 -1.10577e+00 -1.24120e+00
9.76000e+04 2.44000e+02 -1.03995e+00 -9.08485e-01 -1.17141e+00 -1.17181e+00 -1.10450e+00 -1.23912e+00
9.79200e+04 2.44000e+02 -1.03995e+00 -9.08485e-01 -1.17141e+00 -1.17010e+00 -1.10336e+00 -1.23683e+00
9.82400e+04 2.45000e+02 -1.05792e+00 -9.14135e-01 -1.20170e+00 -1.16829e+00 -1.10229e+00 -1.23430e+00
9.85600e+04 2.46000e+02 -9.91574e-01 -9.32702e-01 -1.05045e+00 -1.16639e+00 -1.10125e+00 -1.23153e+00
9.88800e+04 2.47000e+02 -1.23666e+00 -1.22794e+00 -1.24537e+00 -1.16437e+00 -1.10023e+00 -1.22850e+00
9.92000e+04 2.48000e+02 -1.18309e+00 -1.06151e+00 -1.30467e+00 -1.16223e+00 -1.09925e+00 -1.22521e+00
9.95200e+04 2.48000e+02 -1.18309e+00 -1.06151e+00 -1.30467e+00 -1.16000e+00 -1.09831e+00 -1.22169e+00
9.98400e+04 2.49000e+02 -1.12703e+00 -1.04232e+00 -1.21174e+00 -1.15768e+00 -1.09744e+00 -1.21793e+00
1.00160e+05 2.50000e+02 -1.29203e+00 -1.10792e+00 -1.47614e+00 -1.15531e+00 -1.09667e+00 -1.21395e+00
1.00480e+05 2.51000e+02 -1.02020e+00 -9.97064e-01 -1.04333e+00 -1.15290e+00 -1.09601e+00 -1.20979e+00
1.00800e+05 2.52000e+02 -1.24979e+00 -1.11183e+00 -1.38776e+00 -1.15046e+00 -1.09547e+00 -1.20545e+00
1.01120e+05 2.52000e+02 -1.24979e+00 -1.11183e+00 -1.38776e+00 -1.14800e+00 -1.09504e+00 -1.20097e+00
1.01440e+05 2.53000e+02 -1.14098e+00 -1.05359e+00 -1.22838e+00 -1.14553e+00 -1.09469e+00 -1.19638e+00
1.01760e+05 2.54000e+02 -1.11359e+00 -9.44703e-01 -1.28247e+00 -1.14307e+00 -1.09441e+00 -1.19172e+00
1.02080e+05 2.55000e+02 -1.16575e+00 -1.07653e+00 -1.25496e+00 -1.14060e+00 -1.09416e+00 -1.18705e+00
1.02400e+05 2.56000e+02 -1.02754e+00 -9.62005e-01 -1.09307e+00 -1.13817e+00 -1.09393e+00 -1.18241e+00
1.02720e+05 2.56000e+02 -1.02754e+00 -9.62005e-01 -1.09307e+00 -1.13580e+00 -1.09370e+00 -1.17789e+00
1.03040e+05 2.57000e+02 -9.53260e-01 -8.70562e-01 -1.03596e+00 -1.13352e+00 -1.09349e+00 -1.17355e+00
1.03360e+05 2.58000e+02 -1.11662e+00 -9.96654e-01 -1.23658e+00 -1.13138e+00 -1.09332e+00 -1.16944e+00
1.03680e+05 2.59000e+02 -1.29998e+00 -1.12644e+00 -1.47351e+00 -1.12942e+00 -1.09322e+00 -1.16562e+00
1.04000e+05 2.60000e+02 -9.87784e-01 -9.37821e-01 -1.03775e+00 -1.12769e+00 -1.09322e+00 -1.16216e+00
1.04320e+05 2.60000e+02 -9.87784e-01 -9.37821e-01 -1.03775e+00 -1.12623e+00 -1.09339e+00 -1.15907e+00
1.04640e+05 2.61000e+02 -1.09652e+00 -1.00620e+00 -1.18684e+00 -1.12506e+00 -1.09373e+00 -1.15639e+00
1.04960e+05 2.62000e+02 -1.02388e+00 -9.29303e-01 -1.11845e+00 -1.12419e+00 -1.09426e+00 -1.15412e+00
1.05280e+05 2.63000e+02 -1.05397e+00 -8.25995e-01 -1.28194e+00 -1.12362e+00 -1.09499e+00 -1.15224e+00
1.05600e+05 2.64000e+02 -1.09966e+00 -1.03581e+00 -1.16351e+00 -1.12331e+00 -1.09587e+00 -1.15075e+00
1.05920e+05 2.64000e+02 -1.09966e+00 -1.03581e+00 -1.16351e+00 -1.12324e+00 -1.09687e+00 -1.14961e+00
1.06240e+05 2.65000e+02 -1.20029e+00 -1.15950e+00 -1.24108e+00 -1.12334e+00 -1.09794e+00 -1.14875e+00
1.06560e+05 2.66000e+02 -1.04905e+00 -9.16048e-01 -1.18206e+00 -1.12356e+00 -1.09900e+00 -1.14813e+00
1.06880e+05 2.67000e+02 -1.11599e+00 -1.04668e+00 -1.18530e+00 -1.12384e+00 -1.09998e+00 -1.14769e+00
1.07200e+05 2.68000e+02 -9.81777e-01 -8.15750e-01 -1.14781e+00 -1.12411e+00 -1.10083e+00 -1.14738e+00
1.07520e+05 2.68000e+02 -9.81777e-01 -8.15750e-01 -1.14781e+00 -1.12431e+00 -1.10149e+00 -1.14713e+00
1.07840e+05 2.69000e+02 -1.01248e+00 -8.60892e-01 -1.16407e+00 -1.12440e+00 -1.10192e+00 -1.14688e+00
1.08160e+05 2.70000e+02 -1.04396e+00 -9.19967e-01 -1.16796e+00 -1.12433e+00 -1.10207e+00 -1.14659e+00
1.08480e+05 2.71000e+02 -1.03180e+00 -9.68092e-01 -1.09552e+00 -1.12408e+00 -1.10189e+00 -1.14627e+00
1.08800e+05 2.72000e+02 -1.14054e+00 -1.05821e+00 -1.22286e+00 -1.12361e+00 -1.10134e+00 -1.14589e+00
1.09120e+05 2.72000e+02 -1.14054e+00 -1.05821e+00 -1.22286e+00 -1.12293e+00 -1.10039e+00 -1.14548e+00
1.09440e+05 2.73000e+02 -1.06189e+00 -9.74096e-01 -1.14969e+00 -1.12204e+00 -1.09900e+00 -1.14508e+00
1.09760e+05 2.74000e+02 -1.20641e+00 -1.13203e+00 -1.28078e+00 -1.12095e+00 -1.09718e+00 -1.14471e+00
1.10080e+05 2.75000e+02 -1.16966e+00 -1.03086e+00 -1.30846e+00 -1.11966e+00 -1.09494e+00 -1.14438e+00
1.10400e+05 2.76000e+02 -1.18833e+00 -1.07387e+00 -1.30278e+00 -1.11820e+00 -1.09231e+00 -1.14409e+00
1.10720e+05 2.76000e+02 -1.18833e+00 -1.07387e+00 -1.30278e+00 -1.11657e+00 -1.08934e+00 -1.14381e+00
1.11040e+05 2.77000e+02 -1.22746e+00 -1.15102e+00 -1.30389e+00 -1.11479e+00 -1.08607e+00 -1.14351e+00
1.11360e+05 2.78000e+02 -1.12980e+00 -1.07126e+00 -1.18833e+00 -1.11287e+00 -1.08260e+00 -1.14314e+00
1.11680e+05 2.79000e+02 -1.08398e+00 -9.62657e-01 -1.20531e+00 -1.11082e+00 -1.07898e+00 -1.14267e+00
1.12000e+05 2.80000e+02 -1.01796e+00 -9.93732e-01 -1.04219e+00 -1.10867e+00 -1.07526e+00 -1.14208e+00
1.12320e+05 2.80000e+02 -1.01796e+00 -9.93732e-01 -1.04219e+00 -1.10645e+00 -1.07154e+00 -1.14136e+00
1.12640e+05 2.81000e+02 -1.02629e+00 -9.14258e-01 -1.13833e+00 -1.10420e+00 -1.06788e+00 -1.14051e+00
1.12960e+05 2.82000e+02 -1.13250e+00 -9.51882e-01 -1.31311e+00 -1.10197e+00 -1.06436e+00 -1.13958e+00
1.13280e+05 2.83000e+02 -1.14298e+00 -1.12968e+00 -1.15628e+00 -1.09984e+00 -1.06105e+00 -1.13862e+00
1.13600e+05 2.84000e+02 -1.06000e+00 -9.95607e-01 -1.12439e+00 -1.09786e+00 -1.05807e+00 -1.13765e+00
1.13920e+05 2.84000e+02 -1.06000e+00 -9.95607e-01 -1.12439e+00 -1.09612e+00 -1.05547e+00 -1.13677e+00
1.14240e+05 2.85000e+02 -1.04152e+00 -8.91840e-01 -1.19120e+00 -1.09468e+00 -1.05336e+00 -1.13599e+00
1.14560e+05 2.86000e+02 -1.00589e+00 -9.25311e-01 -1.08647e+00 -1.09359e+00 -1.05178e+00 -1.13539e+00
1.14880e+05 2.87000e+02 -1.04961e+00 -9.36897e-01 -1.16232e+00 -1.09288e+00 -1.05079e+00 -1.13496e+00
1.15200e+05 2.88000e+02 -1.01272e+00 -9.83762e-01 -1.04168e+00 -1.09255e+00 -1.05038e+00 -1.13473e+00
1.15520e+05 2.88000e+02 -1.01272e+00 -9.83762e-01 -1.04168e+00 -1.09261e+00 -1.05055e+00 -1.13466e+00
1.15840e+05 2.89000e+02 -1.11409e+00 -1.01261e+00 -1.21556e+00 -1.09300e+00 -1.05125e+00 -1.13476e+00
1.16160e+05 2.90000e+02 -9.74148e-01 -8.47800e-01 -1.10050e+00 -1.09368e+00 -1.05241e+00 -1.13495e+00
1.16480e+05 2.91000e+02 -1.07085e+00 -8.70022e-01 -1.27168e+00 -1.09458e+00 -1.05395e+00 -1.13521e+00
1.16800e+05 2.92000e+02 -1.02224e+00 -8.29064e-01 -1.21541e+00 -1.09562e+00 -1.05574e+00 -1.13550e+00
1.17120e+05 2.92000e+02 -1.02224e+00 -8.29064e-01 -1.21541e+00 -1.09673e+00 -1.05768e+00 -1.13578e+00
1.17440e+05 2.93000e+02 -9.94030e-01 -9.41490e-01 -1.04657e+00 -1.09781e+00 -1.05963e+00 -1.13599e+00
1.17760e+05 2.94000e+02 -1.19723e+00 -1.01515e+00 -1.37930e+00 -1.09879e+00 -1.06148e+00 -1.13611e+00
1.18080e+05 2.95000e+02 -9.82377e-01 -9.40800e-01 -1.02395e+00 -1.09961e+00 -1.06313e+00 -1.13608e+00
1.18400e+05 2.96000e+02 -9.91785e-01 -8.52833e-01 -1.13074e+00 -1.10018e+00 -1.06447e+00 -1.13588e+00
1.18720e+05 2.96000e+02 -9.91785e-01 -8.52833e-01 -1.13074e+00 -1.10046e+00 -1.06545e+00 -1.13547e+00
1.19040e+05 2.97000e+02 -1.05227e+00 -9.94669e-01 -1.10986e+00 -1.10042e+00 -1.06602e+00 -1.13482e+00
1.19360e+05 2.98000e+02 -1.04904e+00 -8.90517e-01 -1.20757e+00 -1.10003e+00 -1.06613e+00 -1.13393e+00
1.19680e+05 2.99000e+02 -1.12115e+00 -1.00774e+00 -1.23456e+00 -1.09928e+00 -1.06575e+00 -1.13280e+00
1.20000e+05 3.00000e+02 -1.11632e+00 -1.02762e+00 -1.20503e+00 -1.09816e+00 -1.06490e+00 -1.13142e+00
1.20320e+05 3.00000e+02 -1.11632e+00 -1.02762e+00 -1.20503e+00 -1.09671e+00 -1.06359e+00 -1.12983e+00
1.20640e+05 3.01000e+02 -9.99913e-01 -8.89318e-01 -1.11051e+00 -1.09495e+00 -1.06185e+00 -1.12804e+00
1.20960e+05 3.02000e+02 -9.35202e-01 -8.72723e-01 -9.97681e-01 -1.09291e+00 -1.05969e+00 -1.12612e+00
1.21280e+05 3.03000e+02 -9.61448e-01 -8.71134e-01 -1.05176e+00 -1.09064e+00 -1.05717e+00 -1.12411e+00
1.21600e+05 3.04000e+02 -9.03552e-01 -8.29505e-01 -9.77599e-01 -1.08818e+00 -1.05431e+00 -1.12206e+00
1.21920e+05 3.04000e+02 -9.03552e-01 -8.29505e-01 -9.77599e-01 -1.08560e+00 -1.05114e+00 -1.12005e+00
1.22240e+05 3.05000e+02 -9.67578e-01 -9.45747e-01 -9.89410e-01 -1.08292e+00 -1.04770e+00 -1.11815e+00
1.22560e+05 3.06000e+02 -8.87914e-01 -8.33979e-01 -9.41850e-01 -1.08022e+00 -1.04402e+00 -1.11641e+00
1.22880e+05 3.07000e+02 -1.02134e+00 -7.63593e-01 -1.27910e+00 -1.07753e+00 -1.04016e+00 -1.11489e+00
1.23200e+05 3.08000e+02 -1.08906e+00 -9.05759e-01 -1.27236e+00 -1.07489e+00 -1.03615e+00 -1.11363e+00
1.23520e+05 3.08000e+02 -1.08906e+00 -9.05759e-01 -1.27236e+00 -1.07234e+00 -1.03206e+00 -1.11261e+00
1.23840e+05 3.09000e+02 -9.49986e-01 -9.12099e-01 -9.87872e-01 -1.06988e+00 -1.02794e+00 -1.11181e+00
1.24160e+05 3.10000e+02 -9.84006e-01 -8.72798e-01 -1.09521e+00 -1.06752e+00 -1.02385e+00 -1.11119e+00
1.24480e+05 3.11000e+02 -1.01139e+00 -8.86733e-01 -1.13606e+00 -1.06523e+00 -1.01981e+00 -1.11065e+00
1.24800e+05 3.12000e+02 -1.06087e+00 -8.80132e-01 -1.24161e+00 -1.06300e+00 -1.01587e+00 -1.11013e+00
1.25120e+05 3.12000e+02 -1.06087e+00 -8.80132e-01 -1.24161e+00 -1.06076e+00 -1.01201e+00 -1.10951e+00
1.25440e+05 3.13000e+02 -1.04967e+00 -9.66396e-01 -1.13295e+00 -1.05848e+00 -1.00823e+00 -1.10873e+00
1.25760e+05 3.14000e+02 -1.02209e+00 -1.01779e+00 -1.02638e+00 -1.05611e+00 -1.00452e+00 -1.10771e+00
1.26080e+05 3.15000e+02 -9.24704e-01 -9.00799e-01 -9.48610e-01 -1.05361e+00 -1.00083e+00 -1.10639e+00
1.26400e+05 3.16000e+02 -8.64770e-01 -8.15380e-01 -9.14160e-01 -1.05096e+00 -9.97142e-01 -1.10477e+00
1.26720e+05 3.16000e+02 -8.64770e-01 -8.15380e-01 -9.14160e-01 -1.04813e+00 -9.93429e-01 -1.10283e+00
1.27040e+05 3.17000e+02 -8.94006e-01 -7.96876e-01 -9.91135e-01 -1.04515e+00 -9.89687e-01 -1.10061e+00
1.27360e+05 3.18000e+02 -1.03851e+00 -9.46466e-01 -1.13055e+00 -1.04202e+00 -9.85919e-01 -1.09812e+00
1.27680e+05 3.19000e+02 -9.50037e-01 -8.27625e-01 -1.07245e+00 -1.03879e+00 -9.82161e-01 -1.09542e+00
1.28000e+05 3.20000e+02 -9.96677e-01 -9.25063e-01 -1.06829e+00 -1.03551e+00 -9.78454e-01 -1.09256e+00
1.28320e+05 3.20000e+02 -9.96677e-01 -9.25063e-01 -1.06829e+00 -1.03221e+00 -9.74856e-01 -1.08957e+00
1.28640e+05 3.21000e+02 -1.02038e+00 -9.66851e-01 -1.07392e+00 -1.02897e+00 -9.71429e-01 -1.08650e+00
1.28960e+05 3.22000e+02 -8.49468e-01 -7.79460e-01 -9.19476e-01 -1.02581e+00 -9.68237e-01 -1.08339e+00
1.29280e+05 3.23000e+02 -9.24381e-01 -7.85918e-01 -1.06284e+00 -1.02278e+00 -9.65320e-01 -1.08025e+00
1.29600e+05 3.24000e+02 -9.12578e-01 -8.39557e-01 -9.85600e-01 -1.01989e+00 -9.62707e-01 -1.07708e+00
1.29920e+05 3.24000e+02 -9.12578e-01 -8.39557e-01 -9.85600e-01 -1.01715e+00 -9.60401e-01 -1.07391e+00
1.30240e+05 3.25000e+02 -9.63275e-01 -8.80410e-01 -1.04614e+00 -1.01455e+00 -9.58386e-01 -1.07071e+00
1.30560e+05 3.26000e+02 -9.67024e-01 -9.09507e-01 -1.02454e+00 -1.01208e+00 -9.56620e-01 -1.06753e+00
1.30880e+05 3.27000e+02 -9.45817e-01 -8.70892e-01 -1.02074e+00 -1.00970e+00 -9.55050e-01 -1.06436e+00
1.31200e+05 3.28000e+02 -9.12889e-01 -8.75309e-01 -9.50469e-01 -1.00741e+00 -9.53613e-01 -1.06121e+00
1.31520e+05 3.28000e+02 -9.12889e-01 -8.75309e-01 -9.50469e-01 -1.00518e+00 -9.52239e-01 -1.05812e+00
1.31840e+05 3.29000e+02 -8.96942e-01 -7.87215e-01 -1.00667e+00 -1.00298e+00 -9.50862e-01 -1.05510e+00
1.32160e+05 3.30000e+02 -8.75681e-01 -8.26309e-01 -9.25054e-01 -1.00079e+00 -9.49417e-01 -1.05217e+00
1.32480e+05 3.31000e+02 -8.85408e-01 -8.64358e-01 -9.06458e-01 -9.98596e-01 -9.47855e-01 -1.04934e+00
1.32800e+05 3.32000e+02 -9.28666e-01 -8.72640e-01 -9.84692e-01 -9.96371e-01 -9.46137e-01 -1.04660e+00
1.33120e+05 3.32000e+02 -9.28666e-01 -8.72640e-01 -9.84692e-01 -9.94106e-01 -9.44239e-01 -1.04397e+00
1.33440e+05 3.33000e+02 -9.39752e-01 -8.26063e-01 -1.05344e+00 -9.91788e-01 -9.42150e-01 -1.04143e+00
1.33760e+05 3.34000e+02 -1.06707e+00 -1.05167e+00 -1.08247e+00 -9.89419e-01 -9.39873e-01 -1.03896e+00
1.34080e+05 3.35000e+02 -8.92412e-01 -8.84590e-01 -9.00234e-01 -9.86990e-01 -9.37424e-01 -1.03656e+00
1.34400e+05 3.36000e+02 -9.10267e-01 -9.00319e-01 -9.20215e-01 -9.84507e-01 -9.34828e-01 -1.03419e+00
1.34720e+05 3.36000e+02 -9.10267e-01 -9.00319e-01 -9.20215e-01 -9.81964e-01 -9.32117e-01 -1.03181e+00
1.35040e+05 3.37000e+02 -9.29198e-01 -8.46015e-01 -1.01238e+00 -9.79363e-01 -9.29328e-01 -1.02940e+00
1.35360e+05 3.38000e+02 -8.44220e-01 -7.57360e-01 -9.31079e-01 -9.76710e-01 -9.26507e-01 -1.02691e+00
1.35680e+05 3.39000e+02 -9.36615e-01 -9.21014e-01 -9.52216e-01 -9.73999e-01 -9.23707e-01 -1.02429e+00
1.36000e+05 3.40000e+02 -7.83908e-01 -7.50433e-01 -8.17383e-01 -9.71250e-01 -9.20986e-01 -1.02151e+00
1.36320e+05 3.40000e+02 -7.83908e-01 -7.50433e-01 -8.17383e-01 -9.68467e-01 -9.18408e-01 -1.01853e+00
1.36640e+05 3.41000e+02 -8.43315e-01 -8.27621e-01 -8.59009e-01 -9.65674e-01 -9.16042e-01 -1.01531e+00
1.36960e+05 3.42000e+02 -8.87059e-01 -7.49610e-01 -1.02451e+00 -9.62893e-01 -9.13946e-01 -1.01184e+00
1.37280e+05 3.43000e+02 -8.35264e-01 -7.93062e-01 -8.77466e-01 -9.60146e-01 -9.12171e-01 -1.00812e+00
1.37600e+05 3.44000e+02 -8.71352e-01 -8.48674e-01 -8.94030e-01 -9.57465e-01 -9.10754e-01 -1.00418e+00
1.37920e+05 3.44000e+02 -8.71352e-01 -8.48674e-01 -8.94030e-01 -9.54865e-01 -9.09702e-01 -1.00003e+00
1.38240e+05 3.45000e+02 -8.31003e-01 -7.49544e-01 -9.12462e-01 -9.52359e-01 -9.09006e-01 -9.95712e-01
1.38560e+05 3.46000e+02 -8.64278e-01 -8.10541e-01 -9.18015e-01 -9.49951e-01 -9.08629e-01 -9.91273e-01
1.38880e+05 3.47000e+02 -9.41007e-01 -8.24156e-01 -1.05786e+00 -9.47633e-01 -9.08510e-01 -9.86756e-01
1.39200e+05 3.48000e+02 -8.65548e-01 -7.98151e-01 -9.32944e-01 -9.45385e-01 -9.08571e-01 -9.82199e-01
1.39520e+05 3.48000e+02 -8.65548e-01 -7.98151e-01 -9.32944e-01 -9.43180e-01 -9.08719e-01 -9.77640e-01
1.39840e+05 3.49000e+02 -7.98312e-01 -7.41156e-01 -8.55468e-01 -9.40983e-01 -9.08858e-01 -9.73109e-01
1.40160e+05 3.50000e+02 -8.77214e-01 -8.58871e-01 -8.95557e-01 -9.38758e-01 -9.08887e-01 -9.68628e-01
1.40480e+05 3.51000e+02 -8.13059e-01 -7.57253e-01 -8.68864e-01 -9.36466e-01 -9.08715e-01 -9.64217e-01
1.40800e+05 3.52000e+02 -8.71518e-01 -6.83682e-01 -1.05935e+00 -9.34076e-01 -9.08265e-01 -9.59887e-01
1.41120e+05 3.52000e+02 -8.71518e-01 -6.83682e-01 -1.05935e+00 -9.31563e-01 -9.07477e-01 -9.55649e-01
1.41440e+05 3.53000e+02 -8.92474e-01 -7.86515e-01 -9.98432e-01 -9.28911e-01 -9.06309e-01 -9.51513e-01
1.41760e+05 3.54000e+02 -9.00748e-01 -7.90454e-01 -1.01104e+00 -9.26116e-01 -9.04745e-01 -9.47488e-01
1.42080e+05 3.55000e+02 -8.98128e-01 -8.79937e-01 -9.16319e-01 -9.23184e-01 -9.02787e-01 -9.43581e-01
1.42400e+05 3.56000e+02 -9.50936e-01 -8.49485e-01 -1.05239e+00 -9.20128e-01 -9.00451e-01 -9.39804e-01
1.42720e+05 3.56000e+02 -9.50936e-01 -8.49485e-01 -1.05239e+00 -9.16968e-01 -8.97768e-01 -9.36168e-01
1.43040e+05 3.57000e+02 -9.02106e-01 -7.81367e-01 -1.02284e+00 -9.13731e-01 -8.94776e-01 -9.32685e-01
1.43360e+05 3.58000e+02 -8.19919e-01 -7.14671e-01 -9.25166e-01 -9.10443e-01 -8.91522e-01 -9.29364e-01
1.43680e+05 3.59000e+02 -9.63249e-01 -9.11169e-01 -1.01533e+00 -9.07137e-01 -8.88066e-01 -9.26208e-01
1.44000e+05 3.60000e+02 -1.02850e+00 -8.54800e-01 -1.20220e+00 -9.03844e-01 -8.84480e-01 -9.23207e-01
1.44320e+05 3.60000e+02 -1.02850e+00 -8.54800e-01 -1.20220e+00 -9.00597e-01 -8.80853e-01 -9.20342e-01
1.44640e+05 3.61000e+02 -8.12755e-01 -7.75102e-01 -8.50407e-01 -8.97434e-01 -8.77290e-01 -9.17578e-01
1.44960e+05 3.62000e+02 -9.50386e-01 -8.31983e-01 -1.06879e+00 -8.94391e-01 -8.73906e-01 -9.14877e-01
1.45280e+05 3.63000e+02 -8.55600e-01 -8.13258e-01 -8.97942e-01 -8.91509e-01 -8.70819e-01 -9.12198e-01
1.45600e+05 3.64000e+02 -7.85350e-01 -7.26553e-01 -8.44147e-01 -8.88823e-01 -8.68141e-01 -9.09505e-01
1.45920e+05 3.64000e+02 -7.85350e-01 -7.26553e-01 -8.44147e-01 -8.86374e-01 -8.65968e-01 -9.06779e-01
1.46240e+05 3.65000e+02 -9.49551e-01 -8.66745e-01 -1.03236e+00 -8.84193e-01 -8.64369e-01 -9.04017e-01
1.46560e+05 3.66000e+02 -8.03057e-01 -7.71676e-01 -8.34437e-01 -8.82315e-01 -8.63380e-01 -9.01250e-01
1.46880e+05 3.67000e+02 -8.28198e-01 -7.07014e-01 -9.49382e-01 -8.80762e-01 -8.62985e-01 -8.98540e-01
1.47200e+05 3.68000e+02 -8.37930e-01 -8.11211e-01 -8.64649e-01 -8.79555e-01 -8.63121e-01 -8.95989e-01
1.47520e+05 3.68000e+02 -8.37930e-01 -8.11211e-01 -8.64649e-01 -8.78702e-01 -8.63661e-01 -8.93743e-01
1.47840e+05 3.69000e+02 -8.43466e-01 -7.55766e-01 -9.31165e-01 -8.78199e-01 -8.64416e-01 -8.91983e-01
1.48160e+05 3.70000e+02 -8.70874e-01 -8.58004e-01 -8.83745e-01 -8.78033e-01 -8.65160e-01 -8.90906e-01
1.48480e+05 3.71000e+02 -8.51056e-01 -7.28868e-01 -9.73243e-01 -8.78174e-01 -8.65684e-01 -8.90665e-01
1.48800e+05 3.72000e+02 -8.22449e-01 -6.84590e-01 -9.60308e-01 -8.78582e-01 -8.65890e-01 -8.91273e-01
1.49120e+05 3.72000e+02 -8.22449e-01 -6.84590e-01 -9.60308e-01 -8.79203e-01 -8.65828e-01 -8.92578e-01
1.49440e+05 3.73000e+02 -8.36942e-01 -7.76707e-01 -8.97177e-01 -8.79976e-01 -8.65637e-01 -8.94315e-01
1.49760e+05 3.74000e+02 -9.71104e-01 -8.97484e-01 -1.04472e+00 -8.80833e-01 -8.65461e-01 -8.96206e-01
1.50080e+05 3.75000e+02 -7.78615e-01 -7.41126e-01 -8.16104e-01 -8.81706e-01 -8.65402e-01 -8.98009e-01
1.50400e+05 3.76000e+02 -8.22409e-01 -7.89766e-01 -8.55051e-01 -8.82525e-01 -8.65512e-01 -8.99539e-01
1.50720e+05 3.76000e+02 -8.22409e-01 -7.89766e-01 -8.55051e-01 -8.83229e-01 -8.65793e-01 -9.00665e-01
1.51040e+05 3.77000e+02 -8.71500e-01 -8.19827e-01 -9.23172e-01 -8.83764e-01 -8.66222e-01 -9.01306e-01
1.51360e+05 3.78000e+02 -8.82030e-01 -7.44606e-01 -1.01945e+00 -8.84087e-01 -8.66750e-01 -9.01423e-01
1.51680e+05 3.79000e+02 -8.83811e-01 -7.96665e-01 -9.70957e-01 -8.84169e-01 -8.67319e-01 -9.01019e-01
1.52000e+05 3.80000e+02 -9.19490e-01 -7.42196e-01 -1.09678e+00 -8.83993e-01 -8.67861e-01 -9.00125e-01
1.52320e+05 3.80000e+02 -9.19490e-01 -7.42196e-01 -1.09678e+00 -8.83557e-01 -8.68315e-01 -8.98799e-01
1.52640e+05 3.81000e+02 -8.44849e-01 -8.12682e-01 -8.77016e-01 -8.82870e-01 -8.68621e-01 -8.97118e-01
1.52960e+05 3.82000e+02 -8.19092e-01 -7.63527e-01 -8.74657e-01 -8.81950e-01 -8.68730e-01 -8.95171e-01
1.53280e+05 3.83000e+02 -8.24264e-01 -7.92495e-01 -8.56032e-01 -8.80825e-01 -8.68593e-01 -8.93057e-01
1.53600e+05 3.84000e+02 -9.26833e-01 -8.69561e-01 -9.84105e-01 -8.79528e-01 -8.68169e-01 -8.90888e-01
1.53920e+05 3.84000e+02 -9.26833e-01 -8.69561e-01 -9.84105e-01 -8.78096e-01 -8.67418e-01 -8.88775e-01
1.54240e+05 3.85000e+02 -8.34144e-01 -7.41709e-01 -9.26579e-01 -8.76570e-01 -8.66305e-01 -8.86835e-01
1.54560e+05 3.86000e+02 -8.69296e-01 -8.19194e-01 -9.19397e-01 -8.74993e-01 -8.64815e-01 -8.85171e-01
1.54880e+05 3.87000e+02 -8.41119e-01 -7.63067e-01 -9.19170e-01 -8.73405e-01 -8.62955e-01 -8.83855e-01
1.55200e+05 3.88000e+02 -9.45491e-01 -8.54946e-01 -1.03604e+00 -8.71845e-01 -8.60769e-01 -8.82922e-01
1.55520e+05 3.88000e+02 -9.45491e-01 -8.54946e-01 -1.03604e+00 -8.70348e-01 -8.58319e-01 -8.82377e-01
1.55840e+05 3.89000e+02 -8.43590e-01 -8.21190e-01 -8.65989e-01 -8.68942e-01 -8.55680e-01 -8.82204e-01
1.56160e+05 3.90000e+02 -8.59649e-01 -7.57191e-01 -9.62107e-01 -8.67647e-01 -8.52918e-01 -8.82376e-01
1.56480e+05 3.91000e+02 -7.98772e-01 -7.07270e-01 -8.90274e-01 -8.66479e-01 -8.50092e-01 -8.82866e-01
1.56800e+05 3.92000e+02 -9.06624e-01 -8.52615e-01 -9.60632e-01 -8.65444e-01 -8.47247e-01 -8.83641e-01
1.57120e+05 3.92000e+02 -9.06624e-01 -8.52615e-01 -9.60632e-01 -8.64546e-01 -8.44425e-01 -8.84667e-01
1.57440e+05 3.93000e+02 -8.32218e-01 -7.46138e-01 -9.18297e-01 -8.63782e-01 -8.41657e-01 -8.85906e-01
1.57760e+05 3.94000e+02 -7.91564e-01 -7.48914e-01 -8.34214e-01 -8.63147e-01 -8.38976e-01 -8.87317e-01
1.58080e+05 3.95000e+02 -8.67245e-01 -8.04580e-01 -9.29910e-01 -8.62634e-01 -8.36412e-01 -8.88857e-01
1.58400e+05 3.96000e+02 -7.79685e-01 -7.55811e-01 -8.03559e-01 -8.62237e-01 -8.33994e-01 -8.90479e-01
1.58720e+05 3.96000e+02 -7.79685e-01 -7.55811e-01 -8.03559e-01 -8.61945e-01 -8.31754e-01 -8.92135e-01
1.59040e+05 3.97000e+02 -9.37951e-01 -7.94642e-01 -1.08126e+00 -8.61747e-01 -8.29719e-01 -8.93775e-01
1.59360e+05 3.98000e+02 -8.79807e-01 -7.38722e-01 -1.02089e+00 -8.61631e-01 -8.27912e-01 -8.95350e-01
1.59680e+05 3.99000e+02 -8.06253e-01 -7.09698e-01 -9.02808e-01 -8.61582e-01 -8.26354e-01 -8.96810e-01
1.60000e+05 4.00000e+02 -8.60534e-01 -7.86602e-01 -9.34466e-01 -8.61581e-01 -8.25054e-01 -8.98108e-01
1.60320e+05 4.00000e+02 -8.60534e-01 -7.86602e-01 -9.34466e-01 -8.61609e-01 -8.24019e-01 -8.99199e-01
1.60640e+05 4.01000e+02 -8.47707e-01 -8.06991e-01 -8.88423e-01 -8.61644e-01 -8.23247e-01 -9.00041e-01
1.60960e+05 4.02000e+02 -9.09069e-01 -8.09792e-01 -1.00835e+00 -8.61664e-01 -8.22733e-01 -9.00595e-01
1.61280e+05 4.03000e+02 -7.87930e-01 -7.65157e-01 -8.10703e-01 -8.61649e-01 -8.22468e-01 -9.00829e-01
1.61600e+05 4.04000e+02 -8.49013e-01 -7.74551e-01 -9.23475e-01 -8.61580e-01 -8.22439e-01 -9.00722e-01
1.61920e+05 4.04000e+02 -8.49013e-01 -7.74551e-01 -9.23475e-01 -8.61447e-01 -8.22633e-01 -9.00261e-01
1.62240e+05 4.05000e+02 -8.83623e-01 -8.43355e-01 -9.23892e-01 -8.61241e-01 -8.23030e-01 -8.99452e-01
1.62560e+05 4.06000e+02 -9.16743e-01 -9.09020e-01 -9.24465e-01 -8.60960e-01 -8.23613e-01 -8.98307e-01
1.62880e+05 4.07000e+02 -8.90451e-01 -7.72145e-01 -1.00876e+00 -8.60609e-01 -8.24357e-01 -8.96861e-01
1.63200e+05 4.08000e+02 -9.06965e-01 -8.04432e-01 -1.00950e+00 -8.60195e-01 -8.25237e-01 -8.95154e-01
1.63520e+05 4.08000e+02 -9.06965e-01 -8.04432e-01 -1.00950e+00 -8.59730e-01 -8.26226e-01 -8.93233e-01
1.63840e+05 4.09000e+02 -8.79263e-01 -8.03837e-01 -9.54689e-01 -8.59226e-01 -8.27300e-01 -8.91152e-01
1.64160e+05 4.10000e+02 -9.16139e-01 -8.78253e-01 -9.54025e-01 -8.58698e-01 -8.28434e-01 -8.88962e-01
1.64480e+05 4.11000e+02 -8.92969e-01 -8.33488e-01 -9.52451e-01 -8.58163e-01 -8.29609e-01 -8.86716e-01
1.64800e+05 4.12000e+02 -8.08501e-01 -7.74076e-01 -8.42925e-01 -8.57634e-01 -8.30810e-01 -8.84458e-01
1.65120e+05 4.12000e+02 -8.08501e-01 -7.74076e-01 -8.42925e-01 -8.57130e-01 -8.32026e-01 -8.82233e-01
1.65440e+05 4.13000e+02 -8.77580e-01 -7.91402e-01 -9.63757e-01 -8.56670e-01 -8.33259e-01 -8.80082e-01
1.65760e+05 4.14000e+02 -8.15411e-01 -7.68129e-01 -8.62693e-01 -8.56275e-01 -8.34511e-01 -8.78039e-01
1.66080e+05 4.15000e+02 -8.95975e-01 -8.21432e-01 -9.70519e-01 -8.55966e-01 -8.35790e-01 -8.76143e-01
1.66400e+05 4.16000e+02 -8.63854e-01 -7.76117e-01 -9.51592e-01 -8.55767e-01 -8.37104e-01 -8.74430e-01
1.66720e+05 4.16000e+02 -8.63854e-01 -7.76117e-01 -9.51592e-01 -8.55698e-01 -8.38456e-01 -8.72941e-01
1.67040e+05 4.17000e+02 -8.70189e-01 -8.31818e-01 -9.08560e-01 -8.55777e-01 -8.39839e-01 -8.71716e-01
1.67360e+05 4.18000e+02 -8.18890e-01 -7.62627e-01 -8.75153e-01 -8.56016e-01 -8.41237e-01 -8.70794e-01
1.67680e+05 4.19000e+02 -8.02280e-01 -7.06625e-01 -8.97934e-01 -8.56419e-01 -8.42626e-01 -8.70211e-01
1.68000e+05 4.20000e+02 -7.80658e-01 -7.00432e-01 -8.60884e-01 -8.56981e-01 -8.43978e-01 -8.69985e-01
1.68320e+05 4.20000e+02 -7.80658e-01 -7.00432e-01 -8.60884e-01 -8.57690e-01 -8.45270e-01 -8.70110e-01
1.68640e+05 4.21000e+02 -7.91419e-01 -7.35103e-01 -8.47734e-01 -8.58525e-01 -8.46496e-01 -8.70553e-01
1.68960e+05 4.22000e+02 -7.72617e-01 -7.27054e-01 -8.18180e-01 -8.59456e-01 -8.47665e-01 -8.71247e-01
1.69280e+05 4.23000e+02 -7.80851e-01 -6.79217e-01 -8.82484e-01 -8.60450e-01 -8.48797e-01 -8.72104e-01
1.69600e+05 4.24000e+02 -8.17699e-01 -7.78859e-01 -8.56539e-01 -8.61472e-01 -8.49914e-01 -8.73030e-01
1.69920e+05 4.24000e+02 -8.17699e-01 -7.78859e-01 -8.56539e-01 -8.62482e-01 -8.51032e-01 -8.73933e-01
1.70240e+05 4.25000e+02 -7.57898e-01 -6.37862e-01 -8.77934e-01 -8.63440e-01 -8.52150e-01 -8.74730e-01
1.70560e+05 4.26000e+02 -8.54669e-01 -7.28655e-01 -9.80683e-01 -8.64302e-01 -8.53251e-01 -8.75352e-01
1.70880e+05 4.27000e+02 -8.03908e-01 -7.26579e-01 -8.81236e-01 -8.65026e-01 -8.54306e-01 -8.75747e-01
1.71200e+05 4.28000e+02 -8.56105e-01 -7.57785e-01 -9.54424e-01 -8.65570e-01 -8.55268e-01 -8.75872e-01
1.71520e+05 4.28000e+02 -8.56105e-01 -7.57785e-01 -9.54424e-01 -8.65891e-01 -8.56078e-01 -8.75705e-01
1.71840e+05 4.29000e+02 -9.36987e-01 -7.98129e-01 -1.07584e+00 -8.65951e-01 -8.56667e-01 -8.75235e-01
1.72160e+05 4.30000e+02 -7.56034e-01 -5.94758e-01 -9.17310e-01 -8.65715e-01 -8.56957e-01 -8.74474e-01
1.72480e+05 4.31000e+02 -8.07159e-01 -6.83768e-01 -9.30550e-01 -8.65158e-01 -8.56858e-01 -8.73458e-01
1.72800e+05 4.32000e+02 -7.49268e-01 -7.01138e-01 -7.97397e-01 -8.64260e-01 -8.56278e-01 -8.72243e-01
1.73120e+05 4.32000e+02 -7.49268e-01 -7.01138e-01 -7.97397e-01 -8.63019e-01 -8.55138e-01 -8.70900e-01
1.73440e+05 4.33000e+02 -7.77990e-01 -7.39824e-01 -8.16156e-01 -8.61441e-01 -8.53381e-01 -8.69501e-01
1.73760e+05 4.34000e+02 -8.00262e-01 -7.09138e-01 -8.91385e-01 -8.59550e-01 -8.50999e-01 -8.68102e-01
1.74080e+05 4.35000e+02 -7.56072e-01 -6.15863e-01 -8.96281e-01 -8.57384e-01 -8.48025e-01 -8.66742e-01
1.74400e+05 4.36000e+02 -8.55574e-01 -7.24293e-01 -9.86856e-01 -8.54990e-01 -8.44523e-01 -8.65457e-01
1.74720e+05 4.36000e+02 -8.55574e-01 -7.24293e-01 -9.86856e-01 -8.52427e-01 -8.40559e-01 -8.64295e-01
1.75040e+05 4.37000e+02 -7.54245e-01 -6.82072e-01 -8.26418e-01 -8.49754e-01 -8.36195e-01 -8.63314e-01
1.75360e+05 4.38000e+02 -7.79942e-01 -7.20396e-01 -8.39487e-01 -8.47032e-01 -8.31482e-01 -8.62582e-01
1.75680e+05 4.39000e+02 -7.43900e-01 -6.67657e-01 -8.20143e-01 -8.44311e-01 -8.26463e-01 -8.62160e-01
1.76000e+05 4.40000e+02 -8.27060e-01 -7.32781e-01 -9.21338e-01 -8.41636e-01 -8.21181e-01 -8.62091e-01
1.76320e+05 4.40000e+02 -8.27060e-01 -7.32781e-01 -9.21338e-01 -8.39038e-01 -8.15682e-01 -8.62394e-01
1.76640e+05 4.41000e+02 -8.04327e-01 -7.20801e-01 -8.87854e-01 -8.36536e-01 -8.10012e-01 -8.63060e-01
1.76960e+05 4.42000e+02 -7.97322e-01 -7.61835e-01 -8.32810e-01 -8.34141e-01 -8.04221e-01 -8.64060e-01
1.77280e+05 4.43000e+02 -8.31401e-01 -8.21348e-01 -8.41455e-01 -8.31851e-01 -7.98359e-01 -8.65344e-01
1.77600e+05 4.44000e+02 -7.77746e-01 -6.74166e-01 -8.81326e-01 -8.29661e-01 -7.92473e-01 -8.66849e-01
1.77920e+05 4.44000e+02 -7.77746e-01 -6.74166e-01 -8.81326e-01 -8.27556e-01 -7.86609e-01 -8.68504e-01
1.78240e+05 4.45000e+02 -8.25163e-01 -7.91257e-01 -8.59069e-01 -8.25524e-01 -7.80814e-01 -8.70234e-01
1.78560e+05 4.46000e+02 -7.15916e-01 -6.39167e-01 -7.92665e-01 -8.23550e-01 -7.75133e-01 -8.71967e-01
1.78880e+05 4.47000e+02 -7.99875e-01 -6.89438e-01 -9.10313e-01 -8.21619e-01 -7.69612e-01 -8.73626e-01
1.79200e+05 4.48000e+02 -8.47709e-01 -7.80868e-01 -9.14550e-01 -8.19724e-01 -7.64300e-01 -8.75147e-01
1.79520e+05 4.48000e+02 -8.47709e-01 -7.80868e-01 -9.14550e-01 -8.17860e-01 -7.59252e-01 -8.76467e-01
1.79840e+05 4.49000e+02 -8.61284e-01 -8.08666e-01 -9.13902e-01 -8.16027e-01 -7.54521e-01 -8.77533e-01
1.80160e+05 4.50000e+02 -8.02236e-01 -6.68193e-01 -9.36279e-01 -8.14232e-01 -7.50160e-01 -8.78304e-01
1.80480e+05 4.51000e+02 -8.33087e-01 -7.70648e-01 -8.95526e-01 -8.12484e-01 -7.46217e-01 -8.78751e-01
1.80800e+05 4.52000e+02 -7.91833e-01 -7.33115e-01 -8.50550e-01 -8.10795e-01 -7.42731e-01 -8.78860e-01
1.81120e+05 4.52000e+02 -7.91833e-01 -7.33115e-01 -8.50550e-01 -8.09177e-01 -7.39728e-01 -8.78626e-01
1.81440e+05 4.53000e+02 -7.27772e-01 -6.96276e-01 -7.59267e-01 -8.07640e-01 -7.37219e-01 -8.78062e-01
1.81760e+05 4.54000e+02 -8.26284e-01 -7.84307e-01 -8.68262e-01 -8.06198e-01 -7.35202e-01 -8.77194e-01
1.82080e+05 4.55000e+02 -7.81142e-01 -6.93442e-01 -8.68841e-01 -8.04860e-01 -7.33660e-01 -8.76061e-01
1.82400e+05 4.56000e+02 -8.67058e-01 -7.85771e-01 -9.48345e-01 -8.03640e-01 -7.32570e-01 -8.74710e-01
1.82720e+05 4.56000e+02 -8.67058e-01 -7.85771e-01 -9.48345e-01 -8.02547e-01 -7.31899e-01 -8.73196e-01
1.83040e+05 4.57000e+02 -7.66374e-01 -7.21447e-01 -8.11301e-01 -8.01593e-01 -7.31610e-01 -8.71576e-01
1.83360e+05 4.58000e+02 -8.76469e-01 -7.87084e-01 -9.65854e-01 -8.00787e-01 -7.31668e-01 -8.69905e-01
1.83680e+05 4.59000e+02 -8.32977e-01 -7.38878e-01 -9.27076e-01 -8.00131e-01 -7.32035e-01 -8.68228e-01
1.84000e+05 4.60000e+02 -7.75830e-01 -6.96258e-01 -8.55402e-01 -7.99628e-01 -7.32675e-01 -8.66582e-01
1.84320e+05 4.60000e+02 -7.75830e-01 -6.96258e-01 -8.55402e-01 -7.99272e-01 -7.33555e-01 -8.64990e-01
1.84640e+05 4.61000e+02 -7.92583e-01 -6.94007e-01 -8.91159e-01 -7.99054e-01 -7.34642e-01 -8.63466e-01
1.84960e+05 4.62000e+02 -7.73854e-01 -6.40350e-01 -9.07358e-01 -7.98961e-01 -7.35909e-01 -8.62012e-01
1.85280e+05 4.63000e+02 -7.84006e-01 -7.37861e-01 -8.30152e-01 -7.98977e-01 -7.37329e-01 -8.60626e-01
1.85600e+05 4.64000e+02 -7.60190e-01 -7.32788e-01 -7.87593e-01 -7.99089e-01 -7.38877e-01 -8.59301e-01
1.85920e+05 4.64000e+02 -7.60190e-01 -7.32788e-01 -7.87593e-01 -7.99283e-01 -7.40533e-01 -8.58032e-01
1.86240e+05 4.65000e+02 -7.69395e-01 -6.73010e-01 -8.65780e-01 -7.99547e-01 -7.42275e-01 -8.56819e-01
1.86560e+05 4.66000e+02 -8.26323e-01 -7.87936e-01 -8.64709e-01 -7.99871e-01 -7.44078e-01 -8.55663e-01
1.86880e+05 4.67000e+02 -8.35077e-01 -7.41781e-01 -9.28372e-01 -8.00247e-01 -7.45921e-01 -8.54573e-01
1.87200e+05 4.68000e+02 -8.16513e-01 -7.33058e-01 -8.99969e-01 -8.00665e-01 -7.47773e-01 -8.53556e-01
1.87520e+05 4.68000e+02 -8.16513e-01 -7.33058e-01 -8.99969e-01 -8.01114e-01 -7.49606e-01 -8.52621e-01
1.87840e+05 4.69000e+02 -6.89258e-01 -6.75025e-01 -7.03492e-01 -8.01581e-01 -7.51387e-01 -8.51774e-01
1.88160e+05 4.70000e+02 -8.20029e-01 -6.55063e-01 -9.84994e-01 -8.02049e-01 -7.53085e-01 -8.51013e-01
1.88480e+05 4.71000e+02 -8.33245e-01 -7.82296e-01 -8.84194e-01 -8.02500e-01 -7.54668e-01 -8.50332e-01
1.88800e+05 4.72000e+02 -8.14109e-01 -8.04491e-01 -8.23727e-01 -8.02913e-01 -7.56107e-01 -8.49719e-01
1.89120e+05 4.72000e+02 -8.14109e-01 -8.04491e-01 -8.23727e-01 -8.03269e-01 -7.57378e-01 -8.49160e-01
1.89440e+05 4.73000e+02 -8.26333e-01 -7.16155e-01 -9.36511e-01 -8.03551e-01 -7.58458e-01 -8.48644e-01
1.89760e+05 4.74000e+02 -8.40551e-01 -6.80300e-01 -1.00080e+00 -8.03745e-01 -7.59331e-01 -8.48159e-01
1.90080e+05 4.75000e+02 -8.06320e-01 -7.08700e-01 -9.03940e-01 -8.03843e-01 -7.59985e-01 -8.47702e-01
1.90400e+05 4.76000e+02 -7.54290e-01 -6.10869e-01 -8.97711e-01 -8.03841e-01 -7.60413e-01 -8.47269e-01
1.90720e+05 4.76000e+02 -7.54290e-01 -6.10869e-01 -8.97711e-01 -8.03738e-01 -7.60615e-01 -8.46862e-01
1.91040e+05 4.77000e+02 -8.19864e-01 -7.56445e-01 -8.83283e-01 -8.03540e-01 -7.60595e-01 -8.46484e-01
1.91360e+05 4.78000e+02 -8.01161e-01 -7.44712e-01 -8.57610e-01 -8.03257e-01 -7.60371e-01 -8.46143e-01
1.91680e+05 4.79000e+02 -8.21877e-01 -7.60534e-01 -8.83219e-01 -8.02904e-01 -7.59961e-01 -8.45847e-01
1.92000e+05 4.80000e+02 -8.27952e-01 -7.19741e-01 -9.36162e-01 -8.02502e-01 -7.59394e-01 -8.45610e-01
1.92320e+05 4.80000e+02 -8.27952e-01 -7.19741e-01 -9.36162e-01 -8.02073e-01 -7.58696e-01 -8.45451e-01
1.92640e+05 4.81000e+02 -8.17205e-01 -6.82720e-01 -9.51690e-01 -8.01642e-01 -7.57893e-01 -8.45390e-01
1.92960e+05 4.82000e+02 -8.42193e-01 -7.32172e-01 -9.52214e-01 -8.01230e-01 -7.57009e-01 -8.45451e-01
1.93280e+05 4.83000e+02 -7.88614e-01 -6.81111e-01 -8.96118e-01 -8.00861e-01 -7.56062e-01 -8.45660e-01
1.93600e+05 4.84000e+02 -7.70033e-01 -7.28617e-01 -8.11448e-01 -8.00550e-01 -7.55065e-01 -8.46035e-01
1.93920e+05 4.84000e+02 -7.70033e-01 -7.28617e-01 -8.11448e-01 -8.00313e-01 -7.54030e-01 -8.46596e-01
1.94240e+05 4.85000e+02 -9.25623e-01 -8.55034e-01 -9.96212e-01 -8.00157e-01 -7.52962e-01 -8.47352e-01
1.94560e+05 4.86000e+02 -8.52444e-01 -7.92299e-01 -9.12589e-01 -8.00087e-01 -7.51867e-01 -8.48306e-01
1.94880e+05 4.87000e+02 -8.19552e-01 -6.82955e-01 -9.56148e-01 -8.00105e-01 -7.50751e-01 -8.49460e-01
1.95200e+05 4.88000e+02 -8.84390e-01 -7.23711e-01 -1.04507e+00 -8.00211e-01 -7.49617e-01 -8.50806e-01
1.95520e+05 4.88000e+02 -8.84390e-01 -7.23711e-01 -1.04507e+00 -8.00402e-01 -7.48475e-01 -8.52330e-01
1.95840e+05 4.89000e+02 -8.69282e-01 -7.98802e-01 -9.39762e-01 -8.00675e-01 -7.47334e-01 -8.54015e-01
1.96160e+05 4.90000e+02 -8.90248e-01 -7.97816e-01 -9.82680e-01 -8.01025e-01 -7.46211e-01 -8.55839e-01
1.96480e+05 4.91000e+02 -8.43539e-01 -7.07210e-01 -9.79867e-01 -8.01450e-01 -7.45126e-01 -8.57774e-01
1.96800e+05 4.92000e+02 -7.58457e-01 -6.92984e-01 -8.23929e-01 -8.01947e-01 -7.44101e-01 -8.59794e-01
1.97120e+05 4.92000e+02 -7.58457e-01 -6.92984e-01 -8.23929e-01 -8.02518e-01 -7.43164e-01 -8.61872e-01
1.97440e+05 4.93000e+02 -7.83711e-01 -7.00843e-01 -8.66578e-01 -8.03166e-01 -7.42343e-01 -8.63989e-01
1.97760e+05 4.94000e+02 -8.44051e-01 -8.15712e-01 -8.72389e-01 -8.03897e-01 -7.41662e-01 -8.66132e-01
1.98080e+05 4.95000e+02 -7.83183e-01 -6.44307e-01 -9.22060e-01 -8.04723e-01 -7.41145e-01 -8.68301e-01
1.98400e+05 4.96000e+02 -8.59804e-01 -6.86559e-01 -1.03305e+00 -8.05654e-01 -7.40809e-01 -8.70500e-01
1.98720e+05 4.96000e+02 -8.59804e-01 -6.86559e-01 -1.03305e+00 -8.06702e-01 -7.40663e-01 -8.72742e-01
1.99040e+05 4.97000e+02 -8.80708e-01 -7.47517e-01 -1.01390e+00 -8.07876e-01 -7.40709e-01 -8.75042e-01
1.99360e+05 4.98000e+02 -8.29405e-01 -6.93995e-01 -9.64814e-01 -8.09179e-01 -7.40941e-01 -8.77416e-01
1.99680e+05 4.99000e+02 -8.08220e-01 -6.75282e-01 -9.41158e-01 -8.10606e-01 -7.41342e-01 -8.79870e-01
2.00000e+05 5.00000e+02 -8.50255e-01 -7.80126e-01 -9.20385e-01 -8.12144e-01 -7.41889e-01 -8.82400e-01
2.00320e+05 5.00000e+02 -8.50255e-01 -7.80126e-01 -9.20385e-01 -8.13772e-01 -7.42551e-01 -8.84992e-01
2.00640e+05 5.01000e+02 -8.73672e-01 -8.36442e-01 -9.10902e-01 -8.15459e-01 -7.43294e-01 -8.87624e-01
2.00960e+05 5.02000e+02 -8.59321e-01 -7.50178e-01 -9.68464e-01 -8.17170e-01 -7.44076e-01 -8.90265e-01
2.01280e+05 5.03000e+02 -8.32094e-01 -7.42970e-01 -9.21218e-01 -8.18870e-01 -7.44856e-01 -8.92884e-01
2.01600e+05 5.04000e+02 -7.78183e-01 -7.01001e-01 -8.55365e-01 -8.20523e-01 -7.45593e-01 -8.95453e-01
2.01920e+05 5.04000e+02 -7.78183e-01 -7.01001e-01 -8.55365e-01 -8.22099e-01 -7.46247e-01 -8.97951e-01
2.02240e+05 5.05000e+02 -8.13528e-01 -6.76455e-01 -9.50601e-01 -8.23574e-01 -7.46783e-01 -9.00365e-01
2.02560e+05 5.06000e+02 -7.71074e-01 -7.37009e-01 -8.05139e-01 -8.24932e-01 -7.47177e-01 -9.02687e-01
2.02880e+05 5.07000e+02 -8.85112e-01 -7.14451e-01 -1.05577e+00 -8.26164e-01 -7.47411e-01 -9.04916e-01
2.03200e+05 5.08000e+02 -8.80237e-01 -7.06080e-01 -1.05439e+00 -8.27270e-01 -7.47487e-01 -9.07052e-01
2.03520e+05 5.08000e+02 -8.80237e-01 -7.06080e-01 -1.05439e+00 -8.28255e-01 -7.47413e-01 -9.09097e-01
2.03840e+05 5.09000e+02 -8.06747e-01 -7.47974e-01 -8.65519e-01 -8.29130e-01 -7.47210e-01 -9.11049e-01
2.04160e+05 5.10000e+02 -9.01261e-01 -7.36577e-01 -1.06595e+00 -8.29905e-01 -7.46908e-01 -9.12902e-01
2.04480e+05 5.11000e+02 -8.25440e-01 -7.19627e-01 -9.31253e-01 -8.30593e-01 -7.46541e-01 -9.14644e-01
2.04800e+05 5.12000e+02 -9.28418e-01 -9.01977e-01 -9.54859e-01 -8.31200e-01 -7.46141e-01 -9.16260e-01
2.05120e+05 5.12000e+02 -9.28418e-01 -9.01977e-01 -9.54859e-01 -8.31733e-01 -7.45739e-01 -9.17727e-01
2.05440e+05 5.13000e+02 -8.61634e-01 -7.42048e-01 -9.81220e-01 -8.32195e-01 -7.45358e-01 -9.19031e-01
2.05760e+05 5.14000e+02 -8.77097e-01 -7.37317e-01 -1.01688e+00 -8.32587e-01 -7.45016e-01 -9.20158e-01
2.06080e+05 5.15000e+02 -8.42199e-01 -7.50417e-01 -9.33982e-01 -8.32914e-01 -7.44724e-01 -9.21104e-01
2.06400e+05 5.16000e+02 -9.32255e-01 -7.30458e-01 -1.13405e+00 -8.33179e-01 -7.44487e-01 -9.21871e-01
2.06720e+05 5.16000e+02 -9.32255e-01 -7.30458e-01 -1.13405e+00 -8.33391e-01 -7.44309e-01 -9.22473e-01
2.07040e+05 5.17000e+02 -8.41323e-01 -7.50077e-01 -9.32570e-01 -8.33563e-01 -7.44197e-01 -9.22929e-01
2.07360e+05 5.18000e+02 -8.63142e-01 -7.32644e-01 -9.93639e-01 -8.33714e-01 -7.44162e-01 -9.23266e-01
2.07680e+05 5.19000e+02 -8.63971e-01 -7.94529e-01 -9.33414e-01 -8.33866e-01 -7.44226e-01 -9.23505e-01
2.08000e+05 5.20000e+02 -7.70165e-01 -7.37099e-01 -8.03230e-01 -8.34043e-01 -7.44416e-01 -9.23670e-01
2.08320e+05 5.20000e+02 -7.70165e-01 -7.37099e-01 -8.03230e-01 -8.34274e-01 -7.44767e-01 -9.23781e-01
2.08640e+05 5.21000e+02 -7.70348e-01 -7.16156e-01 -8.24541e-01 -8.34585e-01 -7.45312e-01 -9.23859e-01
2.08960e+05 5.22000e+02 -7.66462e-01 -7.32706e-01 -8.00218e-01 -8.35001e-01 -7.46082e-01 -9.23920e-01
2.09280e+05 5.23000e+02 -8.06771e-01 -7.83357e-01 -8.30185e-01 -8.35544e-01 -7.47100e-01 -9.23988e-01
2.09600e+05 5.24000e+02 -7.27741e-01 -6.42751e-01 -8.12731e-01 -8.36227e-01 -7.48370e-01 -9.24084e-01
2.09920e+05 5.24000e+02 -7.27741e-01 -6.42751e-01 -8.12731e-01 -8.37059e-01 -7.49880e-01 -9.24238e-01
2.10240e+05 5.25000e+02 -7.77662e-01 -6.29635e-01 -9.25690e-01 -8.38036e-01 -7.51596e-01 -9.24476e-01
2.10560e+05 5.26000e+02 -8.18689e-01 -7.97291e-01 -8.40087e-01 -8.39145e-01 -7.53467e-01 -9.24823e-01
2.10880e+05 5.27000e+02 -8.39694e-01 -7.70117e-01 -9.09270e-01 -8.40360e-01 -7.55429e-01 -9.25291e-01
2.11200e+05 5.28000e+02 -7.68774e-01 -7.10575e-01 -8.26973e-01 -8.41641e-01 -7.57400e-01 -9.25883e-01
2.11520e+05 5.28000e+02 -7.68774e-01 -7.10575e-01 -8.26973e-01 -8.42940e-01 -7.59302e-01 -9.26578e-01
2.11840e+05 5.29000e+02 -7.75572e-01 -6.77359e-01 -8.73785e-01 -8.44196e-01 -7.61060e-01 -9.27332e-01
2.12160e+05 5.30000e+02 -7.94110e-01 -6.81617e-01 -9.06603e-01 -8.45345e-01 -7.62606e-01 -9.28084e-01
2.12480e+05 5.31000e+02 -7.75202e-01 -6.99849e-01 -8.50555e-01 -8.46319e-01 -7.63887e-01 -9.28751e-01
2.12800e+05 5.32000e+02 -8.20170e-01 -6.58140e-01 -9.82201e-01 -8.47054e-01 -7.64867e-01 -9.29241e-01
2.13120e+05 5.32000e+02 -8.20170e-01 -6.58140e-01 -9.82201e-01 -8.47495e-01 -7.65531e-01 -9.29459e-01
2.13440e+05 5.33000e+02 -8.33370e-01 -6.53283e-01 -1.01346e+00 -8.47598e-01 -7.65876e-01 -9.29320e-01
2.13760e+05 5.34000e+02 -7.85797e-01 -6.37226e-01 -9.34367e-01 -8.47332e-01 -7.65917e-01 -9.28748e-01
2.14080e+05 5.35000e+02 -8.34362e-01 -7.26055e-01 -9.42669e-01 -8.46684e-01 -7.65676e-01 -9.27693e-01
2.14400e+05 5.36000e+02 -8.27017e-01 -6.90294e-01 -9.63740e-01 -8.45655e-01 -7.65180e-01 -9.26130e-01
2.14720e+05 5.36000e+02 -8.27017e-01 -6.90294e-01 -9.63740e-01 -8.44260e-01 -7.64457e-01 -9.24063e-01
2.15040e+05 5.37000e+02 -7.53620e-01 -6.82081e-01 -8.25158e-01 -8.42529e-01 -7.63532e-01 -9.21525e-01
2.15360e+05 5.38000e+02 -7.90863e-01 -6.93489e-01 -8.88237e-01 -8.40499e-01 -7.62420e-01 -9.18579e-01
2.15680e+05 5.39000e+02 -8.25625e-01 -7.56817e-01 -8.94433e-01 -8.38221e-01 -7.61132e-01 -9.15310e-01
2.16000e+05 5.40000e+02 -8.58432e-01 -6.87913e-01 -1.02895e+00 -8.35747e-01 -7.59666e-01 -9.11827e-01
2.16320e+05 5.40000e+02 -8.58432e-01 -6.87913e-01 -1.02895e+00 -8.33135e-01 -7.58018e-01 -9.08252e-01
2.16640e+05 5.41000e+02 -8.91172e-01 -7.40929e-01 -1.04142e+00 -8.30444e-01 -7.56179e-01 -9.04710e-01
2.16960e+05 5.42000e+02 -9.24779e-01 -7.57998e-01 -1.09156e+00 -8.27733e-01 -7.54141e-01 -9.01325e-01
2.17280e+05 5.43000e+02 -8.00139e-01 -7.31311e-01 -8.68967e-01 -8.25054e-01 -7.51901e-01 -8.98208e-01
2.17600e+05 5.44000e+02 -8.77655e-01 -7.46155e-01 -1.00915e+00 -8.22457e-01 -7.49461e-01 -8.95452e-01
2.17920e+05 5.44000e+02 -8.77655e-01 -7.46155e-01 -1.00915e+00 -8.19982e-01 -7.46837e-01 -8.93126e-01
2.18240e+05 5.45000e+02 -8.11157e-01 -7.01793e-01 -9.20521e-01 -8.17664e-01 -7.44057e-01 -8.91271e-01
2.18560e+05 5.46000e+02 -8.76847e-01 -8.10418e-01 -9.43276e-01 -8.15533e-01 -7.41160e-01 -8.89905e-01
2.18880e+05 5.47000e+02 -7.51610e-01 -5.69127e-01 -9.34093e-01 -8.13614e-01 -7.38205e-01 -8.89023e-01
2.19200e+05 5.48000e+02 -7.70271e-01 -7.25200e-01 -8.15342e-01 -8.11931e-01 -7.35257e-01 -8.88604e-01
2.19520e+05 5.48000e+02 -7.70271e-01 -7.25200e-01 -8.15342e-01 -8.10505e-01 -7.32395e-01 -8.88615e-01
2.19840e+05 5.49000e+02 -8.68244e-01 -8.31839e-01 -9.04649e-01 -8.09357e-01 -7.29699e-01 -8.89016e-01
2.20160e+05 5.50000e+02 -7.80971e-01 -6.75276e-01 -8.86665e-01 -8.08507e-01 -7.27250e-01 -8.89764e-01
2.20480e+05 5.51000e+02 -7.42942e-01 -7.01630e-01 -7.84255e-01 -8.07968e-01 -7.25122e-01 -8.90814e-01
2.20800e+05 5.52000e+02 -7.37435e-01 -6.64674e-01 -8.10195e-01 -8.07749e-01 -7.23376e-01 -8.92121e-01
2.21120e+05 5.52000e+02 -7.37435e-01 -6.64674e-01 -8.10195e-01 -8.07848e-01 -7.22057e-01 -8.93638e-01
2.21440e+05 5.53000e+02 -8.41115e-01 -7.26913e-01 -9.55317e-01 -8.08253e-01 -7.21188e-01 -8.95319e-01
2.21760e+05 5.54000e+02 -8.07428e-01 -7.58738e-01 -8.56117e-01 -8.08943e-01 -7.20773e-01 -8.97113e-01
2.22080e+05 5.55000e+02 -7.15553e-01 -6.71758e-01 -7.59349e-01 -8.09881e-01 -7.20793e-01 -8.98969e-01
2.22400e+05 5.56000e+02 -8.12157e-01 -8.03313e-01 -8.21001e-01 -8.11022e-01 -7.21216e-01 -9.00829e-01
2.22720e+05 5.56000e+02 -8.12157e-01 -8.03313e-01 -8.21001e-01 -8.12311e-01 -7.21990e-01 -9.02632e-01
2.23040e+05 5.57000e+02 -7.91550e-01 -7.73498e-01 -8.09602e-01 -8.13685e-01 -7.23058e-01 -9.04312e-01
2.23360e+05 5.58000e+02 -7.69137e-01 -7.62725e-01 -7.75550e-01 -8.15078e-01 -7.24354e-01 -9.05802e-01
2.23680e+05 5.59000e+02 -7.86270e-01 -7.28312e-01 -8.44228e-01 -8.16424e-01 -7.25817e-01 -9.07031e-01
2.24000e+05 5.60000e+02 -7.41681e-01 -7.15997e-01 -7.67366e-01 -8.17659e-01 -7.27389e-01 -9.07929e-01
2.24320e+05 5.60000e+02 -7.41681e-01 -7.15997e-01 -7.67366e-01 -8.18725e-01 -7.29022e-01 -9.08428e-01
2.24640e+05 5.61000e+02 -6.59332e-01 -6.20459e-01 -6.98205e-01 -8.19573e-01 -7.30682e-01 -9.08465e-01
2.24960e+05 5.62000e+02 -7.16679e-01 -6.67103e-01 -7.66255e-01 -8.20166e-01 -7.32343e-01 -9.07989e-01
2.25280e+05 5.63000e+02 -6.70289e-01 -6.67891e-01 -6.72687e-01 -8.20476e-01 -7.33993e-01 -9.06959e-01
2.25600e+05 5.64000e+02 -6.75258e-01 -6.28647e-01 -7.21869e-01 -8.20489e-01 -7.35627e-01 -9.05351e-01
2.25920e+05 5.64000e+02 -6.75258e-01 -6.28647e-01 -7.21869e-01 -8.20200e-01 -7.37247e-01 -9.03154e-01
2.26240e+05 5.65000e+02 -8.04484e-01 -7.86956e-01 -8.22012e-01 -8.19615e-01 -7.38854e-01 -9.00377e-01
2.26560e+05 5.66000e+02 -7.83123e-01 -7.16371e-01 -8.49876e-01 -8.18745e-01 -7.40450e-01 -8.97040e-01
2.26880e+05 5.67000e+02 -7.09240e-01 -6.85394e-01 -7.33087e-01 -8.17603e-01 -7.42027e-01 -8.93178e-01
2.27200e+05 5.68000e+02 -7.89880e-01 -5.91429e-01 -9.88331e-01 -8.16203e-01 -7.43573e-01 -8.88833e-01
2.27520e+05 5.68000e+02 -7.89880e-01 -5.91429e-01 -9.88331e-01 -8.14555e-01 -7.45060e-01 -8.84051e-01
2.27840e+05 5.69000e+02 -6.95751e-01 -6.25597e-01 -7.65906e-01 -8.12668e-01 -7.46455e-01 -8.78881e-01
2.28160e+05 5.70000e+02 -7.55384e-01 -7.13866e-01 -7.96902e-01 -8.10542e-01 -7.47713e-01 -8.73372e-01
2.28480e+05 5.71000e+02 -6.80203e-01 -6.52515e-01 -7.07891e-01 -8.08182e-01 -7.48789e-01 -8.67575e-01
2.28800e+05 5.72000e+02 -6.97190e-01 -6.06513e-01 -7.87867e-01 -8.05590e-01 -7.49636e-01 -8.61545e-01
2.29120e+05 5.72000e+02 -6.97190e-01 -6.06513e-01 -7.87867e-01 -8.02776e-01 -7.50215e-01 -8.55337e-01
2.29440e+05 5.73000e+02 -6.63454e-01 -6.37573e-01 -6.89334e-01 -7.99754e-01 -7.50495e-01 -8.49014e-01
2.29760e+05 5.74000e+02 -7.64431e-01 -7.42014e-01 -7.86848e-01 -7.96548e-01 -7.50457e-01 -8.42639e-01
2.30080e+05 5.75000e+02 -7.11871e-01 -6.49251e-01 -7.74492e-01 -7.93188e-01 -7.50099e-01 -8.36278e-01
2.30400e+05 5.76000e+02 -7.23048e-01 -7.11488e-01 -7.34608e-01 -7.89712e-01 -7.49427e-01 -8.29996e-01
2.30720e+05 5.76000e+02 -7.23048e-01 -7.11488e-01 -7.34608e-01 -7.86159e-01 -7.48460e-01 -8.23858e-01
2.31040e+05 5.77000e+02 -7.61037e-01 -7.04613e-01 -8.17460e-01 -7.82570e-01 -7.47222e-01 -8.17918e-01
2.31360e+05 5.78000e+02 -7.80508e-01 -7.06428e-01 -8.54588e-01 -7.78983e-01 -7.45744e-01 -8.12222e-01
2.31680e+05 5.79000e+02 -7.31000e-01 -6.96989e-01 -7.65012e-01 -7.75430e-01 -7.44053e-01 -8.06807e-01
2.32000e+05 5.80000e+02 -7.44126e-01 -7.28221e-01 -7.60031e-01 -7.71938e-01 -7.42175e-01 -8.01701e-01
2.32320e+05 5.80000e+02 -7.44126e-01 -7.28221e-01 -7.60031e-01 -7.68526e-01 -7.40133e-01 -7.96919e-01
2.32640e+05 5.81000e+02 -7.06856e-01 -6.89067e-01 -7.24646e-01 -7.65208e-01 -7.37945e-01 -7.92472e-01
2.32960e+05 5.82000e+02 -7.40095e-01 -7.08227e-01 -7.71962e-01 -7.61996e-01 -7.35626e-01 -7.88365e-01
2.33280e+05 5.83000e+02 -6.60828e-01 -6.21302e-01 -7.00355e-01 -7.58897e-01 -7.33192e-01 -7.84603e-01
2.33600e+05 5.84000e+02 -7.40630e-01 -7.06600e-01 -7.74660e-01 -7.55922e-01 -7.30658e-01 -7.81187e-01
2.33920e+05 5.84000e+02 -7.40630e-01 -7.06600e-01 -7.74660e-01 -7.53081e-01 -7.28045e-01 -7.78117e-01
2.34240e+05 5.85000e+02 -6.74751e-01 -5.95041e-01 -7.54461e-01 -7.50388e-01 -7.25385e-01 -7.75391e-01
2.34560e+05 5.86000e+02 -6.95030e-01 -6.40945e-01 -7.49115e-01 -7.47856e-01 -7.22714e-01 -7.72998e-01
2.34880e+05 5.87000e+02 -7.74476e-01 -7.34603e-01 -8.14349e-01 -7.45500e-01 -7.20076e-01 -7.70924e-01
2.35200e+05 5.88000e+02 -7.23017e-01 -6.72538e-01 -7.73497e-01 -7.43333e-01 -7.17526e-01 -7.69140e-01
2.35520e+05 5.88000e+02 -7.23017e-01 -6.72538e-01 -7.73497e-01 -7.41364e-01 -7.15115e-01 -7.67613e-01
2.35840e+05 5.89000e+02 -6.91358e-01 -6.89244e-01 -6.93472e-01 -7.39595e-01 -7.12891e-01 -7.66299e-01
2.36160e+05 5.90000e+02 -7.16405e-01 -6.36449e-01 -7.96361e-01 -7.38023e-01 -7.10894e-01 -7.65152e-01
2.36480e+05 5.91000e+02 -7.21623e-01 -6.09330e-01 -8.33916e-01 -7.36636e-01 -7.09153e-01 -7.64120e-01
2.36800e+05 5.92000e+02 -6.91441e-01 -5.82406e-01 -8.00476e-01 -7.35418e-01 -7.07685e-01 -7.63152e-01
2.37120e+05 5.92000e+02 -6.91441e-01 -5.82406e-01 -8.00476e-01 -7.34346e-01 -7.06494e-01 -7.62199e-01
2.37440e+05 5.93000e+02 -6.47854e-01 -5.74354e-01 -7.21355e-01 -7.33395e-01 -7.05573e-01 -7.61216e-01
2.37760e+05 5.94000e+02 -6.57198e-01 -6.23657e-01 -6.90738e-01 -7.32538e-01 -7.04910e-01 -7.60165e-01
2.38080e+05 5.95000e+02 -6.66901e-01 -5.77527e-01 -7.56275e-01 -7.31751e-01 -7.04487e-01 -7.59015e-01
2.38400e+05 5.96000e+02 -7.21931e-01 -6.82207e-01 -7.61655e-01 -7.31013e-01 -7.04278e-01 -7.57748e-01
2.38720e+05 5.96000e+02 -7.21931e-01 -6.82207e-01 -7.61655e-01 -7.30304e-01 -7.04252e-01 -7.56355e-01
2.39040e+05 5.97000e+02 -6.94292e-01 -6.41339e-01 -7.47245e-01 -7.29608e-01 -7.04375e-01 -7.54841e-01
2.39360e+05 5.98000e+02 -7.20637e-01 -7.13206e-01 -7.28069e-01 -7.28911e-01 -7.04602e-01 -7.53220e-01
2.39680e+05 5.99000e+02 -7.58724e-01 -6.49010e-01 -8.68438e-01 -7.28202e-01 -7.04883e-01 -7.51520e-01
2.40000e+05 6.00000e+02 -7.63370e-01 -7.05313e-01 -8.21426e-01 -7.27467e-01 -7.05157e-01 -7.49777e-01
2.40320e+05 6.00000e+02 -7.63370e-01 -7.05313e-01 -8.21426e-01 -7.26693e-01 -7.05350e-01 -7.48036e-01
2.40640e+05 6.01000e+02 -6.94221e-01 -6.58017e-01 -7.30425e-01 -7.25867e-01 -7.05382e-01 -7.46352e-01
2.40960e+05 6.02000e+02 -6.66507e-01 -6.18053e-01 -7.14960e-01 -7.24974e-01 -7.05165e-01 -7.44783e-01
2.41280e+05 6.03000e+02 -7.53197e-01 -6.36224e-01 -8.70170e-01 -7.24003e-01 -7.04614e-01 -7.43393e-01
2.41600e+05 6.04000e+02 -6.53612e-01 -6.26966e-01 -6.80258e-01 -7.22948e-01 -7.03659e-01 -7.42238e-01
2.41920e+05 6.04000e+02 -6.53612e-01 -6.26966e-01 -6.80258e-01 -7.21808e-01 -7.02261e-01 -7.41355e-01
2.42240e+05 6.05000e+02 -7.57039e-01 -7.50778e-01 -7.63299e-01 -7.20590e-01 -7.00424e-01 -7.40757e-01
2.42560e+05 6.06000e+02 -6.44165e-01 -5.87471e-01 -7.00860e-01 -7.19310e-01 -6.98194e-01 -7.40426e-01
2.42880e+05 6.07000e+02 -7.68851e-01 -7.07748e-01 -8.29955e-01 -7.17991e-01 -6.95655e-01 -7.40327e-01
2.43200e+05 6.08000e+02 -6.67773e-01 -6.08676e-01 -7.26869e-01 -7.16660e-01 -6.92910e-01 -7.40410e-01
2.43520e+05 6.08000e+02 -6.67773e-01 -6.08676e-01 -7.26869e-01 -7.15348e-01 -6.90070e-01 -7.40627e-01
2.43840e+05 6.09000e+02 -6.86504e-01 -6.33648e-01 -7.39360e-01 -7.14087e-01 -6.87243e-01 -7.40932e-01
2.44160e+05 6.10000e+02 -7.59457e-01 -7.25489e-01 -7.93425e-01 -7.12905e-01 -6.84523e-01 -7.41287e-01
2.44480e+05 6.11000e+02 -6.76297e-01 -6.41192e-01 -7.11403e-01 -7.11824e-01 -6.81990e-01 -7.41658e-01
2.44800e+05 6.12000e+02 -6.76885e-01 -6.20389e-01 -7.33382e-01 -7.10860e-01 -6.79705e-01 -7.42015e-01
2.45120e+05 6.12000e+02 -6.76885e-01 -6.20389e-01 -7.33382e-01 -7.10024e-01 -6.77714e-01 -7.42334e-01
2.45440e+05 6.13000e+02 -6.97234e-01 -6.79250e-01 -7.15218e-01 -7.09319e-01 -6.76043e-01 -7.42595e-01
2.45760e+05 6.14000e+02 -7.59326e-01 -7.55776e-01 -7.62876e-01 -7.08740e-01 -6.74703e-01 -7.42777e-01
2.46080e+05 6.15000e+02 -6.69629e-01 -6.11670e-01 -7.27588e-01 -7.08280e-01 -6.73689e-01 -7.42871e-01
2.46400e+05 6.16000e+02 -7.20634e-01 -6.23517e-01 -8.17751e-01 -7.07926e-01 -6.72985e-01 -7.42867e-01
2.46720e+05 6.16000e+02 -7.20634e-01 -6.23517e-01 -8.17751e-01 -7.07664e-01 -6.72564e-01 -7.42763e-01
2.47040e+05 6.17000e+02 -7.00846e-01 -6.53390e-01 -7.48302e-01 -7.07476e-01 -6.72391e-01 -7.42561e-01
2.47360e+05 6.18000e+02 -8.03424e-01 -7.54215e-01 -8.52633e-01 -7.07346e-01 -6.72425e-01 -7.42268e-01
2.47680e+05 6.19000e+02 -6.56500e-01 -5.75594e-01 -7.37406e-01 -7.07258e-01 -6.72625e-01 -7.41891e-01
2.48000e+05 6.20000e+02 -7.08797e-01 -6.22326e-01 -7.95268e-01 -7.07196e-01 -6.72949e-01 -7.41444e-01
2.48320e+05 6.20000e+02 -7.08797e-01 -6.22326e-01 -7.95268e-01 -7.07148e-01 -6.73358e-01 -7.40938e-01
2.48640e+05 6.21000e+02 -6.40416e-01 -6.04540e-01 -6.76291e-01 -7.07104e-01 -6.73817e-01 -7.40391e-01
2.48960e+05 6.22000e+02 -7.19447e-01 -6.90306e-01 -7.48589e-01 -7.07056e-01 -6.74295e-01 -7.39817e-01
2.49280e+05 6.23000e+02 -7.24285e-01 -6.30399e-01 -8.18170e-01 -7.07001e-01 -6.74768e-01 -7.39235e-01
2.49600e+05 6.24000e+02 -6.60199e-01 -5.94614e-01 -7.25784e-01 -7.06940e-01 -6.75222e-01 -7.38659e-01
2.49920e+05 6.24000e+02 -6.60199e-01 -5.94614e-01 -7.25784e-01 -7.06877e-01 -6.75650e-01 -7.38103e-01
2.50240e+05 6.25000e+02 -7.00518e-01 -6.30280e-01 -7.70756e-01 -7.06816e-01 -6.76056e-01 -7.37577e-01
2.50560e+05 6.26000e+02 -6.55182e-01 -5.89279e-01 -7.21084e-01 -7.06766e-01 -6.76446e-01 -7.37085e-01
2.50880e+05 6.27000e+02 -6.45580e-01 -6.01249e-01 -6.89911e-01 -7.06729e-01 -6.76831e-01 -7.36627e-01
2.51200e+05 6.28000e+02 -6.57818e-01 -6.55680e-01 -6.59957e-01 -7.06709e-01 -6.77220e-01 -7.36198e-01
2.51520e+05 6.28000e+02 -6.57818e-01 -6.55680e-01 -6.59957e-01 -7.06706e-01 -6.77618e-01 -7.35795e-01
2.51840e+05 6.29000e+02 -6.93206e-01 -6.82397e-01 -7.04015e-01 -7.06717e-01 -6.78023e-01 -7.35411e-01
2.52160e+05 6.30000e+02 -6.59687e-01 -6.06387e-01 -7.12986e-01 -7.06734e-01 -6.78428e-01 -7.35040e-01
2.52480e+05 6.31000e+02 -6.85925e-01 -5.92724e-01 -7.79126e-01 -7.06746e-01 -6.78816e-01 -7.34677e-01
2.52800e+05 6.32000e+02 -6.32725e-01 -5.98691e-01 -6.66759e-01 -7.06741e-01 -6.79165e-01 -7.34317e-01
2.53120e+05 6.32000e+02 -6.32725e-01 -5.98691e-01 -6.66759e-01 -7.06703e-01 -6.79451e-01 -7.33954e-01
2.53440e+05 6.33000e+02 -6.36430e-01 -5.32831e-01 -7.40028e-01 -7.06613e-01 -6.79651e-01 -7.33575e-01
2.53760e+05 6.34000e+02 -6.28644e-01 -6.00621e-01 -6.56666e-01 -7.06451e-01 -6.79740e-01 -7.33162e-01
2.54080e+05 6.35000e+02 -6.80859e-01 -6.64305e-01 -6.97413e-01 -7.06199e-01 -6.79704e-01 -7.32694e-01
2.54400e+05 6.36000e+02 -6.69197e-01 -6.56425e-01 -6.81970e-01 -7.05839e-01 -6.79538e-01 -7.32140e-01
2.54720e+05 6.36000e+02 -6.69197e-01 -6.56425e-01 -6.81970e-01 -7.05355e-01 -6.79241e-01 -7.31470e-01
2.55040e+05 6.37000e+02 -7.03104e-01 -6.71232e-01 -7.34977e-01 -7.04735e-01 -6.78823e-01 -7.30648e-01
2.55360e+05 6.38000e+02 -6.37703e-01 -5.88949e-01 -6.86457e-01 -7.03970e-01 -6.78295e-01 -7.29644e-01
2.55680e+05 6.39000e+02 -6.06126e-01 -5.88147e-01 -6.24106e-01 -7.03053e-01 -6.77675e-01 -7.28430e-01
2.56000e+05 6.40000e+02 -6.56551e-01 -6.01091e-01 -7.12012e-01 -7.01982e-01 -6.76974e-01 -7.26990e-01
2.56320e+05 6.40000e+02 -6.56551e-01 -6.01091e-01 -7.12012e-01 -7.00759e-01 -6.76202e-01 -7.25315e-01
2.56640e+05 6.41000e+02 -6.47903e-01 -5.70327e-01 -7.25479e-01 -6.99387e-01 -6.75366e-01 -7.23409e-01
2.56960e+05 6.42000e+02 -6.85392e-01 -6.52250e-01 -7.18533e-01 -6.97876e-01 -6.74470e-01 -7.21282e-01
2.57280e+05 6.43000e+02 -6.90515e-01 -5.87034e-01 -7.93995e-01 -6.96238e-01 -6.73518e-01 -7.18959e-01
2.57600e+05 6.44000e+02 -6.54517e-01 -6.35920e-01 -6.73113e-01 -6.94490e-01 -6.72512e-01 -7.16467e-01
2.57920e+05 6.44000e+02 -6.54517e-01 -6.35920e-01 -6.73113e-01 -6.92649e-01 -6.71459e-01 -7.13838e-01
2.58240e+05 6.45000e+02 -6.26079e-01 -5.72518e-01 -6.79640e-01 -6.90736e-01 -6.70363e-01 -7.11109e-01
2.58560e+05 6.46000e+02 -6.40283e-01 -6.31075e-01 -6.49491e-01 -6.88772e-01 -6.69228e-01 -7.08316e-01
2.58880e+05 6.47000e+02 -5.74736e-01 -5.57904e-01 -5.91569e-01 -6.86777e-01 -6.68056e-01 -7.05498e-01
2.59200e+05 6.48000e+02 -7.17389e-01 -6.72400e-01 -7.62377e-01 -6.84770e-01 -6.66848e-01 -7.02692e-01
2.59520e+05 6.48000e+02 -7.17389e-01 -6.72400e-01 -7.62377e-01 -6.82771e-01 -6.65602e-01 -6.99939e-01
2.59840e+05 6.49000e+02 -6.57974e-01 -6.25664e-01 -6.90284e-01 -6.80798e-01 -6.64314e-01 -6.97281e-01
2.60160e+05 6.50000e+02 -7.42569e-01 -6.13111e-01 -8.72028e-01 -6.78868e-01 -6.62980e-01 -6.94755e-01
2.60480e+05 6.51000e+02 -7.53721e-01 -6.58918e-01 -8.48524e-01 -6.76997e-01 -6.61596e-01 -6.92398e-01
2.60800e+05 6.52000e+02 -7.00255e-01 -6.15174e-01 -7.85336e-01 -6.75196e-01 -6.60154e-01 -6.90238e-01
2.61120e+05 6.52000e+02 -7.00255e-01 -6.15174e-01 -7.85336e-01 -6.73475e-01 -6.58654e-01 -6.88297e-01
2.61440e+05 6.53000e+02 -7.25427e-01 -6.56045e-01 -7.94809e-01 -6.71840e-01 -6.57096e-01 -6.86584e-01
2.61760e+05 6.54000e+02 -6.72351e-01 -5.97551e-01 -7.47151e-01 -6.70292e-01 -6.55484e-01 -6.85100e-01
2.62080e+05 6.55000e+02 -7.47641e-01 -6.82290e-01 -8.12993e-01 -6.68833e-01 -6.53826e-01 -6.83840e-01
2.62400e+05 6.56000e+02 -6.72849e-01 -5.88282e-01 -7.57416e-01 -6.67465e-01 -6.52137e-01 -6.82793e-01
2.62720e+05 6.56000e+02 -6.72849e-01 -5.88282e-01 -7.57416e-01 -6.66195e-01 -6.50438e-01 -6.81952e-01
2.63040e+05 6.57000e+02 -6.75726e-01 -5.70697e-01 -7.80754e-01 -6.65036e-01 -6.48754e-01 -6.81318e-01
2.63360e+05 6.58000e+02 -6.96273e-01 -5.92354e-01 -8.00192e-01 -6.64003e-01 -6.47111e-01 -6.80896e-01
2.63680e+05 6.59000e+02 -7.61739e-01 -5.98903e-01 -9.24575e-01 -6.63122e-01 -6.45540e-01 -6.80705e-01
2.64000e+05 6.60000e+02 -7.73065e-01 -7.08906e-01 -8.37224e-01 -6.62419e-01 -6.44064e-01 -6.80774e-01
2.64320e+05 6.60000e+02 -7.73065e-01 -7.08906e-01 -8.37224e-01 -6.61922e-01 -6.42707e-01 -6.81137e-01
2.64640e+05 6.61000e+02 -7.24345e-01 -6.99098e-01 -7.49592e-01 -6.61657e-01 -6.41483e-01 -6.81832e-01
2.64960e+05 6.62000e+02 -7.04078e-01 -5.93222e-01 -8.14934e-01 -6.61647e-01 -6.40399e-01 -6.82895e-01
2.65280e+05 6.63000e+02 -6.79952e-01 -6.68095e-01 -6.91809e-01 -6.61904e-01 -6.39455e-01 -6.84353e-01
2.65600e+05 6.64000e+02 -6.79714e-01 -6.45947e-01 -7.13481e-01 -6.62436e-01 -6.38645e-01 -6.86228e-01
2.65920e+05 6.64000e+02 -6.79714e-01 -6.45947e-01 -7.13481e-01 -6.63240e-01 -6.37957e-01 -6.88523e-01
2.66240e+05 6.65000e+02 -6.91280e-01 -6.81308e-01 -7.01251e-01 -6.64307e-01 -6.37380e-01 -6.91233e-01
2.66560e+05 6.66000e+02 -6.20310e-01 -5.96555e-01 -6.44064e-01 -6.65620e-01 -6.36901e-01 -6.94339e-01
2.66880e+05 6.67000e+02 -6.48535e-01 -6.27533e-01 -6.69537e-01 -6.67162e-01 -6.36516e-01 -6.97808e-01
2.67200e+05 6.68000e+02 -7.35659e-01 -7.30097e-01 -7.41221e-01 -6.68911e-01 -6.36224e-01 -7.01598e-01
2.67520e+05 6.68000e+02 -7.35659e-01 -7.30097e-01 -7.41221e-01 -6.70840e-01 -6.36027e-01 -7.05654e-01
2.67840e+05 6.69000e+02 -7.82393e-01 -6.48218e-01 -9.16568e-01 -6.72924e-01 -6.35938e-01 -7.09910e-01
2.68160e+05 6.70000e+02 -7.08037e-01 -6.39016e-01 -7.77058e-01 -6.75129e-01 -6.35968e-01 -7.14291e-01
2.68480e+05 6.71000e+02 -7.18685e-01 -6.51162e-01 -7.86207e-01 -6.77422e-01 -6.36132e-01 -7.18711e-01
2.68800e+05 6.72000e+02 -6.87948e-01 -6.57337e-01 -7.18558e-01 -6.79760e-01 -6.36439e-01 -7.23081e-01
2.69120e+05 6.72000e+02 -6.87948e-01 -6.57337e-01 -7.18558e-01 -6.82101e-01 -6.36898e-01 -7.27304e-01
2.69440e+05 6.73000e+02 -6.39811e-01 -5.94765e-01 -6.84857e-01 -6.84397e-01 -6.37506e-01 -7.31288e-01
2.69760e+05 6.74000e+02 -6.85224e-01 -6.30390e-01 -7.40057e-01 -6.86604e-01 -6.38262e-01 -7.34946e-01
2.70080e+05 6.75000e+02 -7.07004e-01 -6.80900e-01 -7.33109e-01 -6.88680e-01 -6.39156e-01 -7.38205e-01
2.70400e+05 6.76000e+02 -6.88636e-01 -6.25129e-01 -7.52143e-01 -6.90594e-01 -6.40177e-01 -7.41011e-01
2.70720e+05 6.76000e+02 -6.88636e-01 -6.25129e-01 -7.52143e-01 -6.92323e-01 -6.41315e-01 -7.43331e-01
2.71040e+05 6.77000e+02 -7.12777e-01 -6.93442e-01 -7.32112e-01 -6.93854e-01 -6.42557e-01 -7.45150e-01
2.71360e+05 6.78000e+02 -6.26340e-01 -5.94398e-01 -6.58282e-01 -6.95184e-01 -6.43892e-01 -7.46475e-01
2.71680e+05 6.79000e+02 -7.06093e-01 -6.31343e-01 -7.80844e-01 -6.96319e-01 -6.45307e-01 -7.47331e-01
2.72000e+05 6.80000e+02 -7.19906e-01 -6.31506e-01 -8.08306e-01 -6.97270e-01 -6.46789e-01 -7.47752e-01
2.72320e+05 6.80000e+02 -7.19906e-01 -6.31506e-01 -8.08306e-01 -6.98051e-01 -6.48321e-01 -7.47781e-01
2.72640e+05 6.81000e+02 -7.13647e-01 -6.51497e-01 -7.75796e-01 -6.98676e-01 -6.49888e-01 -7.47464e-01
2.72960e+05 6.82000e+02 -6.94050e-01 -5.65209e-01 -8.22892e-01 -6.99160e-01 -6.51474e-01 -7.46847e-01
2.73280e+05 6.83000e+02 -7.10903e-01 -6.52367e-01 -7.69438e-01 -6.99516e-01 -6.53065e-01 -7.45967e-01
2.73600e+05 6.84000e+02 -7.18642e-01 -6.65677e-01 -7.71606e-01 -6.99755e-01 -6.54651e-01 -7.44860e-01
2.73920e+05 6.84000e+02 -7.18642e-01 -6.65677e-01 -7.71606e-01 -6.99888e-01 -6.56223e-01 -7.43552e-01
2.74240e+05 6.85000e+02 -7.49489e-01 -7.12925e-01 -7.86053e-01 -6.99920e-01 -6.57777e-01 -7.42063e-01
2.74560e+05 6.86000e+02 -6.65416e-01 -6.23777e-01 -7.07055e-01 -6.99863e-01 -6.59311e-01 -7.40415e-01
2.74880e+05 6.87000e+02 -7.47370e-01 -6.11707e-01 -8.83034e-01 -6.99722e-01 -6.60820e-01 -7.38624e-01
2.75200e+05 6.88000e+02 -7.45494e-01 -6.23822e-01 -8.67166e-01 -6.99511e-01 -6.62301e-01 -7.36720e-01
2.75520e+05 6.88000e+02 -7.45494e-01 -6.23822e-01 -8.67166e-01 -6.99240e-01 -6.63744e-01 -7.34736e-01
2.75840e+05 6.89000e+02 -7.25716e-01 -6.01256e-01 -8.50177e-01 -6.98926e-01 -6.65138e-01 -7.32714e-01
2.76160e+05 6.90000e+02 -7.41475e-01 -5.91815e-01 -8.91134e-01 -6.98586e-01 -6.66463e-01 -7.30710e-01
2.76480e+05 6.91000e+02 -7.17275e-01 -6.35741e-01 -7.98809e-01 -6.98240e-01 -6.67697e-01 -7.28783e-01
2.76800e+05 6.92000e+02 -6.89597e-01 -5.57542e-01 -8.21652e-01 -6.97909e-01 -6.68812e-01 -7.27006e-01
2.77120e+05 6.92000e+02 -6.89597e-01 -5.57542e-01 -8.21652e-01 -6.97615e-01 -6.69777e-01 -7.25453e-01
2.77440e+05 6.93000e+02 -7.86707e-01 -7.11023e-01 -8.62392e-01 -6.97379e-01 -6.70554e-01 -7.24203e-01
2.77760e+05 6.94000e+02 -7.76850e-01 -7.28175e-01 -8.25525e-01 -6.97221e-01 -6.71108e-01 -7.23335e-01
2.78080e+05 6.95000e+02 -7.01456e-01 -5.56827e-01 -8.46084e-01 -6.97161e-01 -6.71403e-01 -7.22920e-01
2.78400e+05 6.96000e+02 -7.14544e-01 -6.60493e-01 -7.68595e-01 -6.97215e-01 -6.71412e-01 -7.23018e-01
2.78720e+05 6.96000e+02 -7.14544e-01 -6.60493e-01 -7.68595e-01 -6.97397e-01 -6.71122e-01 -7.23672e-01
2.79040e+05 6.97000e+02 -6.99455e-01 -5.77285e-01 -8.21626e-01 -6.97716e-01 -6.70534e-01 -7.24898e-01
2.79360e+05 6.98000e+02 -7.34205e-01 -5.60045e-01 -9.08365e-01 -6.98178e-01 -6.69663e-01 -7.26693e-01
2.79680e+05 6.99000e+02 -7.37033e-01 -5.83676e-01 -8.90389e-01 -6.98787e-01 -6.68538e-01 -7.29035e-01
2.80000e+05 7.00000e+02 -7.60848e-01 -6.30302e-01 -8.91394e-01 -6.99540e-01 -6.67194e-01 -7.31887e-01
2.80320e+05 7.00000e+02 -7.60848e-01 -6.30302e-01 -8.91394e-01 -7.00435e-01 -6.65669e-01 -7.35201e-01
2.80640e+05 7.01000e+02 -8.18510e-01 -6.11815e-01 -1.02521e+00 -7.01464e-01 -6.64006e-01 -7.38922e-01
2.80960e+05 7.02000e+02 -7.41475e-01 -6.47957e-01 -8.34993e-01 -7.02617e-01 -6.62242e-01 -7.42992e-01
2.81280e+05 7.03000e+02 -7.53102e-01 -5.87550e-01 -9.18654e-01 -7.03880e-01 -6.60413e-01 -7.47346e-01
2.81600e+05 7.04000e+02 -7.44421e-01 -6.31975e-01 -8.56867e-01 -7.05235e-01 -6.58550e-01 -7.51920e-01
2.81920e+05 7.04000e+02 -7.44421e-01 -6.31975e-01 -8.56867e-01 -7.06663e-01 -6.56675e-01 -7.56650e-01
2.82240e+05 7.05000e+02 -7.98249e-01 -6.54594e-01 -9.41904e-01 -7.08143e-01 -6.54809e-01 -7.61478e-01
2.82560e+05 7.06000e+02 -7.03820e-01 -5.89375e-01 -8.18265e-01 -7.09657e-01 -6.52963e-01 -7.66352e-01
2.82880e+05 7.07000e+02 -7.07100e-01 -6.09247e-01 -8.04952e-01 -7.11188e-01 -6.51144e-01 -7.71233e-01
2.83200e+05 7.08000e+02 -7.63012e-01 -6.42270e-01 -8.83754e-01 -7.12725e-01 -6.49356e-01 -7.76094e-01
2.83520e+05 7.08000e+02 -7.63012e-01 -6.42270e-01 -8.83754e-01 -7.14260e-01 -6.47601e-01 -7.80919e-01
2.83840e+05 7.09000e+02 -6.76428e-01 -6.12261e-01 -7.40594e-01 -7.15792e-01 -6.45878e-01 -7.85705e-01
2.84160e+05 7.10000e+02 -7.22548e-01 -6.09700e-01 -8.35396e-01 -7.17322e-01 -6.44189e-01 -7.90454e-01
2.84480e+05 7.11000e+02 -7.54974e-01 -6.16143e-01 -8.93806e-01 -7.18855e-01 -6.42538e-01 -7.95172e-01
2.84800e+05 7.12000e+02 -6.90810e-01 -5.92582e-01 -7.89037e-01 -7.20396e-01 -6.40926e-01 -7.99866e-01
2.85120e+05 7.12000e+02 -6.90810e-01 -5.92582e-01 -7.89037e-01 -7.21948e-01 -6.39361e-01 -8.04536e-01
2.85440e+05 7.13000e+02 -7.80007e-01 -6.75689e-01 -8.84325e-01 -7.23512e-01 -6.37847e-01 -8.09177e-01
2.85760e+05 7.14000e+02 -7.87795e-01 -6.82775e-01 -8.92815e-01 -7.25082e-01 -6.36393e-01 -8.13771e-01
2.86080e+05 7.15000e+02 -7.36130e-01 -7.21490e-01 -7.50770e-01 -7.26648e-01 -6.35006e-01 -8.18290e-01
2.86400e+05 7.16000e+02 -7.04947e-01 -5.83722e-01 -8.26172e-01 -7.28192e-01 -6.33693e-01 -8.22692e-01
2.86720e+05 7.16000e+02 -7.04947e-01 -5.83722e-01 -8.26172e-01 -7.29695e-01 -6.32459e-01 -8.26930e-01
2.87040e+05 7.17000e+02 -7.90249e-01 -6.02920e-01 -9.77578e-01 -7.31131e-01 -6.31310e-01 -8.30951e-01
2.87360e+05 7.18000e+02 -7.04023e-01 -6.18443e-01 -7.89603e-01 -7.32476e-01 -6.30249e-01 -8.34703e-01
2.87680e+05 7.19000e+02 -7.48559e-01 -6.16682e-01 -8.80436e-01 -7.33710e-01 -6.29282e-01 -8.38138e-01
2.88000e+05 7.20000e+02 -7.22139e-01 -6.31982e-01 -8.12297e-01 -7.34813e-01 -6.28412e-01 -8.41213e-01
2.88320e+05 7.20000e+02 -7.22139e-01 -6.31982e-01 -8.12297e-01 -7.35774e-01 -6.27649e-01 -8.43899e-01
2.88640e+05 7.21000e+02 -7.33498e-01 -6.08292e-01 -8.58704e-01 -7.36591e-01 -6.27004e-01 -8.46178e-01
2.88960e+05 7.22000e+02 -6.99582e-01 -6.30735e-01 -7.68429e-01 -7.37266e-01 -6.26488e-01 -8.48044e-01
2.89280e+05 7.23000e+02 -7.26521e-01 -6.13723e-01 -8.39319e-01 -7.37808e-01 -6.26112e-01 -8.49505e-01
2.89600e+05 7.24000e+02 -7.49546e-01 -6.04813e-01 -8.94279e-01 -7.38232e-01 -6.25884e-01 -8.50581e-01
2.89920e+05 7.24000e+02 -7.49546e-01 -6.04813e-01 -8.94279e-01 -7.38554e-01 -6.25807e-01 -8.51302e-01
2.90240e+05 7.25000e+02 -6.49482e-01 -6.39292e-01 -6.59671e-01 -7.38793e-01 -6.25880e-01 -8.51706e-01
2.90560e+05 7.26000e+02 -7.42103e-01 -5.32791e-01 -9.51416e-01 -7.38965e-01 -6.26094e-01 -8.51836e-01
2.90880e+05 7.27000e+02 -6.98271e-01 -5.85899e-01 -8.10643e-01 -7.39084e-01 -6.26429e-01 -8.51739e-01
2.91200e+05 7.28000e+02 -7.41931e-01 -6.41952e-01 -8.41910e-01 -7.39162e-01 -6.26868e-01 -8.51455e-01
2.91520e+05 7.28000e+02 -7.41931e-01 -6.41952e-01 -8.41910e-01 -7.39204e-01 -6.27384e-01 -8.51024e-01
2.91840e+05 7.29000e+02 -6.88000e-01 -5.56485e-01 -8.19514e-01 -7.39213e-01 -6.27949e-01 -8.50478e-01
2.92160e+05 7.30000e+02 -7.72861e-01 -6.43416e-01 -9.02306e-01 -7.39188e-01 -6.28535e-01 -8.49840e-01
2.92480e+05 7.31000e+02 -7.25114e-01 -6.16751e-01 -8.33477e-01 -7.39122e-01 -6.29115e-01 -8.49129e-01
2.92800e+05 7.32000e+02 -8.43748e-01 -6.80381e-01 -1.00711e+00 -7.39007e-01 -6.29662e-01 -8.48352e-01
2.93120e+05 7.32000e+02 -8.43748e-01 -6.80381e-01 -1.00711e+00 -7.38834e-01 -6.30152e-01 -8.47517e-01
2.93440e+05 7.33000e+02 -7.48826e-01 -6.05697e-01 -8.91955e-01 -7.38592e-01 -6.30557e-01 -8.46627e-01
2.93760e+05 7.34000e+02 -7.36160e-01 -6.09732e-01 -8.62588e-01 -7.38271e-01 -6.30858e-01 -8.45685e-01
2.94080e+05 7.35000e+02 -7.55163e-01 -6.32711e-01 -8.77616e-01 -7.37865e-01 -6.31036e-01 -8.44694e-01
2.94400e+05 7.36000e+02 -7.58923e-01 -6.57496e-01 -8.60349e-01 -7.37371e-01 -6.31077e-01 -8.43664e-01
2.94720e+05 7.36000e+02 -7.58923e-01 -6.57496e-01 -8.60349e-01 -7.36791e-01 -6.30974e-01 -8.42608e-01
2.95040e+05 7.37000e+02 -7.45249e-01 -6.39172e-01 -8.51325e-01 -7.36136e-01 -6.30729e-01 -8.41544e-01
2.95360e+05 7.38000e+02 -7.04601e-01 -6.51442e-01 -7.57759e-01 -7.35424e-01 -6.30350e-01 -8.40497e-01
2.95680e+05 7.39000e+02 -7.35715e-01 -6.02477e-01 -8.68953e-01 -7.34678e-01 -6.29858e-01 -8.39498e-01
2.96000e+05 7.40000e+02 -8.52170e-01 -6.88600e-01 -1.01574e+00 -7.33930e-01 -6.29280e-01 -8.38580e-01
2.96320e+05 7.40000e+02 -8.52170e-01 -6.88600e-01 -1.01574e+00 -7.33214e-01 -6.28653e-01 -8.37775e-01
2.96640e+05 7.41000e+02 -7.92958e-01 -7.10040e-01 -8.75876e-01 -7.32566e-01 -6.28018e-01 -8.37113e-01
2.96960e+05 7.42000e+02 -7.82035e-01 -6.45581e-01 -9.18489e-01 -7.32019e-01 -6.27422e-01 -8.36616e-01
2.97280e+05 7.43000e+02 -8.61416e-01 -7.85460e-01 -9.37371e-01 -7.31601e-01 -6.26908e-01 -8.36295e-01
2.97600e+05 7.44000e+02 -8.98800e-01 -8.41128e-01 -9.56472e-01 -7.31336e-01 -6.26519e-01 -8.36154e-01
2.97920e+05 7.44000e+02 -8.98800e-01 -8.41128e-01 -9.56472e-01 -7.31238e-01 -6.26290e-01 -8.36186e-01
2.98240e+05 7.45000e+02 -9.56257e-01 -7.95618e-01 -1.11690e+00 -7.31314e-01 -6.26250e-01 -8.36377e-01
2.98560e+05 7.46000e+02 -8.76378e-01 -6.86995e-01 -1.06576e+00 -7.31564e-01 -6.26418e-01 -8.36709e-01
2.98880e+05 7.47000e+02 -7.99024e-01 -7.42358e-01 -8.55691e-01 -7.31987e-01 -6.26810e-01 -8.37163e-01
2.99200e+05 7.48000e+02 -9.14136e-01 -8.55021e-01 -9.73252e-01 -7.32579e-01 -6.27438e-01 -8.37720e-01
2.99520e+05 7.48000e+02 -9.14136e-01 -8.55021e-01 -9.73252e-01 -7.33340e-01 -6.28319e-01 -8.38361e-01
2.99840e+05 7.49000e+02 -9.05336e-01 -7.57934e-01 -1.05274e+00 -7.34274e-01 -6.29473e-01 -8.39076e-01
3.00160e+05 7.50000e+02 -8.21243e-01 -6.73451e-01 -9.69035e-01 -7.35394e-01 -6.30932e-01 -8.39856e-01