0.00000e+00 0.00000e+00 -3.53568e+00 -3.46010e+00 -3.61127e+00 -3.53568e+00 -3.46010e+00 -3.61127e+00
3.20000e+02 0.00000e+00 -3.53568e+00 -3.46010e+00 -3.61127e+00 -3.53568e+00 -3.46010e+00 -3.61127e+00
6.40000e+02 1.00000e+00 -3.47857e+00 -3.29900e+00 -3.65813e+00 -3.53568e+00 -3.46010e+00 -3.61127e+00
9.60000e+02 2.00000e+00 -3.48520e+00 -3.15203e+00 -3.81837e+00 -3.53568e+00 -3.46010e+00 -3.61127e+00
1.28000e+03 3.00000e+00 -3.28950e+00 -3.02322e+00 -3.55578e+00 -3.53568e+00 -3.46010e+00 -3.61127e+00
1.60000e+03 4.00000e+00 -3.51847e+00 -3.41158e+00 -3.62536e+00 -3.53568e+00 -3.46010e+00 -3.61127e+00
1.92000e+03 4.00000e+00 -3.51847e+00 -3.41158e+00 -3.62536e+00 -3.53568e+00 -3.46010e+00 -3.61127e+00
2.24000e+03 5.00000e+00 -3.43681e+00 -3.14075e+00 -3.73287e+00 -3.53568e+00 -3.46010e+00 -3.61127e+00
2.56000e+03 6.00000e+00 -3.33011e+00 -3.13101e+00 -3.52921e+00 -3.53568e+00 -3.46009e+00 -3.61126e+00
2.88000e+03 7.00000e+00 -3.14693e+00 -2.98950e+00 -3.30437e+00 -3.53567e+00 -3.46008e+00 -3.61125e+00
3.20000e+03 8.00000e+00 -3.24852e+00 -3.10184e+00 -3.39521e+00 -3.53563e+00 -3.46005e+00 -3.61121e+00
3.52000e+03 8.00000e+00 -3.24852e+00 -3.10184e+00 -3.39521e+00 -3.53556e+00 -3.46000e+00 -3.61112e+00
3.84000e+03 9.00000e+00 -3.23723e+00 -3.09065e+00 -3.38381e+00 -3.53543e+00 -3.45989e+00 -3.61097e+00
4.16000e+03 1.00000e+01 -3.31995e+00 -3.15040e+00 -3.48951e+00 -3.53520e+00 -3.45971e+00 -3.61070e+00
4.48000e+03 1.10000e+01 -3.32043e+00 -2.89631e+00 -3.74455e+00 -3.53483e+00 -3.45942e+00 -3.61025e+00
4.80000e+03 1.20000e+01 -3.21315e+00 -2.96123e+00 -3.46507e+00 -3.53426e+00 -3.45897e+00 -3.60956e+00
5.12000e+03 1.20000e+01 -3.21315e+00 -2.96123e+00 -3.46507e+00 -3.53344e+00 -3.45833e+00 -3.60855e+00
5.44000e+03 1.30000e+01 -3.29094e+00 -3.06253e+00 -3.51935e+00 -3.53228e+00 -3.45743e+00 -3.60712e+00
5.76000e+03 1.40000e+01 -3.47725e+00 -3.19825e+00 -3.75625e+00 -3.53069e+00 -3.45621e+00 -3.60517e+00
6.08000e+03 1.50000e+01 -3.16091e+00 -3.02653e+00 -3.29529e+00 -3.52859e+00 -3.45460e+00 -3.60258e+00
6.40000e+03 1.60000e+01 -3.05813e+00 -2.85345e+00 -3.26281e+00 -3.52589e+00 -3.45254e+00 -3.59924e+00
6.72000e+03 1.60000e+01 -3.05813e+00 -2.85345e+00 -3.26281e+00 -3.52250e+00 -3.44995e+00 -3.59505e+00
7.04000e+03 1.70000e+01 -3.20571e+00 -3.00038e+00 -3.41104e+00 -3.51835e+00 -3.44678e+00 -3.58991e+00
7.36000e+03 1.80000e+01 -3.14322e+00 -2.85202e+00 -3.43443e+00 -3.51339e+00 -3.44302e+00 -3.58376e+00
7.68000e+03 1.90000e+01 -3.25601e+00 -3.02445e+00 -3.48756e+00 -3.50759e+00 -3.43863e+00 -3.57654e+00
8.00000e+03 2.00000e+01 -3.36678e+00 -3.28830e+00 -3.44526e+00 -3.50095e+00 -3.43366e+00 -3.56823e+00
8.32000e+03 2.00000e+01 -3.36678e+00 -3.28830e+00 -3.44526e+00 -3.49350e+00 -3.42814e+00 -3.55885e+00
8.64000e+03 2.10000e+01 -3.22263e+00 -3.02107e+00 -3.42418e+00 -3.48529e+00 -3.42212e+00 -3.54846e+00
8.96000e+03 2.20000e+01 -3.32300e+00 -3.02360e+00 -3.62241e+00 -3.47639e+00 -3.41564e+00 -3.53714e+00
9.28000e+03 2.30000e+01 -3.27148e+00 -2.96437e+00 -3.57859e+00 -3.46689e+00 -3.40872e+00 -3.52506e+00
9.60000e+03 2.40000e+01 -3.19507e+00 -2.90100e+00 -3.48914e+00 -3.45687e+00 -3.40134e+00 -3.51241e+00
9.92000e+03 2.40000e+01 -3.19507e+00 -2.90100e+00 -3.48914e+00 -3.44642e+00 -3.39343e+00 -3.49942e+00
1.02400e+04 2.50000e+01 -3.06061e+00 -2.85926e+00 -3.26197e+00 -3.43563e+00 -3.38491e+00 -3.48636e+00
1.05600e+04 2.60000e+01 -3.30508e+00 -3.01295e+00 -3.59721e+00 -3.42459e+00 -3.37569e+00 -3.47349e+00
1.08800e+04 2.70000e+01 -3.18116e+00 -3.01702e+00 -3.34531e+00 -3.41339e+00 -3.36574e+00 -3.46104e+00
1.12000e+04 2.80000e+01 -3.05310e+00 -2.80669e+00 -3.29952e+00 -3.40212e+00 -3.35508e+00 -3.44917e+00
1.15200e+04 2.80000e+01 -3.05310e+00 -2.80669e+00 -3.29952e+00 -3.39088e+00 -3.34385e+00 -3.43791e+00
1.18400e+04 2.90000e+01 -3.03753e+00 -2.80521e+00 -3.26985e+00 -3.37977e+00 -3.33231e+00 -3.42722e+00
1.21600e+04 3.00000e+01 -2.96272e+00 -2.68227e+00 -3.24318e+00 -3.36887e+00 -3.32073e+00 -3.41701e+00
1.24800e+04 3.10000e+01 -2.99282e+00 -2.79975e+00 -3.18589e+00 -3.35827e+00 -3.30939e+00 -3.40715e+00
1.28000e+04 3.20000e+01 -2.95468e+00 -2.82802e+00 -3.08134e+00 -3.34805e+00 -3.29855e+00 -3.39756e+00
1.31200e+04 3.20000e+01 -2.95468e+00 -2.82802e+00 -3.08134e+00 -3.33826e+00 -3.28834e+00 -3.38817e+00
1.34400e+04 3.30000e+01 -3.26375e+00 -2.95565e+00 -3.57186e+00 -3.32892e+00 -3.27886e+00 -3.37898e+00
1.37600e+04 3.40000e+01 -2.87262e+00 -2.63467e+00 -3.11056e+00 -3.32006e+00 -3.27010e+00 -3.37003e+00
1.40800e+04 3.50000e+01 -3.00402e+00 -2.75885e+00 -3.24919e+00 -3.31166e+00 -3.26196e+00 -3.36136e+00
1.44000e+04 3.60000e+01 -3.11114e+00 -2.80546e+00 -3.41682e+00 -3.30367e+00 -3.25428e+00 -3.35306e+00
1.47200e+04 3.60000e+01 -3.11114e+00 -2.80546e+00 -3.41682e+00 -3.29602e+00 -3.24685e+00 -3.34519e+00
1.50400e+04 3.70000e+01 -3.05678e+00 -2.94016e+00 -3.17341e+00 -3.28862e+00 -3.23945e+00 -3.33779e+00
1.53600e+04 3.80000e+01 -2.92781e+00 -2.75393e+00 -3.10169e+00 -3.28136e+00 -3.23188e+00 -3.33084e+00
1.56800e+04 3.90000e+01 -2.95765e+00 -2.76958e+00 -3.14572e+00 -3.27414e+00 -3.22398e+00 -3.32429e+00
1.60000e+04 4.00000e+01 -3.09104e+00 -2.80224e+00 -3.37984e+00 -3.26683e+00 -3.21566e+00 -3.31800e+00
1.63200e+04 4.00000e+01 -3.09104e+00 -2.80224e+00 -3.37984e+00 -3.25934e+00 -3.20686e+00 -3.31182e+00
1.66400e+04 4.10000e+01 -2.90947e+00 -2.64224e+00 -3.17670e+00 -3.25159e+00 -3.19761e+00 -3.30557e+00
1.69600e+04 4.20000e+01 -2.73834e+00 -2.62480e+00 -2.85188e+00 -3.24351e+00 -3.18796e+00 -3.29906e+00
1.72800e+04 4.30000e+01 -3.01608e+00 -2.86085e+00 -3.17130e+00 -3.23507e+00 -3.17798e+00 -3.29217e+00
1.76000e+04 4.40000e+01 -2.90486e+00 -2.68784e+00 -3.12188e+00 -3.22625e+00 -3.16774e+00 -3.28477e+00
1.79200e+04 4.40000e+01 -2.90486e+00 -2.68784e+00 -3.12188e+00 -3.21708e+00 -3.15735e+00 -3.27680e+00
1.82400e+04 4.50000e+01 -3.15585e+00 -2.88295e+00 -3.42874e+00 -3.20757e+00 -3.14689e+00 -3.26825e+00
1.85600e+04 4.60000e+01 -2.73698e+00 -2.63943e+00 -2.83454e+00 -3.19777e+00 -3.13644e+00 -3.25911e+00
1.88800e+04 4.70000e+01 -2.94454e+00 -2.71839e+00 -3.17070e+00 -3.18775e+00 -3.12607e+00 -3.24943e+00
1.92000e+04 4.80000e+01 -2.87413e+00 -2.63021e+00 -3.11805e+00 -3.17755e+00 -3.11585e+00 -3.23924e+00
1.95200e+04 4.80000e+01 -2.87413e+00 -2.63021e+00 -3.11805e+00 -3.16723e+00 -3.10584e+00 -3.22861e+00
1.98400e+04 4.90000e+01 -2.68926e+00 -2.52058e+00 -2.85794e+00 -3.15683e+00 -3.09609e+00 -3.21757e+00
2.01600e+04 5.00000e+01 -2.89850e+00 -2.63932e+00 -3.15768e+00 -3.14640e+00 -3.08663e+00 -3.20618e+00
2.04800e+04 5.10000e+01 -2.98404e+00 -2.68928e+00 -3.27881e+00 -3.13598e+00 -3.07749e+00 -3.19448e+00
2.08000e+04 5.20000e+01 -2.83255e+00 -2.66295e+00 -3.00215e+00 -3.12560e+00 -3.06868e+00 -3.18251e+00
2.11200e+04 5.20000e+01 -2.83255e+00 -2.66295e+00 -3.00215e+00 -3.11528e+00 -3.06022e+00 -3.17034e+00
2.14400e+04 5.30000e+01 -2.81945e+00 -2.50926e+00 -3.12963e+00 -3.10505e+00 -3.05210e+00 -3.15799e+00
2.17600e+04 5.40000e+01 -2.93248e+00 -2.73318e+00 -3.13178e+00 -3.09492e+00 -3.04432e+00 -3.14552e+00
2.20800e+04 5.50000e+01 -2.91130e+00 -2.40427e+00 -3.41833e+00 -3.08491e+00 -3.03688e+00 -3.13294e+00
2.24000e+04 5.60000e+01 -2.82852e+00 -2.72260e+00 -2.93444e+00 -3.07502e+00 -3.02977e+00 -3.12026e+00
2.27200e+04 5.60000e+01 -2.82852e+00 -2.72260e+00 -2.93444e+00 -3.06524e+00 -3.02297e+00 -3.10751e+00
2.30400e+04 5.70000e+01 -2.82264e+00 -2.53946e+00 -3.10581e+00 -3.05557e+00 -3.01646e+00 -3.09468e+00
2.33600e+04 5.80000e+01 -2.78762e+00 -2.66866e+00 -2.90657e+00 -3.04601e+00 -3.01019e+00 -3.08182e+00
2.36800e+04 5.90000e+01 -2.55019e+00 -2.41536e+00 -2.68503e+00 -3.03655e+00 -3.00410e+00 -3.06900e+00
2.40000e+04 6.00000e+01 -2.85469e+00 -2.67505e+00 -3.03433e+00 -3.02720e+00 -2.99801e+00 -3.05639e+00
2.43200e+04 6.00000e+01 -2.85469e+00 -2.67505e+00 -3.03433e+00 -3.01796e+00 -2.99166e+00 -3.04426e+00
2.46400e+04 6.10000e+01 -2.78110e+00 -2.61464e+00 -2.94756e+00 -3.00885e+00 -2.98470e+00 -3.03299e+00
2.49600e+04 6.20000e+01 -2.82699e+00 -2.73807e+00 -2.91590e+00 -2.99989e+00 -2.97668e+00 -3.02310e+00
2.52800e+04 6.30000e+01 -2.84528e+00 -2.65112e+00 -3.03944e+00 -2.99110e+00 -2.96729e+00 -3.01491e+00
2.56000e+04 6.40000e+01 -2.72501e+00 -2.52097e+00 -2.92905e+00 -2.98250e+00 -2.95657e+00 -3.00844e+00
2.59200e+04 6.40000e+01 -2.72501e+00 -2.52097e+00 -2.92905e+00 -2.97411e+00 -2.94487e+00 -3.00335e+00
2.62400e+04 6.50000e+01 -2.51372e+00 -2.41240e+00 -2.61503e+00 -2.96592e+00 -2.93261e+00 -2.99922e+00
2.65600e+04 6.60000e+01 -2.62831e+00 -2.36747e+00 -2.88914e+00 -2.95792e+00 -2.92018e+00 -2.99567e+00
2.68800e+04 6.70000e+01 -2.65243e+00 -2.38790e+00 -2.91695e+00 -2.95010e+00 -2.90782e+00 -2.99239e+00
2.72000e+04 6.80000e+01 -2.69500e+00 -2.57726e+00 -2.81274e+00 -2.94243e+00 -2.89571e+00 -2.98916e+00
2.75200e+04 6.80000e+01 -2.69500e+00 -2.57726e+00 -2.81274e+00 -2.93488e+00 -2.88395e+00 -2.98582e+00
2.78400e+04 6.90000e+01 -2.57632e+00 -2.24003e+00 -2.91260e+00 -2.92743e+00 -2.87262e+00 -2.98224e+00
2.81600e+04 7.00000e+01 -2.65586e+00 -2.46991e+00 -2.84180e+00 -2.92002e+00 -2.86171e+00 -2.97834e+00
2.84800e+04 7.10000e+01 -2.62324e+00 -2.29120e+00 -2.95529e+00 -2.91266e+00 -2.85125e+00 -2.97406e+00
2.88000e+04 7.20000e+01 -2.52144e+00 -2.25037e+00 -2.79251e+00 -2.90528e+00 -2.84119e+00 -2.96936e+00
2.91200e+04 7.20000e+01 -2.52144e+00 -2.25037e+00 -2.79251e+00 -2.89787e+00 -2.83150e+00 -2.96424e+00
2.94400e+04 7.30000e+01 -2.55902e+00 -2.11556e+00 -3.00247e+00 -2.89038e+00 -2.82209e+00 -2.95867e+00
2.97600e+04 7.40000e+01 -2.56016e+00 -2.26428e+00 -2.85604e+00 -2.88278e+00 -2.81290e+00 -2.95266e+00
3.00800e+04 7.50000e+01 -2.40108e+00 -2.19852e+00 -2.60365e+00 -2.87502e+00 -2.80382e+00 -2.94621e+00
3.04000e+04 7.60000e+01 -2.64014e+00 -2.52211e+00 -2.75817e+00 -2.86706e+00 -2.79479e+00 -2.93933e+00
3.07200e+04 7.60000e+01 -2.64014e+00 -2.52211e+00 -2.75817e+00 -2.85888e+00 -2.78571e+00 -2.93204e+00
3.10400e+04 7.70000e+01 -2.61285e+00 -2.46028e+00 -2.76542e+00 -2.85044e+00 -2.77650e+00 -2.92437e+00
3.13600e+04 7.80000e+01 -2.48357e+00 -2.25868e+00 -2.70846e+00 -2.84171e+00 -2.76706e+00 -2.91637e+00
3.16800e+04 7.90000e+01 -2.46533e+00 -2.34379e+00 -2.58687e+00 -2.83270e+00 -2.75732e+00 -2.90807e+00
3.20000e+04 8.00000e+01 -2.34665e+00 -2.14335e+00 -2.54996e+00 -2.82338e+00 -2.74717e+00 -2.89958e+00
3.23200e+04 8.00000e+01 -2.34665e+00 -2.14335e+00 -2.54996e+00 -2.81375e+00 -2.73656e+00 -2.89094e+00
3.26400e+04 8.10000e+01 -2.55955e+00 -2.33129e+00 -2.78782e+00 -2.80383e+00 -2.72541e+00 -2.88224e+00
3.29600e+04 8.20000e+01 -2.36914e+00 -2.25430e+00 -2.48399e+00 -2.79362e+00 -2.71368e+00 -2.87355e+00
3.32800e+04 8.30000e+01 -2.33218e+00 -2.08499e+00 -2.57937e+00 -2.78313e+00 -2.70133e+00 -2.86493e+00
3.36000e+04 8.40000e+01 -2.38365e+00 -2.03907e+00 -2.72823e+00 -2.77240e+00 -2.68839e+00 -2.85642e+00
3.39200e+04 8.40000e+01 -2.38365e+00 -2.03907e+00 -2.72823e+00 -2.76146e+00 -2.67487e+00 -2.84805e+00
3.42400e+04 8.50000e+01 -2.27372e+00 -2.18404e+00 -2.36339e+00 -2.75033e+00 -2.66086e+00 -2.83979e+00
3.45600e+04 8.60000e+01 -2.40811e+00 -2.14576e+00 -2.67047e+00 -2.73905e+00 -2.64647e+00 -2.83163e+00
3.48800e+04 8.70000e+01 -2.44004e+00 -2.20923e+00 -2.67085e+00 -2.72765e+00 -2.63182e+00 -2.82348e+00
3.52000e+04 8.80000e+01 -2.29453e+00 -2.18703e+00 -2.40203e+00 -2.71616e+00 -2.61709e+00 -2.81524e+00
3.55200e+04 8.80000e+01 -2.29453e+00 -2.18703e+00 -2.40203e+00 -2.70460e+00 -2.60244e+00 -2.80677e+00
3.58400e+04 8.90000e+01 -2.50405e+00 -2.29474e+00 -2.71336e+00 -2.69299e+00 -2.58805e+00 -2.79792e+00
3.61600e+04 9.00000e+01 -2.39662e+00 -2.25000e+00 -2.54324e+00 -2.68131e+00 -2.57408e+00 -2.78854e+00
3.64800e+04 9.10000e+01 -2.31256e+00 -2.10973e+00 -2.51539e+00 -2.66957e+00 -2.56063e+00 -2.77850e+00
3.68000e+04 9.20000e+01 -2.45586e+00 -2.17425e+00 -2.73747e+00 -2.65775e+00 -2.54781e+00 -2.76768e+00
3.71200e+04 9.20000e+01 -2.45586e+00 -2.17425e+00 -2.73747e+00 -2.64585e+00 -2.53567e+00 -2.75603e+00
3.74400e+04 9.30000e+01 -2.25807e+00 -1.86130e+00 -2.65484e+00 -2.63384e+00 -2.52418e+00 -2.74350e+00
3.77600e+04 9.40000e+01 -2.27025e+00 -2.18534e+00 -2.35517e+00 -2.62173e+00 -2.51334e+00 -2.73013e+00
3.80800e+04 9.50000e+01 -2.40329e+00 -2.12604e+00 -2.68054e+00 -2.60954e+00 -2.50309e+00 -2.71598e+00
3.84000e+04 9.60000e+01 -2.35144e+00 -2.22268e+00 -2.48020e+00 -2.59727e+00 -2.49335e+00 -2.70119e+00
3.87200e+04 9.60000e+01 -2.35144e+00 -2.22268e+00 -2.48020e+00 -2.58496e+00 -2.48404e+00 -2.68588e+00
3.90400e+04 9.70000e+01 -2.37135e+00 -2.03813e+00 -2.70458e+00 -2.57267e+00 -2.47508e+00 -2.67025e+00
3.93600e+04 9.80000e+01 -2.06335e+00 -1.81983e+00 -2.30687e+00 -2.56044e+00 -2.46639e+00 -2.65449e+00
3.96800e+04 9.90000e+01 -2.29355e+00 -2.11364e+00 -2.47345e+00 -2.54835e+00 -2.45792e+00 -2.63877e+00
4.00000e+04 1.00000e+02 -2.18653e+00 -1.89849e+00 -2.47458e+00 -2.53644e+00 -2.44962e+00 -2.62327e+00
4.03200e+04 1.00000e+02 -2.18653e+00 -1.89849e+00 -2.47458e+00 -2.52479e+00 -2.44146e+00 -2.60813e+00
4.06400e+04 1.01000e+02 -2.15706e+00 -2.00356e+00 -2.31057e+00 -2.51344e+00 -2.43342e+00 -2.59345e+00
4.09600e+04 1.02000e+02 -2.23147e+00 -1.96271e+00 -2.50023e+00 -2.50243e+00 -2.42552e+00 -2.57933e+00
4.12800e+04 1.03000e+02 -2.16169e+00 -2.00223e+00 -2.32114e+00 -2.49178e+00 -2.41774e+00 -2.56582e+00
4.16000e+04 1.04000e+02 -2.14091e+00 -1.75080e+00 -2.53102e+00 -2.48151e+00 -2.41009e+00 -2.55294e+00
4.19200e+04 1.04000e+02 -2.14091e+00 -1.75080e+00 -2.53102e+00 -2.47162e+00 -2.40252e+00 -2.54072e+00
4.22400e+04 1.05000e+02 -2.04197e+00 -1.70666e+00 -2.37729e+00 -2.46209e+00 -2.39500e+00 -2.52919e+00
4.25600e+04 1.06000e+02 -2.11582e+00 -1.98041e+00 -2.25122e+00 -2.45288e+00 -2.38744e+00 -2.51832e+00
4.28800e+04 1.07000e+02 -2.21767e+00 -2.06918e+00 -2.36615e+00 -2.44395e+00 -2.37975e+00 -2.50814e+00
4.32000e+04 1.08000e+02 -1.96844e+00 -1.78164e+00 -2.15524e+00 -2.43522e+00 -2.37179e+00 -2.49864e+00
4.35200e+04 1.08000e+02 -1.96844e+00 -1.78164e+00 -2.15524e+00 -2.42663e+00 -2.36345e+00 -2.48981e+00
4.38400e+04 1.09000e+02 -2.10696e+00 -1.78543e+00 -2.42849e+00 -2.41811e+00 -2.35462e+00 -2.48161e+00
4.41600e+04 1.10000e+02 -2.23108e+00 -1.95838e+00 -2.50379e+00 -2.40959e+00 -2.34517e+00 -2.47401e+00
4.44800e+04 1.11000e+02 -2.11936e+00 -1.84643e+00 -2.39229e+00 -2.40099e+00 -2.33505e+00 -2.46692e+00
4.48000e+04 1.12000e+02 -1.95954e+00 -1.69716e+00 -2.22193e+00 -2.39224e+00 -2.32422e+00 -2.46026e+00
4.51200e+04 1.12000e+02 -1.95954e+00 -1.69716e+00 -2.22193e+00 -2.38330e+00 -2.31269e+00 -2.45390e+00
4.54400e+04 1.13000e+02 -2.00194e+00 -1.66623e+00 -2.33765e+00 -2.37410e+00 -2.30047e+00 -2.44773e+00
4.57600e+04 1.14000e+02 -2.00222e+00 -1.67250e+00 -2.33193e+00 -2.36463e+00 -2.28761e+00 -2.44164e+00
4.60800e+04 1.15000e+02 -1.98281e+00 -1.78518e+00 -2.18043e+00 -2.35485e+00 -2.27419e+00 -2.43551e+00
4.64000e+04 1.16000e+02 -2.10637e+00 -1.98473e+00 -2.22801e+00 -2.34476e+00 -2.26026e+00 -2.42926e+00
4.67200e+04 1.16000e+02 -2.10637e+00 -1.98473e+00 -2.22801e+00 -2.33438e+00 -2.24591e+00 -2.42285e+00
4.70400e+04 1.17000e+02 -1.90055e+00 -1.73236e+00 -2.06874e+00 -2.32373e+00 -2.23120e+00 -2.41626e+00
4.73600e+04 1.18000e+02 -1.92098e+00 -1.70310e+00 -2.13887e+00 -2.31284e+00 -2.21621e+00 -2.40947e+00
4.76800e+04 1.19000e+02 -2.05766e+00 -1.91136e+00 -2.20397e+00 -2.30176e+00 -2.20101e+00 -2.40251e+00
4.80000e+04 1.20000e+02 -2.03784e+00 -1.98819e+00 -2.08749e+00 -2.29053e+00 -2.18568e+00 -2.39538e+00
4.83200e+04 1.20000e+02 -2.03784e+00 -1.98819e+00 -2.08749e+00 -2.27920e+00 -2.17030e+00 -2.38810e+00
4.86400e+04 1.21000e+02 -2.12166e+00 -1.80986e+00 -2.43345e+00 -2.26780e+00 -2.15495e+00 -2.38065e+00
4.89600e+04 1.22000e+02 -1.98000e+00 -1.73240e+00 -2.22761e+00 -2.25636e+00 -2.13972e+00 -2.37300e+00
4.92800e+04 1.23000e+02 -1.97315e+00 -1.72870e+00 -2.21760e+00 -2.24491e+00 -2.12470e+00 -2.36512e+00
4.96000e+04 1.24000e+02 -1.96957e+00 -1.73465e+00 -2.20449e+00 -2.23348e+00 -2.10999e+00 -2.35697e+00
4.99200e+04 1.24000e+02 -1.96957e+00 -1.73465e+00 -2.20449e+00 -2.22207e+00 -2.09567e+00 -2.34848e+00
5.02400e+04 1.25000e+02 -1.93970e+00 -1.83508e+00 -2.04433e+00 -2.21070e+00 -2.08180e+00 -2.33961e+00
5.05600e+04 1.26000e+02 -2.17329e+00 -1.92302e+00 -2.42356e+00 -2.19940e+00 -2.06846e+00 -2.33034e+00
5.08800e+04 1.27000e+02 -2.03234e+00 -1.99783e+00 -2.06685e+00 -2.18817e+00 -2.05568e+00 -2.32065e+00
5.12000e+04 1.28000e+02 -1.84102e+00 -1.60666e+00 -2.07537e+00 -2.17706e+00 -2.04352e+00 -2.31060e+00
5.15200e+04 1.28000e+02 -1.84102e+00 -1.60666e+00 -2.07537e+00 -2.16610e+00 -2.03197e+00 -2.30023e+00
5.18400e+04 1.29000e+02 -1.70237e+00 -1.53652e+00 -1.86822e+00 -2.15533e+00 -2.02103e+00 -2.28963e+00
5.21600e+04 1.30000e+02 -1.85938e+00 -1.59362e+00 -2.12513e+00 -2.14481e+00 -2.01069e+00 -2.27892e+00
5.24800e+04 1.31000e+02 -1.95037e+00 -1.62784e+00 -2.27290e+00 -2.13457e+00 -2.00092e+00 -2.26822e+00
5.28000e+04 1.32000e+02 -1.75792e+00 -1.59228e+00 -1.92357e+00 -2.12467e+00 -1.99169e+00 -2.25765e+00
5.31200e+04 1.32000e+02 -1.75792e+00 -1.59228e+00 -1.92357e+00 -2.11514e+00 -1.98296e+00 -2.24732e+00
5.34400e+04 1.33000e+02 -1.79566e+00 -1.68349e+00 -1.90784e+00 -2.10603e+00 -1.97473e+00 -2.23733e+00
5.37600e+04 1.34000e+02 -1.93241e+00 -1.77352e+00 -2.09129e+00 -2.09734e+00 -1.96695e+00 -2.22773e+00
5.40800e+04 1.35000e+02 -1.91057e+00 -1.60762e+00 -2.21351e+00 -2.08909e+00 -1.95963e+00 -2.21856e+00
5.44000e+04 1.36000e+02 -1.73638e+00 -1.58064e+00 -1.89213e+00 -2.08126e+00 -1.95274e+00 -2.20978e+00
5.47200e+04 1.36000e+02 -1.73638e+00 -1.58064e+00 -1.89213e+00 -2.07381e+00 -1.94625e+00 -2.20137e+00
5.50400e+04 1.37000e+02 -1.77712e+00 -1.62623e+00 -1.92801e+00 -2.06668e+00 -1.94013e+00 -2.19324e+00
5.53600e+04 1.38000e+02 -1.75817e+00 -1.58527e+00 -1.93107e+00 -2.05980e+00 -1.93430e+00 -2.18530e+00
5.56800e+04 1.39000e+02 -1.62133e+00 -1.45458e+00 -1.78809e+00 -2.05308e+00 -1.92870e+00 -2.17745e+00
5.60000e+04 1.40000e+02 -1.68595e+00 -1.47518e+00 -1.89672e+00 -2.04642e+00 -1.92324e+00 -2.16960e+00
5.63200e+04 1.40000e+02 -1.68595e+00 -1.47518e+00 -1.89672e+00 -2.03973e+00 -1.91780e+00 -2.16166e+00
5.66400e+04 1.41000e+02 -1.67904e+00 -1.47391e+00 -1.88417e+00 -2.03295e+00 -1.91230e+00 -2.15360e+00
5.69600e+04 1.42000e+02 -1.75520e+00 -1.60945e+00 -1.90096e+00 -2.02600e+00 -1.90662e+00 -2.14537e+00
5.72800e+04 1.43000e+02 -1.66832e+00 -1.44836e+00 -1.88829e+00 -2.01882e+00 -1.90068e+00 -2.13697e+00
5.76000e+04 1.44000e+02 -1.76748e+00 -1.61927e+00 -1.91569e+00 -2.01139e+00 -1.89441e+00 -2.12837e+00
5.79200e+04 1.44000e+02 -1.76748e+00 -1.61927e+00 -1.91569e+00 -2.00367e+00 -1.88776e+00 -2.11957e+00
5.82400e+04 1.45000e+02 -1.76432e+00 -1.48672e+00 -2.04192e+00 -1.99563e+00 -1.88070e+00 -2.11057e+00
5.85600e+04 1.46000e+02 -1.61509e+00 -1.44412e+00 -1.78606e+00 -1.98727e+00 -1.87322e+00 -2.10132e+00
5.88800e+04 1.47000e+02 -1.66325e+00 -1.54848e+00 -1.77801e+00 -1.97858e+00 -1.86535e+00 -2.09180e+00
5.92000e+04 1.48000e+02 -1.63765e+00 -1.45849e+00 -1.81680e+00 -1.96953e+00 -1.85711e+00 -2.08195e+00
5.95200e+04 1.48000e+02 -1.63765e+00 -1.45849e+00 -1.81680e+00 -1.96013e+00 -1.84854e+00 -2.07172e+00
5.98400e+04 1.49000e+02 -1.55099e+00 -1.41302e+00 -1.68896e+00 -1.95039e+00 -1.83970e+00 -2.06108e+00
6.01600e+04 1.50000e+02 -1.61181e+00 -1.37962e+00 -1.84401e+00 -1.94032e+00 -1.83064e+00 -2.04999e+00
6.04800e+04 1.51000e+02 -1.72906e+00 -1.45175e+00 -2.00638e+00 -1.92993e+00 -1.82139e+00 -2.03847e+00
6.08000e+04 1.52000e+02 -1.46416e+00 -1.32058e+00 -1.60775e+00 -1.91927e+00 -1.81201e+00 -2.02653e+00
6.11200e+04 1.52000e+02 -1.46416e+00 -1.32058e+00 -1.60775e+00 -1.90839e+00 -1.80252e+00 -2.01426e+00
6.14400e+04 1.53000e+02 -1.43911e+00 -1.32925e+00 -1.54896e+00 -1.89732e+00 -1.79292e+00 -2.00173e+00
6.17600e+04 1.54000e+02 -1.63092e+00 -1.48842e+00 -1.77342e+00 -1.88614e+00 -1.78321e+00 -1.98907e+00
6.20800e+04 1.55000e+02 -1.72580e+00 -1.59119e+00 -1.86041e+00 -1.87489e+00 -1.77338e+00 -1.97640e+00
6.24000e+04 1.56000e+02 -1.74250e+00 -1.46543e+00 -2.01957e+00 -1.86362e+00 -1.76339e+00 -1.96385e+00
6.27200e+04 1.56000e+02 -1.74250e+00 -1.46543e+00 -2.01957e+00 -1.85237e+00 -1.75321e+00 -1.95152e+00
6.30400e+04 1.57000e+02 -1.47816e+00 -1.22249e+00 -1.73384e+00 -1.84117e+00 -1.74281e+00 -1.93953e+00
6.33600e+04 1.58000e+02 -1.44017e+00 -1.28732e+00 -1.59303e+00 -1.83005e+00 -1.73217e+00 -1.92793e+00
6.36800e+04 1.59000e+02 -1.49403e+00 -1.34099e+00 -1.64707e+00 -1.81902e+00 -1.72128e+00 -1.91675e+00
6.40000e+04 1.60000e+02 -1.56622e+00 -1.35812e+00 -1.77433e+00 -1.80807e+00 -1.71013e+00 -1.90601e+00
6.43200e+04 1.60000e+02 -1.56622e+00 -1.35812e+00 -1.77433e+00 -1.79722e+00 -1.69876e+00 -1.89569e+00
6.46400e+04 1.61000e+02 -1.46283e+00 -1.19968e+00 -1.72599e+00 -1.78647e+00 -1.68718e+00 -1.88575e+00
6.49600e+04 1.62000e+02 -1.53071e+00 -1.22651e+00 -1.83490e+00 -1.77581e+00 -1.67544e+00 -1.87618e+00
6.52800e+04 1.63000e+02 -1.51173e+00 -1.27228e+00 -1.75118e+00 -1.76526e+00 -1.66360e+00 -1.86693e+00
6.56000e+04 1.64000e+02 -1.56073e+00 -1.42978e+00 -1.69168e+00 -1.75485e+00 -1.65172e+00 -1.85798e+00
6.59200e+04 1.64000e+02 -1.56073e+00 -1.42978e+00 -1.69168e+00 -1.74458e+00 -1.63985e+00 -1.84931e+00
6.62400e+04 1.65000e+02 -1.61234e+00 -1.31952e+00 -1.90516e+00 -1.73448e+00 -1.62805e+00 -1.84091e+00
6.65600e+04 1.66000e+02 -1.52169e+00 -1.26874e+00 -1.77464e+00 -1.72455e+00 -1.61634e+00 -1.83277e+00
6.68800e+04 1.67000e+02 -1.66632e+00 -1.41128e+00 -1.92135e+00 -1.71481e+00 -1.60474e+00 -1.82487e+00
6.72000e+04 1.68000e+02 -1.32958e+00 -1.16552e+00 -1.49363e+00 -1.70525e+00 -1.59326e+00 -1.81724e+00
6.75200e+04 1.68000e+02 -1.32958e+00 -1.16552e+00 -1.49363e+00 -1.69586e+00 -1.58188e+00 -1.80985e+00
6.78400e+04 1.69000e+02 -1.40756e+00 -1.23862e+00 -1.57650e+00 -1.68666e+00 -1.57060e+00 -1.80272e+00
6.81600e+04 1.70000e+02 -1.32947e+00 -1.13138e+00 -1.52756e+00 -1.67762e+00 -1.55940e+00 -1.79585e+00
6.84800e+04 1.71000e+02 -1.54011e+00 -1.25450e+00 -1.82572e+00 -1.66875e+00 -1.54828e+00 -1.78923e+00
6.88000e+04 1.72000e+02 -1.41870e+00 -1.07900e+00 -1.75841e+00 -1.66006e+00 -1.53725e+00 -1.78288e+00
6.91200e+04 1.72000e+02 -1.41870e+00 -1.07900e+00 -1.75841e+00 -1.65156e+00 -1.52632e+00 -1.77679e+00
6.94400e+04 1.73000e+02 -1.56063e+00 -1.39167e+00 -1.72958e+00 -1.64326e+00 -1.51554e+00 -1.77098e+00
6.97600e+04 1.74000e+02 -1.39581e+00 -1.14362e+00 -1.64801e+00 -1.63519e+00 -1.50492e+00 -1.76546e+00
7.00800e+04 1.75000e+02 -1.40812e+00 -1.22749e+00 -1.58875e+00 -1.62736e+00 -1.49450e+00 -1.76022e+00
7.04000e+04 1.76000e+02 -1.36392e+00 -1.20904e+00 -1.51880e+00 -1.61979e+00 -1.48432e+00 -1.75527e+00
7.07200e+04 1.76000e+02 -1.36392e+00 -1.20904e+00 -1.51880e+00 -1.61248e+00 -1.47439e+00 -1.75056e+00
7.10400e+04 1.77000e+02 -1.36831e+00 -1.10425e+00 -1.63237e+00 -1.60540e+00 -1.46471e+00 -1.74609e+00
7.13600e+04 1.78000e+02 -1.41300e+00 -1.22182e+00 -1.60418e+00 -1.59853e+00 -1.45526e+00 -1.74180e+00
7.16800e+04 1.79000e+02 -1.39764e+00 -1.13497e+00 -1.66031e+00 -1.59185e+00 -1.44604e+00 -1.73765e+00
7.20000e+04 1.80000e+02 -1.46177e+00 -1.22283e+00 -1.70071e+00 -1.58531e+00 -1.43700e+00 -1.73362e+00
7.23200e+04 1.80000e+02 -1.46177e+00 -1.22283e+00 -1.70071e+00 -1.57888e+00 -1.42810e+00 -1.72966e+00
7.26400e+04 1.81000e+02 -1.25972e+00 -1.08734e+00 -1.43211e+00 -1.57254e+00 -1.41931e+00 -1.72576e+00
7.29600e+04 1.82000e+02 -1.41695e+00 -1.25413e+00 -1.57977e+00 -1.56623e+00 -1.41058e+00 -1.72188e+00
7.32800e+04 1.83000e+02 -1.33233e+00 -1.21969e+00 -1.44497e+00 -1.55995e+00 -1.40189e+00 -1.71800e+00
7.36000e+04 1.84000e+02 -1.20259e+00 -1.07982e+00 -1.32535e+00 -1.55366e+00 -1.39323e+00 -1.71409e+00
7.39200e+04 1.84000e+02 -1.20259e+00 -1.07982e+00 -1.32535e+00 -1.54734e+00 -1.38457e+00 -1.71012e+00
7.42400e+04 1.85000e+02 -1.31643e+00 -1.20410e+00 -1.42876e+00 -1.54099e+00 -1.37593e+00 -1.70605e+00
7.45600e+04 1.86000e+02 -1.19531e+00 -1.07317e+00 -1.31745e+00 -1.53458e+00 -1.36731e+00 -1.70185e+00
7.48800e+04 1.87000e+02 -1.43437e+00 -1.20959e+00 -1.65915e+00 -1.52812e+00 -1.35876e+00 -1.69749e+00
7.52000e+04 1.88000e+02 -1.33740e+00 -1.19490e+00 -1.47991e+00 -1.52161e+00 -1.35029e+00 -1.69293e+00
7.55200e+04 1.88000e+02 -1.33740e+00 -1.19490e+00 -1.47991e+00 -1.51503e+00 -1.34193e+00 -1.68814e+00
7.58400e+04 1.89000e+02 -1.37155e+00 -1.15708e+00 -1.58602e+00 -1.50841e+00 -1.33373e+00 -1.68308e+00
7.61600e+04 1.90000e+02 -1.38737e+00 -1.16350e+00 -1.61125e+00 -1.50172e+00 -1.32573e+00 -1.67772e+00
7.64800e+04 1.91000e+02 -1.29003e+00 -1.16038e+00 -1.41969e+00 -1.49497e+00 -1.31794e+00 -1.67200e+00
7.68000e+04 1.92000e+02 -1.17315e+00 -1.02045e+00 -1.32586e+00 -1.48815e+00 -1.31042e+00 -1.66588e+00
7.71200e+04 1.92000e+02 -1.17315e+00 -1.02045e+00 -1.32586e+00 -1.48125e+00 -1.30318e+00 -1.65931e+00
7.74400e+04 1.93000e+02 -1.26621e+00 -1.05668e+00 -1.47575e+00 -1.47424e+00 -1.29624e+00 -1.65225e+00
7.77600e+04 1.94000e+02 -1.26222e+00 -1.11139e+00 -1.41304e+00 -1.46715e+00 -1.28963e+00 -1.64466e+00
7.80800e+04 1.95000e+02 -1.17391e+00 -9.51131e-01 -1.39669e+00 -1.45995e+00 -1.28336e+00 -1.63654e+00
7.84000e+04 1.96000e+02 -1.17145e+00 -1.01675e+00 -1.32615e+00 -1.45267e+00 -1.27743e+00 -1.62792e+00
7.87200e+04 1.96000e+02 -1.17145e+00 -1.01675e+00 -1.32615e+00 -1.44534e+00 -1.27183e+00 -1.61884e+00
7.90400e+04 1.97000e+02 -1.17571e+00 -9.96562e-01 -1.35486e+00 -1.43797e+00 -1.26657e+00 -1.60938e+00
7.93600e+04 1.98000e+02 -1.25766e+00 -1.09350e+00 -1.42183e+00 -1.43062e+00 -1.26162e+00 -1.59962e+00
7.96800e+04 1.99000e+02 -1.30135e+00 -1.15624e+00 -1.44646e+00 -1.42332e+00 -1.25694e+00 -1.58969e+00
8.00000e+04 2.00000e+02 -1.20711e+00 -1.09226e+00 -1.32196e+00 -1.41609e+00 -1.25251e+00 -1.57968e+00
8.03200e+04 2.00000e+02 -1.20711e+00 -1.09226e+00 -1.32196e+00 -1.40897e+00 -1.24825e+00 -1.56968e+00
8.06400e+04 2.01000e+02 -1.21853e+00 -1.07780e+00 -1.35926e+00 -1.40195e+00 -1.24409e+00 -1.55981e+00
8.09600e+04 2.02000e+02 -1.27813e+00 -1.12033e+00 -1.43592e+00 -1.39504e+00 -1.23996e+00 -1.55011e+00
8.12800e+04 2.03000e+02 -1.29847e+00 -1.14787e+00 -1.44908e+00 -1.38821e+00 -1.23577e+00 -1.54065e+00
8.16000e+04 2.04000e+02 -1.10859e+00 -9.85718e-01 -1.23146e+00 -1.38145e+00 -1.23143e+00 -1.53146e+00
8.19200e+04 2.04000e+02 -1.10859e+00 -9.85718e-01 -1.23146e+00 -1.37472e+00 -1.22687e+00 -1.52257e+00
8.22400e+04 2.05000e+02 -1.18193e+00 -1.05103e+00 -1.31284e+00 -1.36800e+00 -1.22203e+00 -1.51397e+00
8.25600e+04 2.06000e+02 -1.20857e+00 -1.05244e+00 -1.36469e+00 -1.36127e+00 -1.21687e+00 -1.50566e+00
8.28800e+04 2.07000e+02 -1.09870e+00 -9.71863e-01 -1.22555e+00 -1.35451e+00 -1.21138e+00 -1.49763e+00
8.32000e+04 2.08000e+02 -1.16946e+00 -1.03578e+00 -1.30314e+00 -1.34772e+00 -1.20558e+00 -1.48987e+00
8.35200e+04 2.08000e+02 -1.16946e+00 -1.03578e+00 -1.30314e+00 -1.34092e+00 -1.19950e+00 -1.48235e+00
8.38400e+04 2.09000e+02 -1.15999e+00 -1.04051e+00 -1.27946e+00 -1.33413e+00 -1.19320e+00 -1.47507e+00
8.41600e+04 2.10000e+02 -1.04567e+00 -8.67467e-01 -1.22388e+00 -1.32738e+00 -1.18676e+00 -1.46800e+00
8.44800e+04 2.11000e+02 -1.18805e+00 -1.11666e+00 -1.25944e+00 -1.32070e+00 -1.18027e+00 -1.46113e+00
8.48000e+04 2.12000e+02 -1.12405e+00 -9.35933e-01 -1.31217e+00 -1.31412e+00 -1.17381e+00 -1.45442e+00
8.51200e+04 2.12000e+02 -1.12405e+00 -9.35933e-01 -1.31217e+00 -1.30767e+00 -1.16747e+00 -1.44787e+00
8.54400e+04 2.13000e+02 -1.08402e+00 -9.14010e-01 -1.25404e+00 -1.30136e+00 -1.16131e+00 -1.44142e+00
8.57600e+04 2.14000e+02 -1.07389e+00 -8.96797e-01 -1.25098e+00 -1.29522e+00 -1.15539e+00 -1.43504e+00
8.60800e+04 2.15000e+02 -1.15080e+00 -9.86578e-01 -1.31503e+00 -1.28922e+00 -1.14976e+00 -1.42868e+00
8.64000e+04 2.16000e+02 -1.11391e+00 -9.19479e-01 -1.30834e+00 -1.28337e+00 -1.14444e+00 -1.42230e+00
8.67200e+04 2.16000e+02 -1.11391e+00 -9.19479e-01 -1.30834e+00 -1.27763e+00 -1.13941e+00 -1.41584e+00
8.70400e+04 2.17000e+02 -1.10527e+00 -9.44452e-01 -1.26609e+00 -1.27197e+00 -1.13467e+00 -1.40928e+00
8.73600e+04 2.18000e+02 -1.09108e+00 -1.01373e+00 -1.16844e+00 -1.26638e+00 -1.13017e+00 -1.40258e+00
8.76800e+04 2.19000e+02 -1.13656e+00 -8.35942e-01 -1.43718e+00 -1.26080e+00 -1.12588e+00 -1.39572e+00
8.80000e+04 2.20000e+02 -1.10809e+00 -9.97679e-01 -1.21850e+00 -1.25521e+00 -1.12173e+00 -1.38870e+00
8.83200e+04 2.20000e+02 -1.10809e+00 -9.97679e-01 -1.21850e+00 -1.24958e+00 -1.11765e+00 -1.38151e+00
8.86400e+04 2.21000e+02 -1.05971e+00 -9.01111e-01 -1.21832e+00 -1.24389e+00 -1.11359e+00 -1.37419e+00
8.89600e+04 2.22000e+02 -1.02190e+00 -9.04779e-01 -1.13902e+00 -1.23812e+00 -1.10947e+00 -1.36677e+00
8.92800e+04 2.23000e+02 -1.09397e+00 -9.32989e-01 -1.25495e+00 -1.23227e+00 -1.10524e+00 -1.35930e+00
8.96000e+04 2.24000e+02 -1.01745e+00 -9.43502e-01 -1.09140e+00 -1.22634e+00 -1.10085e+00 -1.35183e+00
8.99200e+04 2.24000e+02 -1.01745e+00 -9.43502e-01 -1.09140e+00 -1.22034e+00 -1.09626e+00 -1.34442e+00
9.02400e+04 2.25000e+02 -1.05412e+00 -9.02893e-01 -1.20535e+00 -1.21429e+00 -1.09145e+00 -1.33713e+00
9.05600e+04 2.26000e+02 -1.02535e+00 -8.93801e-01 -1.15690e+00 -1.20822e+00 -1.08642e+00 -1.33001e+00
9.08800e+04 2.27000e+02 -1.08699e+00 -9.58975e-01 -1.21501e+00 -1.20214e+00 -1.08116e+00 -1.32312e+00
9.12000e+04 2.28000e+02 -1.10273e+00 -9.70549e-01 -1.23491e+00 -1.19609e+00 -1.07570e+00 -1.31648e+00
9.15200e+04 2.28000e+02 -1.10273e+00 -9.70549e-01 -1.23491e+00 -1.19010e+00 -1.07007e+00 -1.31012e+00
9.18400e+04 2.29000e+02 -9.49321e-01 -8.29484e-01 -1.06916e+00 -1.18417e+00 -1.06428e+00 -1.30406e+00
9.21600e+04 2.30000e+02 -1.14298e+00 -9.29437e-01 -1.35652e+00 -1.17834e+00 -1.05839e+00 -1.29828e+00
9.24800e+04 2.31000e+02 -1.00324e+00 -9.03846e-01 -1.10263e+00 -1.17260e+00 -1.05243e+00 -1.29277e+00
9.28000e+04 2.32000e+02 -1.00501e+00 -7.90224e-01 -1.21979e+00 -1.16695e+00 -1.04643e+00 -1.28747e+00
9.31200e+04 2.32000e+02 -1.00501e+00 -7.90224e-01 -1.21979e+00 -1.16140e+00 -1.04043e+00 -1.28237e+00
9.34400e+04 2.33000e+02 -1.02385e+00 -9.52340e-01 -1.09535e+00 -1.15594e+00 -1.03447e+00 -1.27742e+00
9.37600e+04 2.34000e+02 -9.80747e-01 -8.78865e-01 -1.08263e+00 -1.15057e+00 -1.02857e+00 -1.27256e+00
9.40800e+04 2.35000e+02 -1.03298e+00 -8.93717e-01 -1.17225e+00 -1.14527e+00 -1.02278e+00 -1.26777e+00
9.44000e+04 2.36000e+02 -1.01659e+00 -8.60002e-01 -1.17317e+00 -1.14006e+00 -1.01711e+00 -1.26301e+00
9.47200e+04 2.36000e+02 -1.01659e+00 -8.60002e-01 -1.17317e+00 -1.13492e+00 -1.01159e+00 -1.25825e+00
9.50400e+04 2.37000e+02 -9.94203e-01 -8.25889e-01 -1.16252e+00 -1.12986e+00 -1.00625e+00 -1.25347e+00
9.53600e+04 2.38000e+02 -9.99309e-01 -9.08112e-01 -1.09051e+00 -1.12489e+00 -1.00110e+00 -1.24868e+00
9.56800e+04 2.39000e+02 -9.25073e-01 -8.22186e-01 -1.02796e+00 -1.12000e+00 -9.96154e-01 -1.24385e+00
9.60000e+04 2.40000e+02 -1.04638e+00 -9.18142e-01 -1.17463e+00 -1.11520e+00 -9.91427e-01 -1.23897e+00
9.63200e+04 2.40000e+02 -1.04638e+00 -9.18142e-01 -1.17463e+00 -1.11049e+00 -9.86930e-01 -1.23406e+00
9.66400e+04 2.41000e+02 -9.54469e-01 -8.38420e-01 -1.07052e+00 -1.10588e+00 -9.82655e-01 -1.22910e+00
9.69600e+04 2.42000e+02 -9.50481e-01 -8.53039e-01 -1.04792e+00 -1.10135e+00 -9.78606e-01 -1.22409e+00
9.72800e+04 2.43000e+02 -9.40214e-01 -8.31032e-01 -1.04939e+00 -1.09689e+00 -9.74768e-01 -1.21902e+00
9.76000e+04 2.44000e+02 -9.83683e-01 -8.87819e-01 -1.07955e+00 -1.09252e+00 -9.71134e-01 -1.21390e+00
9.79200e+04 2.44000e+02 -9.83683e-01 -8.87819e-01 -1.07955e+00 -1.08820e+00 -9.67688e-01 -1.20872e+00
9.82400e+04 2.45000e+02 -9.85249e-01 -9.09566e-01 -1.06093e+00 -1.08395e+00 -9.64410e-01 -1.20349e+00
9.85600e+04 2.46000e+02 -1.06509e+00 -9.62339e-01 -1.16783e+00 -1.07973e+00 -9.61273e-01 -1.19819e+00
9.88800e+04 2.47000e+02 -9.95903e-01 -8.86075e-01 -1.10573e+00 -1.07556e+00 -9.58262e-01 -1.19286e+00
9.92000e+04 2.48000e+02 -9.59201e-01 -8.54491e-01 -1.06391e+00 -1.07141e+00 -9.55342e-01 -1.18748e+00
9.95200e+04 2.48000e+02 -9.59201e-01 -8.54491e-01 -1.06391e+00 -1.06727e+00 -9.52485e-01 -1.18205e+00
9.98400e+04 2.49000e+02 -1.03071e+00 -9.60714e-01 -1.10071e+00 -1.06313e+00 -9.49663e-01 -1.17661e+00
1.00160e+05 2.50000e+02 -9.59536e-01 -8.66678e-01 -1.05239e+00 -1.05900e+00 -9.46844e-01 -1.17116e+00
1.00480e+05 2.51000e+02 -8.97852e-01 -8.07515e-01 -9.88190e-01 -1.05486e+00 -9.44008e-01 -1.16571e+00
1.00800e+05 2.52000e+02 -9.65317e-01 -8.20936e-01 -1.10970e+00 -1.05072e+00 -9.41142e-01 -1.16029e+00
1.01120e+05 2.52000e+02 -9.65317e-01 -8.20936e-01 -1.10970e+00 -1.04658e+00 -9.38241e-01 -1.15491e+00
1.01440e+05 2.53000e+02 -9.49864e-01 -8.34935e-01 -1.06479e+00 -1.04246e+00 -9.35317e-01 -1.14960e+00
1.01760e+05 2.54000e+02 -8.95482e-01 -7.88434e-01 -1.00253e+00 -1.03838e+00 -9.32383e-01 -1.14437e+00
1.02080e+05 2.55000e+02 -9.28395e-01 -8.34430e-01 -1.02236e+00 -1.03437e+00 -9.29473e-01 -1.13927e+00
1.02400e+05 2.56000e+02 -9.13911e-01 -8.32830e-01 -9.94992e-01 -1.03046e+00 -9.26621e-01 -1.13429e+00
1.02720e+05 2.56000e+02 -9.13911e-01 -8.32830e-01 -9.94992e-01 -1.02667e+00 -9.23861e-01 -1.12947e+00
1.03040e+05 2.57000e+02 -8.45063e-01 -7.86085e-01 -9.04041e-01 -1.02302e+00 -9.21225e-01 -1.12482e+00
1.03360e+05 2.58000e+02 -9.03591e-01 -8.39898e-01 -9.67284e-01 -1.01954e+00 -9.18739e-01 -1.12034e+00
1.03680e+05 2.59000e+02 -8.65384e-01 -7.83548e-01 -9.47221e-01 -1.01623e+00 -9.16413e-01 -1.11604e+00
1.04000e+05 2.60000e+02 -8.72684e-01 -7.55464e-01 -9.89904e-01 -1.01308e+00 -9.14251e-01 -1.11190e+00
1.04320e+05 2.60000e+02 -8.72684e-01 -7.55464e-01 -9.89904e-01 -1.01008e+00 -9.12235e-01 -1.10793e+00
1.04640e+05 2.61000e+02 -8.85821e-01 -7.39668e-01 -1.03197e+00 -1.00721e+00 -9.10347e-01 -1.10408e+00
1.04960e+05 2.62000e+02 -8.83469e-01 -7.47562e-01 -1.01938e+00 -1.00444e+00 -9.08554e-01 -1.10033e+00
1.05280e+05 2.63000e+02 -8.59358e-01 -7.51168e-01 -9.67549e-01 -1.00174e+00 -9.06822e-01 -1.09665e+00
1.05600e+05 2.64000e+02 -8.11355e-01 -6.96334e-01 -9.26377e-01 -9.99046e-01 -9.05112e-01 -1.09298e+00
1.05920e+05 2.64000e+02 -8.11355e-01 -6.96334e-01 -9.26377e-01 -9.96329e-01 -9.03387e-01 -1.08927e+00
1.06240e+05 2.65000e+02 -8.87349e-01 -7.88007e-01 -9.86691e-01 -9.93545e-01 -9.01609e-01 -1.08548e+00
1.06560e+05 2.66000e+02 -8.65395e-01 -7.24793e-01 -1.00600e+00 -9.90647e-01 -8.99747e-01 -1.08155e+00
1.06880e+05 2.67000e+02 -8.27876e-01 -7.12620e-01 -9.43132e-01 -9.87600e-01 -8.97766e-01 -1.07743e+00
1.07200e+05 2.68000e+02 -9.09116e-01 -7.34450e-01 -1.08378e+00 -9.84376e-01 -8.95638e-01 -1.07311e+00
1.07520e+05 2.68000e+02 -9.09116e-01 -7.34450e-01 -1.08378e+00 -9.80952e-01 -8.93336e-01 -1.06857e+00
1.07840e+05 2.69000e+02 -9.75983e-01 -8.06753e-01 -1.14521e+00 -9.77314e-01 -8.90836e-01 -1.06379e+00
1.08160e+05 2.70000e+02 -8.57638e-01 -7.20240e-01 -9.95036e-01 -9.73457e-01 -8.88116e-01 -1.05880e+00
1.08480e+05 2.71000e+02 -8.73731e-01 -7.41598e-01 -1.00586e+00 -9.69380e-01 -8.85157e-01 -1.05360e+00
1.08800e+05 2.72000e+02 -8.88766e-01 -7.52137e-01 -1.02540e+00 -9.65101e-01 -8.81945e-01 -1.04826e+00
1.09120e+05 2.72000e+02 -8.88766e-01 -7.52137e-01 -1.02540e+00 -9.60634e-01 -8.78471e-01 -1.04280e+00
1.09440e+05 2.73000e+02 -8.34683e-01 -7.17732e-01 -9.51635e-01 -9.56002e-01 -8.74733e-01 -1.03727e+00
1.09760e+05 2.74000e+02 -7.85224e-01 -7.28861e-01 -8.41586e-01 -9.51241e-01 -8.70736e-01 -1.03175e+00
1.10080e+05 2.75000e+02 -8.57854e-01 -7.51753e-01 -9.63956e-01 -9.46388e-01 -8.66494e-01 -1.02628e+00
1.10400e+05 2.76000e+02 -8.44262e-01 -7.38496e-01 -9.50029e-01 -9.41490e-01 -8.62032e-01 -1.02095e+00
1.10720e+05 2.76000e+02 -8.44262e-01 -7.38496e-01 -9.50029e-01 -9.36593e-01 -8.57384e-01 -1.01580e+00
1.11040e+05 2.77000e+02 -8.40012e-01 -7.55861e-01 -9.24163e-01 -9.31755e-01 -8.52590e-01 -1.01092e+00
1.11360e+05 2.78000e+02 -7.94458e-01 -7.24186e-01 -8.64729e-01 -9.27021e-01 -8.47697e-01 -1.00635e+00
1.11680e+05 2.79000e+02 -8.78617e-01 -6.97529e-01 -1.05970e+00 -9.22442e-01 -8.42756e-01 -1.00213e+00
1.12000e+05 2.80000e+02 -7.99378e-01 -7.00810e-01 -8.97946e-01 -9.18052e-01 -8.37820e-01 -9.98284e-01
1.12320e+05 2.80000e+02 -7.99378e-01 -7.00810e-01 -8.97946e-01 -9.13883e-01 -8.32941e-01 -9.94824e-01
1.12640e+05 2.81000e+02 -8.27311e-01 -7.28167e-01 -9.26455e-01 -9.09949e-01 -8.28167e-01 -9.91732e-01
1.12960e+05 2.82000e+02 -8.74324e-01 -8.08173e-01 -9.40474e-01 -9.06250e-01 -8.23543e-01 -9.88956e-01
1.13280e+05 2.83000e+02 -8.49531e-01 -7.24184e-01 -9.74879e-01 -9.02781e-01 -8.19105e-01 -9.86457e-01
1.13600e+05 2.84000e+02 -8.47091e-01 -7.75302e-01 -9.18880e-01 -8.99523e-01 -8.14881e-01 -9.84165e-01
1.13920e+05 2.84000e+02 -8.47091e-01 -7.75302e-01 -9.18880e-01 -8.96451e-01 -8.10887e-01 -9.82014e-01
1.14240e+05 2.85000e+02 -7.74645e-01 -7.06995e-01 -8.42294e-01 -8.93531e-01 -8.07133e-01 -9.79930e-01
1.14560e+05 2.86000e+02 -8.00235e-01 -7.02761e-01 -8.97710e-01 -8.90738e-01 -8.03612e-01 -9.77864e-01
1.14880e+05 2.87000e+02 -8.24151e-01 -7.64033e-01 -8.84268e-01 -8.88039e-01 -8.00313e-01 -9.75766e-01
1.15200e+05 2.88000e+02 -8.02586e-01 -7.71073e-01 -8.34098e-01 -8.85407e-01 -7.97220e-01 -9.73594e-01
1.15520e+05 2.88000e+02 -8.02586e-01 -7.71073e-01 -8.34098e-01 -8.82822e-01 -7.94311e-01 -9.71334e-01
1.15840e+05 2.89000e+02 -7.95065e-01 -7.10807e-01 -8.79322e-01 -8.80271e-01 -7.91569e-01 -9.68972e-01
1.16160e+05 2.90000e+02 -8.09390e-01 -7.42493e-01 -8.76287e-01 -8.77742e-01 -7.88976e-01 -9.66509e-01
1.16480e+05 2.91000e+02 -7.81760e-01 -7.09037e-01 -8.54483e-01 -8.75234e-01 -7.86523e-01 -9.63944e-01
1.16800e+05 2.92000e+02 -7.97397e-01 -7.03493e-01 -8.91300e-01 -8.72746e-01 -7.84201e-01 -9.61291e-01
1.17120e+05 2.92000e+02 -7.97397e-01 -7.03493e-01 -8.91300e-01 -8.70279e-01 -7.82004e-01 -9.58553e-01
1.17440e+05 2.93000e+02 -8.55818e-01 -7.77205e-01 -9.34431e-01 -8.67836e-01 -7.79931e-01 -9.55740e-01
1.17760e+05 2.94000e+02 -8.23228e-01 -6.98113e-01 -9.48344e-01 -8.65417e-01 -7.77980e-01 -9.52854e-01
1.18080e+05 2.95000e+02 -7.68047e-01 -6.91720e-01 -8.44375e-01 -8.63023e-01 -7.76150e-01 -9.49895e-01
1.18400e+05 2.96000e+02 -7.74667e-01 -7.07538e-01 -8.41797e-01 -8.60649e-01 -7.74439e-01 -9.46859e-01
1.18720e+05 2.96000e+02 -7.74667e-01 -7.07538e-01 -8.41797e-01 -8.58291e-01 -7.72841e-01 -9.43740e-01
1.19040e+05 2.97000e+02 -7.67023e-01 -6.61423e-01 -8.72623e-01 -8.55944e-01 -7.71354e-01 -9.40534e-01
1.19360e+05 2.98000e+02 -8.46363e-01 -7.35141e-01 -9.57585e-01 -8.53602e-01 -7.69966e-01 -9.37239e-01
1.19680e+05 2.99000e+02 -8.28669e-01 -6.62376e-01 -9.94962e-01 -8.51263e-01 -7.68669e-01 -9.33856e-01
1.20000e+05 3.00000e+02 -8.07111e-01 -7.18762e-01 -8.95460e-01 -8.48923e-01 -7.67449e-01 -9.30396e-01
1.20320e+05 3.00000e+02 -8.07111e-01 -7.18762e-01 -8.95460e-01 -8.46583e-01 -7.66295e-01 -9.26871e-01
1.20640e+05 3.01000e+02 -8.10497e-01 -7.38303e-01 -8.82692e-01 -8.44248e-01 -7.65192e-01 -9.23304e-01
1.20960e+05 3.02000e+02 -7.85862e-01 -6.55593e-01 -9.16131e-01 -8.41921e-01 -7.64124e-01 -9.19718e-01
1.21280e+05 3.03000e+02 -7.50174e-01 -6.82422e-01 -8.17926e-01 -8.39608e-01 -7.63074e-01 -9.16142e-01
1.21600e+05 3.04000e+02 -8.03950e-01 -7.04813e-01 -9.03087e-01 -8.37316e-01 -7.62025e-01 -9.12608e-01
1.21920e+05 3.04000e+02 -8.03950e-01 -7.04813e-01 -9.03087e-01 -8.35053e-01 -7.60961e-01 -9.09146e-01
1.22240e+05 3.05000e+02 -8.08293e-01 -7.14679e-01 -9.01907e-01 -8.32828e-01 -7.59865e-01 -9.05792e-01
1.22560e+05 3.06000e+02 -7.82069e-01 -6.92786e-01 -8.71352e-01 -8.30651e-01 -7.58723e-01 -9.02579e-01
1.22880e+05 3.07000e+02 -7.91178e-01 -7.30869e-01 -8.51487e-01 -8.28533e-01 -7.57524e-01 -8.99542e-01
1.23200e+05 3.08000e+02 -7.71872e-01 -6.91293e-01 -8.52450e-01 -8.26484e-01 -7.56260e-01 -8.96709e-01
1.23520e+05 3.08000e+02 -7.71872e-01 -6.91293e-01 -8.52450e-01 -8.24515e-01 -7.54925e-01 -8.94104e-01
1.23840e+05 3.09000e+02 -7.52877e-01 -6.99889e-01 -8.05866e-01 -8.22631e-01 -7.53519e-01 -8.91743e-01
1.24160e+05 3.10000e+02 -8.01572e-01 -7.02205e-01 -9.00940e-01 -8.20839e-01 -7.52049e-01 -8.89630e-01
1.24480e+05 3.11000e+02 -8.49518e-01 -7.39264e-01 -9.59771e-01 -8.19140e-01 -7.50522e-01 -8.87758e-01
1.24800e+05 3.12000e+02 -7.35511e-01 -6.60622e-01 -8.10399e-01 -8.17532e-01 -7.48954e-01 -8.86110e-01
1.25120e+05 3.12000e+02 -7.35511e-01 -6.60622e-01 -8.10399e-01 -8.16011e-01 -7.47364e-01 -8.84658e-01
1.25440e+05 3.13000e+02 -7.66189e-01 -7.16062e-01 -8.16315e-01 -8.14569e-01 -7.45775e-01 -8.83363e-01
1.25760e+05 3.14000e+02 -7.05899e-01 -6.70080e-01 -7.41718e-01 -8.13198e-01 -7.44212e-01 -8.82184e-01
1.26080e+05 3.15000e+02 -7.80465e-01 -6.73993e-01 -8.86937e-01 -8.11886e-01 -7.42698e-01 -8.81075e-01
1.26400e+05 3.16000e+02 -7.38625e-01 -6.96542e-01 -7.80708e-01 -8.10624e-01 -7.41258e-01 -8.79990e-01
1.26720e+05 3.16000e+02 -7.38625e-01 -6.96542e-01 -7.80708e-01 -8.09400e-01 -7.39911e-01 -8.78888e-01
1.27040e+05 3.17000e+02 -7.36054e-01 -6.80249e-01 -7.91860e-01 -8.08204e-01 -7.38676e-01 -8.77732e-01
1.27360e+05 3.18000e+02 -7.33522e-01 -6.73893e-01 -7.93151e-01 -8.07029e-01 -7.37565e-01 -8.76493e-01
1.27680e+05 3.19000e+02 -7.63687e-01 -6.51401e-01 -8.75972e-01 -8.05867e-01 -7.36585e-01 -8.75149e-01
1.28000e+05 3.20000e+02 -8.07934e-01 -7.30049e-01 -8.85818e-01 -8.04710e-01 -7.35738e-01 -8.73683e-01
1.28320e+05 3.20000e+02 -8.07934e-01 -7.30049e-01 -8.85818e-01 -8.03550e-01 -7.35017e-01 -8.72082e-01
1.28640e+05 3.21000e+02 -7.29708e-01 -6.44151e-01 -8.15265e-01 -8.02375e-01 -7.34412e-01 -8.70338e-01
1.28960e+05 3.22000e+02 -7.44906e-01 -6.57225e-01 -8.32587e-01 -8.01175e-01 -7.33907e-01 -8.68442e-01
1.29280e+05 3.23000e+02 -7.93613e-01 -6.74148e-01 -9.13078e-01 -7.99935e-01 -7.33480e-01 -8.66389e-01
1.29600e+05 3.24000e+02 -7.31483e-01 -6.73461e-01 -7.89504e-01 -7.98642e-01 -7.33110e-01 -8.64173e-01
1.29920e+05 3.24000e+02 -7.31483e-01 -6.73461e-01 -7.89504e-01 -7.97282e-01 -7.32767e-01 -8.61796e-01
1.30240e+05 3.25000e+02 -7.68757e-01 -6.81777e-01 -8.55736e-01 -7.95843e-01 -7.32424e-01 -8.59262e-01
1.30560e+05 3.26000e+02 -7.60494e-01 -7.09509e-01 -8.11480e-01 -7.94319e-01 -7.32053e-01 -8.56586e-01
1.30880e+05 3.27000e+02 -7.48728e-01 -6.45339e-01 -8.52117e-01 -7.92707e-01 -7.31625e-01 -8.53789e-01
1.31200e+05 3.28000e+02 -7.19999e-01 -6.41469e-01 -7.98530e-01 -7.91010e-01 -7.31116e-01 -8.50904e-01
1.31520e+05 3.28000e+02 -7.19999e-01 -6.41469e-01 -7.98530e-01 -7.89234e-01 -7.30502e-01 -8.47966e-01
1.31840e+05 3.29000e+02 -7.46066e-01 -6.80992e-01 -8.11139e-01 -7.87394e-01 -7.29767e-01 -8.45022e-01
1.32160e+05 3.30000e+02 -7.38698e-01 -6.76993e-01 -8.00402e-01 -7.85507e-01 -7.28901e-01 -8.42114e-01
1.32480e+05 3.31000e+02 -7.33407e-01 -6.77030e-01 -7.89784e-01 -7.83592e-01 -7.27896e-01 -8.39289e-01
1.32800e+05 3.32000e+02 -7.45892e-01 -6.71274e-01 -8.20510e-01 -7.81671e-01 -7.26755e-01 -8.36588e-01
1.33120e+05 3.32000e+02 -7.45892e-01 -6.71274e-01 -8.20510e-01 -7.79766e-01 -7.25485e-01 -8.34047e-01
1.33440e+05 3.33000e+02 -7.13546e-01 -6.43792e-01 -7.83301e-01 -7.77894e-01 -7.24099e-01 -8.31690e-01
1.33760e+05 3.34000e+02 -7.59098e-01 -7.07103e-01 -8.11092e-01 -7.76074e-01 -7.22614e-01 -8.29533e-01
1.34080e+05 3.35000e+02 -6.86372e-01 -6.47667e-01 -7.25077e-01 -7.74317e-01 -7.21055e-01 -8.27579e-01
1.34400e+05 3.36000e+02 -7.17536e-01 -6.37493e-01 -7.97580e-01 -7.72631e-01 -7.19445e-01 -8.25817e-01
1.34720e+05 3.36000e+02 -7.17536e-01 -6.37493e-01 -7.97580e-01 -7.71019e-01 -7.17811e-01 -8.24227e-01
1.35040e+05 3.37000e+02 -7.06955e-01 -6.50444e-01 -7.63466e-01 -7.69481e-01 -7.16180e-01 -8.22781e-01
1.35360e+05 3.38000e+02 -7.80503e-01 -7.18059e-01 -8.42947e-01 -7.68010e-01 -7.14576e-01 -8.21445e-01
1.35680e+05 3.39000e+02 -7.46349e-01 -6.24943e-01 -8.67755e-01 -7.66600e-01 -7.13017e-01 -8.20182e-01
1.36000e+05 3.40000e+02 -7.43349e-01 -6.33837e-01 -8.52862e-01 -7.65239e-01 -7.11521e-01 -8.18956e-01
1.36320e+05 3.40000e+02 -7.43349e-01 -6.33837e-01 -8.52862e-01 -7.63915e-01 -7.10098e-01 -8.17732e-01
1.36640e+05 3.41000e+02 -6.83909e-01 -6.05488e-01 -7.62329e-01 -7.62617e-01 -7.08752e-01 -8.16481e-01
1.36960e+05 3.42000e+02 -7.38408e-01 -6.43693e-01 -8.33123e-01 -7.61330e-01 -7.07482e-01 -8.15177e-01
1.37280e+05 3.43000e+02 -7.29708e-01 -6.51697e-01 -8.07719e-01 -7.60041e-01 -7.06280e-01 -8.13802e-01
1.37600e+05 3.44000e+02 -6.62407e-01 -6.12618e-01 -7.12196e-01 -7.58741e-01 -7.05137e-01 -8.12346e-01
1.37920e+05 3.44000e+02 -6.62407e-01 -6.12618e-01 -7.12196e-01 -7.57423e-01 -7.04037e-01 -8.10808e-01
1.38240e+05 3.45000e+02 -7.20264e-01 -6.46101e-01 -7.94428e-01 -7.56081e-01 -7.02963e-01 -8.09199e-01
1.38560e+05 3.46000e+02 -7.12783e-01 -6.78419e-01 -7.47148e-01 -7.54716e-01 -7.01898e-01 -8.07533e-01
1.38880e+05 3.47000e+02 -6.69790e-01 -5.87833e-01 -7.51746e-01 -7.53332e-01 -7.00826e-01 -8.05838e-01
1.39200e+05 3.48000e+02 -6.88318e-01 -6.18445e-01 -7.58190e-01 -7.51936e-01 -6.99731e-01 -8.04140e-01
1.39520e+05 3.48000e+02 -6.88318e-01 -6.18445e-01 -7.58190e-01 -7.50535e-01 -6.98602e-01 -8.02468e-01
1.39840e+05 3.49000e+02 -7.07948e-01 -6.22590e-01 -7.93305e-01 -7.49136e-01 -6.97429e-01 -8.00843e-01
1.40160e+05 3.50000e+02 -6.79444e-01 -6.20423e-01 -7.38465e-01 -7.47747e-01 -6.96210e-01 -7.99284e-01
1.40480e+05 3.51000e+02 -7.16151e-01 -6.20432e-01 -8.11870e-01 -7.46370e-01 -6.94943e-01 -7.97797e-01
1.40800e+05 3.52000e+02 -7.09531e-01 -6.17545e-01 -8.01517e-01 -7.45006e-01 -6.93630e-01 -7.96381e-01
1.41120e+05 3.52000e+02 -7.09531e-01 -6.17545e-01 -8.01517e-01 -7.43651e-01 -6.92277e-01 -7.95026e-01
1.41440e+05 3.53000e+02 -7.16006e-01 -6.22983e-01 -8.09029e-01 -7.42300e-01 -6.90887e-01 -7.93713e-01
1.41760e+05 3.54000e+02 -6.61979e-01 -5.69143e-01 -7.54815e-01 -7.40944e-01 -6.89466e-01 -7.92421e-01
1.42080e+05 3.55000e+02 -6.75232e-01 -6.23605e-01 -7.26859e-01 -7.39570e-01 -6.88018e-01 -7.91121e-01
1.42400e+05 3.56000e+02 -7.06486e-01 -6.39608e-01 -7.73364e-01 -7.38168e-01 -6.86549e-01 -7.89787e-01
1.42720e+05 3.56000e+02 -7.06486e-01 -6.39608e-01 -7.73364e-01 -7.36727e-01 -6.85064e-01 -7.88391e-01
1.43040e+05 3.57000e+02 -6.57395e-01 -5.82720e-01 -7.32069e-01 -7.35240e-01 -6.83572e-01 -7.86908e-01
1.43360e+05 3.58000e+02 -6.80626e-01 -6.31092e-01 -7.30159e-01 -7.33700e-01 -6.82079e-01 -7.85321e-01
1.43680e+05 3.59000e+02 -7.08364e-01 -6.48079e-01 -7.68649e-01 -7.32107e-01 -6.80596e-01 -7.83619e-01
1.44000e+05 3.60000e+02 -7.21184e-01 -6.87062e-01 -7.55305e-01 -7.30464e-01 -6.79127e-01 -7.81801e-01
1.44320e+05 3.60000e+02 -7.21184e-01 -6.87062e-01 -7.55305e-01 -7.28775e-01 -6.77677e-01 -7.79873e-01
1.44640e+05 3.61000e+02 -7.10547e-01 -6.43310e-01 -7.77784e-01 -7.27048e-01 -6.76245e-01 -7.77851e-01
1.44960e+05 3.62000e+02 -6.49576e-01 -6.04533e-01 -6.94619e-01 -7.25293e-01 -6.74828e-01 -7.75757e-01
1.45280e+05 3.63000e+02 -6.64604e-01 -6.45500e-01 -6.83709e-01 -7.23517e-01 -6.73417e-01 -7.73617e-01
1.45600e+05 3.64000e+02 -6.28749e-01 -5.77445e-01 -6.80053e-01 -7.21730e-01 -6.72005e-01 -7.71455e-01
1.45920e+05 3.64000e+02 -6.28749e-01 -5.77445e-01 -6.80053e-01 -7.19939e-01 -6.70581e-01 -7.69297e-01
1.46240e+05 3.65000e+02 -6.61809e-01 -6.04121e-01 -7.19497e-01 -7.18154e-01 -6.69142e-01 -7.67166e-01
1.46560e+05 3.66000e+02 -6.25860e-01 -5.62787e-01 -6.88933e-01 -7.16382e-01 -6.67687e-01 -7.65077e-01
1.46880e+05 3.67000e+02 -6.69987e-01 -6.36663e-01 -7.03312e-01 -7.14632e-01 -6.66223e-01 -7.63041e-01
1.47200e+05 3.68000e+02 -6.80316e-01 -6.20170e-01 -7.40463e-01 -7.12914e-01 -6.64764e-01 -7.61063e-01
1.47520e+05 3.68000e+02 -6.80316e-01 -6.20170e-01 -7.40463e-01 -7.11234e-01 -6.63327e-01 -7.59141e-01
1.47840e+05 3.69000e+02 -6.30290e-01 -5.88718e-01 -6.71862e-01 -7.09600e-01 -6.61932e-01 -7.57268e-01
1.48160e+05 3.70000e+02 -6.81133e-01 -6.23982e-01 -7.38284e-01 -7.08011e-01 -6.60594e-01 -7.55429e-01
1.48480e+05 3.71000e+02 -6.96043e-01 -6.46463e-01 -7.45623e-01 -7.06467e-01 -6.59327e-01 -7.53608e-01
1.48800e+05 3.72000e+02 -6.67608e-01 -6.35976e-01 -6.99240e-01 -7.04959e-01 -6.58135e-01 -7.51784e-01
1.49120e+05 3.72000e+02 -6.67608e-01 -6.35976e-01 -6.99240e-01 -7.03477e-01 -6.57015e-01 -7.49939e-01
1.49440e+05 3.73000e+02 -6.10718e-01 -5.47392e-01 -6.74043e-01 -7.02006e-01 -6.55957e-01 -7.48054e-01
1.49760e+05 3.74000e+02 -6.78683e-01 -6.15102e-01 -7.42264e-01 -7.00529e-01 -6.54945e-01 -7.46113e-01
1.50080e+05 3.75000e+02 -6.86200e-01 -6.13446e-01 -7.58953e-01 -6.99031e-01 -6.53957e-01 -7.44105e-01
1.50400e+05 3.76000e+02 -6.58250e-01 -6.20372e-01 -6.96128e-01 -6.97499e-01 -6.52976e-01 -7.42022e-01
1.50720e+05 3.76000e+02 -6.58250e-01 -6.20372e-01 -6.96128e-01 -6.95924e-01 -6.51982e-01 -7.39866e-01
1.51040e+05 3.77000e+02 -6.52557e-01 -6.08211e-01 -6.96903e-01 -6.94301e-01 -6.50964e-01 -7.37639e-01
1.51360e+05 3.78000e+02 -6.65641e-01 -6.08202e-01 -7.23081e-01 -6.92633e-01 -6.49915e-01 -7.35352e-01
1.51680e+05 3.79000e+02 -6.37870e-01 -5.69119e-01 -7.06622e-01 -6.90925e-01 -6.48832e-01 -7.33019e-01
1.52000e+05 3.80000e+02 -6.40107e-01 -5.64819e-01 -7.15395e-01 -6.89188e-01 -6.47716e-01 -7.30660e-01
1.52320e+05 3.80000e+02 -6.40107e-01 -5.64819e-01 -7.15395e-01 -6.87435e-01 -6.46574e-01 -7.28295e-01
1.52640e+05 3.81000e+02 -6.52383e-01 -6.07532e-01 -6.97233e-01 -6.85681e-01 -6.45412e-01 -7.25950e-01
1.52960e+05 3.82000e+02 -6.57288e-01 -6.24233e-01 -6.90343e-01 -6.83944e-01 -6.44237e-01 -7.23651e-01
1.53280e+05 3.83000e+02 -6.49896e-01 -6.05019e-01 -6.94774e-01 -6.82239e-01 -6.43059e-01 -7.21419e-01
1.53600e+05 3.84000e+02 -6.51996e-01 -5.84689e-01 -7.19302e-01 -6.80582e-01 -6.41885e-01 -7.19278e-01
1.53920e+05 3.84000e+02 -6.51996e-01 -5.84689e-01 -7.19302e-01 -6.78984e-01 -6.40725e-01 -7.17243e-01
1.54240e+05 3.85000e+02 -6.74267e-01 -6.24429e-01 -7.24104e-01 -6.77455e-01 -6.39585e-01 -7.15326e-01
1.54560e+05 3.86000e+02 -6.12901e-01 -5.54563e-01 -6.71239e-01 -6.76001e-01 -6.38470e-01 -7.13532e-01
1.54880e+05 3.87000e+02 -6.65076e-01 -6.08405e-01 -7.21746e-01 -6.74624e-01 -6.37386e-01 -7.11862e-01
1.55200e+05 3.88000e+02 -6.12427e-01 -5.83563e-01 -6.41291e-01 -6.73323e-01 -6.36335e-01 -7.10310e-01
1.55520e+05 3.88000e+02 -6.12427e-01 -5.83563e-01 -6.41291e-01 -6.72092e-01 -6.35319e-01 -7.08865e-01
1.55840e+05 3.89000e+02 -6.60676e-01 -5.98389e-01 -7.22963e-01 -6.70927e-01 -6.34338e-01 -7.07515e-01
1.56160e+05 3.90000e+02 -6.39058e-01 -5.93676e-01 -6.84440e-01 -6.69820e-01 -6.33395e-01 -7.06245e-01
1.56480e+05 3.91000e+02 -6.76644e-01 -5.66628e-01 -7.86660e-01 -6.68764e-01 -6.32488e-01 -7.05039e-01
1.56800e+05 3.92000e+02 -6.91187e-01 -6.38181e-01 -7.44194e-01 -6.67750e-01 -6.31620e-01 -7.03881e-01
1.57120e+05 3.92000e+02 -6.91187e-01 -6.38181e-01 -7.44194e-01 -6.66774e-01 -6.30791e-01 -7.02758e-01
1.57440e+05 3.93000e+02 -6.64189e-01 -6.20269e-01 -7.08109e-01 -6.65829e-01 -6.30003e-01 -7.01654e-01
1.57760e+05 3.94000e+02 -6.45091e-01 -5.63648e-01 -7.26534e-01 -6.64907e-01 -6.29257e-01 -7.00557e-01
1.58080e+05 3.95000e+02 -6.32456e-01 -5.62171e-01 -7.02741e-01 -6.64005e-01 -6.28553e-01 -6.99456e-01
1.58400e+05 3.96000e+02 -6.69651e-01 -6.32075e-01 -7.07227e-01 -6.63118e-01 -6.27890e-01 -6.98345e-01
1.58720e+05 3.96000e+02 -6.69651e-01 -6.32075e-01 -7.07227e-01 -6.62242e-01 -6.27265e-01 -6.97219e-01
1.59040e+05 3.97000e+02 -6.69280e-01 -5.58016e-01 -7.80545e-01 -6.61379e-01 -6.26676e-01 -6.96083e-01
1.59360e+05 3.98000e+02 -6.44150e-01 -5.67064e-01 -7.21237e-01 -6.60531e-01 -6.26116e-01 -6.94947e-01
1.59680e+05 3.99000e+02 -6.72926e-01 -5.85679e-01 -7.60173e-01 -6.59704e-01 -6.25580e-01 -6.93828e-01
1.60000e+05 4.00000e+02 -6.29455e-01 -5.94270e-01 -6.64641e-01 -6.58905e-01 -6.25062e-01 -6.92748e-01
1.60320e+05 4.00000e+02 -6.29455e-01 -5.94270e-01 -6.64641e-01 -6.58144e-01 -6.24554e-01 -6.91734e-01
1.60640e+05 4.01000e+02 -6.28395e-01 -5.89223e-01 -6.67567e-01 -6.57433e-01 -6.24051e-01 -6.90814e-01
1.60960e+05 4.02000e+02 -6.24292e-01 -5.86821e-01 -6.61762e-01 -6.56780e-01 -6.23547e-01 -6.90012e-01
1.61280e+05 4.03000e+02 -6.61729e-01 -6.17491e-01 -7.05967e-01 -6.56194e-01 -6.23033e-01 -6.89354e-01
1.61600e+05 4.04000e+02 -6.09983e-01 -5.75671e-01 -6.44296e-01 -6.55682e-01 -6.22505e-01 -6.88860e-01
1.61920e+05 4.04000e+02 -6.09983e-01 -5.75671e-01 -6.44296e-01 -6.55249e-01 -6.21956e-01 -6.88542e-01
1.62240e+05 4.05000e+02 -6.44813e-01 -5.78229e-01 -7.11398e-01 -6.54895e-01 -6.21383e-01 -6.88407e-01
1.62560e+05 4.06000e+02 -6.77110e-01 -5.93365e-01 -7.60856e-01 -6.54617e-01 -6.20783e-01 -6.88452e-01
1.62880e+05 4.07000e+02 -6.47683e-01 -5.81877e-01 -7.13489e-01 -6.54410e-01 -6.20159e-01 -6.88661e-01
1.63200e+05 4.08000e+02 -6.08021e-01 -5.40685e-01 -6.75358e-01 -6.54264e-01 -6.19518e-01 -6.89010e-01
1.63520e+05 4.08000e+02 -6.08021e-01 -5.40685e-01 -6.75358e-01 -6.54165e-01 -6.18867e-01 -6.89464e-01
1.63840e+05 4.09000e+02 -6.21589e-01 -5.97491e-01 -6.45686e-01 -6.54098e-01 -6.18217e-01 -6.89980e-01
1.64160e+05 4.10000e+02 -6.28165e-01 -6.11268e-01 -6.45063e-01 -6.54046e-01 -6.17579e-01 -6.90513e-01
1.64480e+05 4.11000e+02 -6.06193e-01 -5.49996e-01 -6.62390e-01 -6.53990e-01 -6.16965e-01 -6.91015e-01
1.64800e+05 4.12000e+02 -6.12769e-01 -6.00341e-01 -6.25197e-01 -6.53914e-01 -6.16384e-01 -6.91443e-01
1.65120e+05 4.12000e+02 -6.12769e-01 -6.00341e-01 -6.25197e-01 -6.53804e-01 -6.15843e-01 -6.91764e-01
1.65440e+05 4.13000e+02 -6.40766e-01 -5.69175e-01 -7.12357e-01 -6.53647e-01 -6.15344e-01 -6.91950e-01
1.65760e+05 4.14000e+02 -6.29826e-01 -5.28087e-01 -7.31566e-01 -6.53436e-01 -6.14887e-01 -6.91985e-01
1.66080e+05 4.15000e+02 -6.34331e-01 -6.23640e-01 -6.45022e-01 -6.53164e-01 -6.14470e-01 -6.91859e-01
1.66400e+05 4.16000e+02 -6.44754e-01 -5.60643e-01 -7.28865e-01 -6.52827e-01 -6.14084e-01 -6.91571e-01
1.66720e+05 4.16000e+02 -6.44754e-01 -5.60643e-01 -7.28865e-01 -6.52423e-01 -6.13720e-01 -6.91125e-01
1.67040e+05 4.17000e+02 -6.23084e-01 -6.01082e-01 -6.45086e-01 -6.51948e-01 -6.13368e-01 -6.90527e-01
1.67360e+05 4.18000e+02 -6.42762e-01 -5.78915e-01 -7.06609e-01 -6.51401e-01 -6.13016e-01 -6.89786e-01
1.67680e+05 4.19000e+02 -6.35074e-01 -5.75756e-01 -6.94393e-01 -6.50780e-01 -6.12650e-01 -6.88911e-01
1.68000e+05 4.20000e+02 -6.59777e-01 -5.91741e-01 -7.27813e-01 -6.50086e-01 -6.12259e-01 -6.87912e-01
1.68320e+05 4.20000e+02 -6.59777e-01 -5.91741e-01 -7.27813e-01 -6.49318e-01 -6.11833e-01 -6.86804e-01
1.68640e+05 4.21000e+02 -6.27043e-01 -5.84833e-01 -6.69252e-01 -6.48481e-01 -6.11363e-01 -6.85599e-01
1.68960e+05 4.22000e+02 -5.88368e-01 -5.57189e-01 -6.19546e-01 -6.47580e-01 -6.10847e-01 -6.84314e-01
1.69280e+05 4.23000e+02 -6.51050e-01 -6.18490e-01 -6.83610e-01 -6.46624e-01 -6.10284e-01 -6.82965e-01
1.69600e+05 4.24000e+02 -6.01017e-01 -5.60055e-01 -6.41980e-01 -6.45625e-01 -6.09678e-01 -6.81572e-01
1.69920e+05 4.24000e+02 -6.01017e-01 -5.60055e-01 -6.41980e-01 -6.44596e-01 -6.09037e-01 -6.80156e-01
1.70240e+05 4.25000e+02 -6.22872e-01 -5.62940e-01 -6.82804e-01 -6.43554e-01 -6.08372e-01 -6.78736e-01
1.70560e+05 4.26000e+02 -6.49057e-01 -5.96298e-01 -7.01816e-01 -6.42516e-01 -6.07694e-01 -6.77339e-01
1.70880e+05 4.27000e+02 -6.10344e-01 -5.55732e-01 -6.64955e-01 -6.41499e-01 -6.07014e-01 -6.75984e-01
1.71200e+05 4.28000e+02 -6.01926e-01 -5.61558e-01 -6.42295e-01 -6.40518e-01 -6.06342e-01 -6.74694e-01
1.71520e+05 4.28000e+02 -6.01926e-01 -5.61558e-01 -6.42295e-01 -6.39585e-01 -6.05683e-01 -6.73487e-01
1.71840e+05 4.29000e+02 -6.42949e-01 -6.00645e-01 -6.85253e-01 -6.38712e-01 -6.05043e-01 -6.72380e-01
1.72160e+05 4.30000e+02 -6.02614e-01 -5.53326e-01 -6.51902e-01 -6.37902e-01 -6.04425e-01 -6.71379e-01
1.72480e+05 4.31000e+02 -6.12024e-01 -5.60645e-01 -6.63402e-01 -6.37158e-01 -6.03826e-01 -6.70489e-01
1.72800e+05 4.32000e+02 -6.28683e-01 -6.17289e-01 -6.40077e-01 -6.36476e-01 -6.03248e-01 -6.69705e-01
1.73120e+05 4.32000e+02 -6.28683e-01 -6.17289e-01 -6.40077e-01 -6.35853e-01 -6.02687e-01 -6.69018e-01
1.73440e+05 4.33000e+02 -6.09299e-01 -5.52020e-01 -6.66578e-01 -6.35279e-01 -6.02142e-01 -6.68416e-01
1.73760e+05 4.34000e+02 -5.78806e-01 -5.45105e-01 -6.12508e-01 -6.34747e-01 -6.01610e-01 -6.67883e-01
1.74080e+05 4.35000e+02 -5.89260e-01 -5.52867e-01 -6.25653e-01 -6.34244e-01 -6.01088e-01 -6.67401e-01
1.74400e+05 4.36000e+02 -5.77362e-01 -5.19256e-01 -6.35469e-01 -6.33763e-01 -6.00573e-01 -6.66952e-01
1.74720e+05 4.36000e+02 -5.77362e-01 -5.19256e-01 -6.35469e-01 -6.33291e-01 -6.00060e-01 -6.66522e-01
1.75040e+05 4.37000e+02 -6.09728e-01 -5.65205e-01 -6.54250e-01 -6.32821e-01 -5.99548e-01 -6.66093e-01
1.75360e+05 4.38000e+02 -6.47554e-01 -5.57088e-01 -7.38020e-01 -6.32343e-01 -5.99033e-01 -6.65653e-01
1.75680e+05 4.39000e+02 -6.19097e-01 -5.44082e-01 -6.94113e-01 -6.31851e-01 -5.98514e-01 -6.65188e-01
1.76000e+05 4.40000e+02 -5.98473e-01 -5.74823e-01 -6.22123e-01 -6.31337e-01 -5.97990e-01 -6.64683e-01
1.76320e+05 4.40000e+02 -5.98473e-01 -5.74823e-01 -6.22123e-01 -6.30793e-01 -5.97460e-01 -6.64126e-01
1.76640e+05 4.41000e+02 -6.09464e-01 -5.71441e-01 -6.47488e-01 -6.30212e-01 -5.96924e-01 -6.63499e-01
1.76960e+05 4.42000e+02 -5.83766e-01 -5.46784e-01 -6.20748e-01 -6.29586e-01 -5.96382e-01 -6.62790e-01
1.77280e+05 4.43000e+02 -5.80801e-01 -5.27301e-01 -6.34302e-01 -6.28908e-01 -5.95832e-01 -6.61984e-01
1.77600e+05 4.44000e+02 -6.05671e-01 -5.65828e-01 -6.45513e-01 -6.28172e-01 -5.95270e-01 -6.61075e-01
1.77920e+05 4.44000e+02 -6.05671e-01 -5.65828e-01 -6.45513e-01 -6.27375e-01 -5.94691e-01 -6.60059e-01
1.78240e+05 4.45000e+02 -6.16654e-01 -5.60003e-01 -6.73305e-01 -6.26517e-01 -5.94091e-01 -6.58943e-01
1.78560e+05 4.46000e+02 -6.03285e-01 -5.55425e-01 -6.51146e-01 -6.25601e-01 -5.93464e-01 -6.57739e-01
1.78880e+05 4.47000e+02 -5.89408e-01 -5.64357e-01 -6.14459e-01 -6.24634e-01 -5.92805e-01 -6.56464e-01
1.79200e+05 4.48000e+02 -6.07804e-01 -5.61879e-01 -6.53729e-01 -6.23626e-01 -5.92113e-01 -6.55140e-01
1.79520e+05 4.48000e+02 -6.07804e-01 -5.61879e-01 -6.53729e-01 -6.22586e-01 -5.91384e-01 -6.53788e-01
1.79840e+05 4.49000e+02 -5.92079e-01 -5.48655e-01 -6.35504e-01 -6.21526e-01 -5.90619e-01 -6.52432e-01
1.80160e+05 4.50000e+02 -5.62268e-01 -5.45943e-01 -5.78593e-01 -6.20454e-01 -5.89819e-01 -6.51090e-01
1.80480e+05 4.51000e+02 -5.92387e-01 -5.46362e-01 -6.38411e-01 -6.19382e-01 -5.88987e-01 -6.49777e-01
1.80800e+05 4.52000e+02 -6.21414e-01 -5.75048e-01 -6.67779e-01 -6.18317e-01 -5.88128e-01 -6.48505e-01
1.81120e+05 4.52000e+02 -6.21414e-01 -5.75048e-01 -6.67779e-01 -6.17265e-01 -5.87248e-01 -6.47281e-01
1.81440e+05 4.53000e+02 -5.97813e-01 -5.59541e-01 -6.36085e-01 -6.16231e-01 -5.86354e-01 -6.46109e-01
1.81760e+05 4.54000e+02 -5.64568e-01 -5.18157e-01 -6.10980e-01 -6.15221e-01 -5.85456e-01 -6.44986e-01
1.82080e+05 4.55000e+02 -5.89011e-01 -5.40888e-01 -6.37133e-01 -6.14236e-01 -5.84563e-01 -6.43909e-01
1.82400e+05 4.56000e+02 -5.77123e-01 -5.30625e-01 -6.23621e-01 -6.13278e-01 -5.83686e-01 -6.42869e-01
1.82720e+05 4.56000e+02 -5.77123e-01 -5.30625e-01 -6.23621e-01 -6.12346e-01 -5.82835e-01 -6.41857e-01
1.83040e+05 4.57000e+02 -5.75370e-01 -5.44216e-01 -6.06524e-01 -6.11439e-01 -5.82019e-01 -6.40860e-01
1.83360e+05 4.58000e+02 -5.95479e-01 -5.46166e-01 -6.44791e-01 -6.10555e-01 -5.81250e-01 -6.39861e-01
1.83680e+05 4.59000e+02 -5.90350e-01 -5.58146e-01 -6.22555e-01 -6.09691e-01 -5.80537e-01 -6.38845e-01
1.84000e+05 4.60000e+02 -5.83977e-01 -5.24917e-01 -6.43037e-01 -6.08843e-01 -5.79891e-01 -6.37795e-01
1.84320e+05 4.60000e+02 -5.83977e-01 -5.24917e-01 -6.43037e-01 -6.08009e-01 -5.79322e-01 -6.36696e-01
1.84640e+05 4.61000e+02 -6.02778e-01 -5.38666e-01 -6.66889e-01 -6.07184e-01 -5.78838e-01 -6.35531e-01
1.84960e+05 4.62000e+02 -5.59891e-01 -5.13569e-01 -6.06214e-01 -6.06366e-01 -5.78443e-01 -6.34289e-01
1.85280e+05 4.63000e+02 -5.96501e-01 -5.23373e-01 -6.69629e-01 -6.05550e-01 -5.78142e-01 -6.32958e-01
1.85600e+05 4.64000e+02 -5.82350e-01 -5.26200e-01 -6.38499e-01 -6.04733e-01 -5.77932e-01 -6.31534e-01
1.85920e+05 4.64000e+02 -5.82350e-01 -5.26200e-01 -6.38499e-01 -6.03911e-01 -5.77809e-01 -6.30013e-01
1.86240e+05 4.65000e+02 -6.12059e-01 -5.41436e-01 -6.82683e-01 -6.03083e-01 -5.77763e-01 -6.28403e-01
1.86560e+05 4.66000e+02 -5.93030e-01 -5.65464e-01 -6.20596e-01 -6.02247e-01 -5.77779e-01 -6.26714e-01
1.86880e+05 4.67000e+02 -6.07244e-01 -5.67628e-01 -6.46861e-01 -6.01402e-01 -5.77839e-01 -6.24965e-01
1.87200e+05 4.68000e+02 -5.85607e-01 -5.25474e-01 -6.45739e-01 -6.00551e-01 -5.77922e-01 -6.23181e-01
1.87520e+05 4.68000e+02 -5.85607e-01 -5.25474e-01 -6.45739e-01 -5.99697e-01 -5.78004e-01 -6.21390e-01
1.87840e+05 4.69000e+02 -5.77312e-01 -5.55550e-01 -5.99075e-01 -5.98843e-01 -5.78059e-01 -6.19627e-01
1.88160e+05 4.70000e+02 -5.70478e-01 -5.56862e-01 -5.84094e-01 -5.97995e-01 -5.78063e-01 -6.17926e-01
1.88480e+05 4.71000e+02 -5.68080e-01 -5.19124e-01 -6.17036e-01 -5.97158e-01 -5.77993e-01 -6.16322e-01
1.88800e+05 4.72000e+02 -5.71750e-01 -5.35801e-01 -6.07698e-01 -5.96340e-01 -5.77832e-01 -6.14848e-01
1.89120e+05 4.72000e+02 -5.71750e-01 -5.35801e-01 -6.07698e-01 -5.95549e-01 -5.77568e-01 -6.13530e-01
1.89440e+05 4.73000e+02 -5.47408e-01 -4.95572e-01 -5.99244e-01 -5.94794e-01 -5.77194e-01 -6.12393e-01
1.89760e+05 4.74000e+02 -5.75800e-01 -5.35365e-01 -6.16234e-01 -5.94083e-01 -5.76713e-01 -6.11452e-01
1.90080e+05 4.75000e+02 -5.67470e-01 -5.24862e-01 -6.10078e-01 -5.93423e-01 -5.76132e-01 -6.10714e-01
1.90400e+05 4.76000e+02 -5.93268e-01 -5.64699e-01 -6.21836e-01 -5.92820e-01 -5.75464e-01 -6.10177e-01
1.90720e+05 4.76000e+02 -5.93268e-01 -5.64699e-01 -6.21836e-01 -5.92276e-01 -5.74722e-01 -6.09830e-01
1.91040e+05 4.77000e+02 -6.08765e-01 -5.56570e-01 -6.60960e-01 -5.91790e-01 -5.73925e-01 -6.09655e-01
1.91360e+05 4.78000e+02 -5.41611e-01 -4.94865e-01 -5.88357e-01 -5.91355e-01 -5.73088e-01 -6.09623e-01
1.91680e+05 4.79000e+02 -6.10953e-01 -5.60100e-01 -6.61805e-01 -5.90963e-01 -5.72225e-01 -6.09701e-01
1.92000e+05 4.80000e+02 -5.94560e-01 -5.61713e-01 -6.27408e-01 -5.90601e-01 -5.71347e-01 -6.09855e-01
1.92320e+05 4.80000e+02 -5.94560e-01 -5.61713e-01 -6.27408e-01 -5.90253e-01 -5.70458e-01 -6.10048e-01
1.92640e+05 4.81000e+02 -5.82994e-01 -5.63312e-01 -6.02677e-01 -5.89903e-01 -5.69561e-01 -6.10246e-01
1.92960e+05 4.82000e+02 -5.72112e-01 -5.39688e-01 -6.04537e-01 -5.89538e-01 -5.68653e-01 -6.10424e-01
1.93280e+05 4.83000e+02 -5.71191e-01 -5.48962e-01 -5.93421e-01 -5.89145e-01 -5.67732e-01 -6.10559e-01
1.93600e+05 4.84000e+02 -5.33124e-01 -5.04189e-01 -5.62058e-01 -5.88716e-01 -5.66794e-01 -6.10637e-01
1.93920e+05 4.84000e+02 -5.33124e-01 -5.04189e-01 -5.62058e-01 -5.88246e-01 -5.65841e-01 -6.10650e-01
1.94240e+05 4.85000e+02 -5.83759e-01 -5.24298e-01 -6.43220e-01 -5.87736e-01 -5.64879e-01 -6.10593e-01
1.94560e+05 4.86000e+02 -6.19283e-01 -5.96214e-01 -6.42353e-01 -5.87192e-01 -5.63917e-01 -6.10466e-01
1.94880e+05 4.87000e+02 -5.59248e-01 -4.93628e-01 -6.24869e-01 -5.86622e-01 -5.62974e-01 -6.10270e-01
1.95200e+05 4.88000e+02 -5.72401e-01 -4.85074e-01 -6.59727e-01 -5.86038e-01 -5.62071e-01 -6.10005e-01
1.95520e+05 4.88000e+02 -5.72401e-01 -4.85074e-01 -6.59727e-01 -5.85452e-01 -5.61231e-01 -6.09674e-01
1.95840e+05 4.89000e+02 -6.30916e-01 -6.05526e-01 -6.56306e-01 -5.84877e-01 -5.60479e-01 -6.09275e-01
1.96160e+05 4.90000e+02 -5.67703e-01 -5.15755e-01 -6.19650e-01 -5.84321e-01 -5.59833e-01 -6.08809e-01
1.96480e+05 4.91000e+02 -5.83263e-01 -5.31380e-01 -6.35146e-01 -5.83791e-01 -5.59305e-01 -6.08276e-01
1.96800e+05 4.92000e+02 -5.44693e-01 -5.09427e-01 -5.79960e-01 -5.83291e-01 -5.58901e-01 -6.07681e-01
1.97120e+05 4.92000e+02 -5.44693e-01 -5.09427e-01 -5.79960e-01 -5.82824e-01 -5.58618e-01 -6.07030e-01
1.97440e+05 4.93000e+02 -5.79074e-01 -5.63441e-01 -5.94707e-01 -5.82391e-01 -5.58445e-01 -6.06337e-01
1.97760e+05 4.94000e+02 -5.64062e-01 -5.10517e-01 -6.17608e-01 -5.81990e-01 -5.58362e-01 -6.05618e-01
1.98080e+05 4.95000e+02 -5.89248e-01 -5.47541e-01 -6.30954e-01 -5.81621e-01 -5.58348e-01 -6.04894e-01
1.98400e+05 4.96000e+02 -5.39123e-01 -5.02994e-01 -5.75251e-01 -5.81285e-01 -5.58380e-01 -6.04189e-01
1.98720e+05 4.96000e+02 -5.39123e-01 -5.02994e-01 -5.75251e-01 -5.80982e-01 -5.58437e-01 -6.03526e-01
1.99040e+05 4.97000e+02 -5.82685e-01 -5.47936e-01 -6.17434e-01 -5.80713e-01 -5.58501e-01 -6.02925e-01
1.99360e+05 4.98000e+02 -5.65748e-01 -5.35493e-01 -5.96003e-01 -5.80480e-01 -5.58559e-01 -6.02401e-01
1.99680e+05 4.99000e+02 -5.90279e-01 -5.42096e-01 -6.38462e-01 -5.80280e-01 -5.58603e-01 -6.01957e-01
