0.00000e+00 0.00000e+00 -2.19288e+02 -2.17497e+02 -2.21080e+02 -2.19288e+02 -2.17497e+02 -2.21080e+02
6.40000e+02 6.00000e+00 -2.19682e+02 -2.16967e+02 -2.22397e+02 -2.19288e+02 -2.17497e+02 -2.21080e+02
1.28000e+03 1.20000e+01 -2.17573e+02 -2.16529e+02 -2.18617e+02 -2.19288e+02 -2.17497e+02 -2.21080e+02
1.92000e+03 1.90000e+01 -2.17481e+02 -2.17281e+02 -2.17680e+02 -2.19288e+02 -2.17497e+02 -2.21080e+02
2.56000e+03 2.50000e+01 -2.18698e+02 -2.16375e+02 -2.21021e+02 -2.19289e+02 -2.17498e+02 -2.21080e+02
3.20000e+03 3.20000e+01 -2.16130e+02 -2.15087e+02 -2.17174e+02 -2.19288e+02 -2.17500e+02 -2.21077e+02
3.84000e+03 3.80000e+01 -2.14666e+02 -2.13796e+02 -2.15536e+02 -2.19287e+02 -2.17507e+02 -2.21067e+02
4.48000e+03 4.40000e+01 -2.17851e+02 -2.17668e+02 -2.18035e+02 -2.19282e+02 -2.17521e+02 -2.21043e+02
5.12000e+03 5.10000e+01 -2.14196e+02 -2.12764e+02 -2.15628e+02 -2.19267e+02 -2.17543e+02 -2.20992e+02
5.76000e+03 5.70000e+01 -2.16378e+02 -2.14251e+02 -2.18505e+02 -2.19235e+02 -2.17569e+02 -2.20901e+02
6.40000e+03 6.40000e+01 -2.13147e+02 -2.11939e+02 -2.14354e+02 -2.19175e+02 -2.17592e+02 -2.20759e+02
7.04000e+03 7.00000e+01 -2.12808e+02 -2.10885e+02 -2.14730e+02 -2.19081e+02 -2.17604e+02 -2.20558e+02
7.68000e+03 7.60000e+01 -2.14161e+02 -2.13634e+02 -2.14689e+02 -2.18947e+02 -2.17595e+02 -2.20298e+02
8.32000e+03 8.30000e+01 -2.13673e+02 -2.13174e+02 -2.14172e+02 -2.18769e+02 -2.17556e+02 -2.19981e+02
8.96000e+03 8.90000e+01 -2.10690e+02 -2.10497e+02 -2.10884e+02 -2.18550e+02 -2.17483e+02 -2.19618e+02
9.60000e+03 9.60000e+01 -2.11606e+02 -2.10776e+02 -2.12435e+02 -2.18293e+02 -2.17370e+02 -2.19215e+02
1.02400e+04 1.02000e+02 -2.10812e+02 -2.10366e+02 -2.11257e+02 -2.17998e+02 -2.17215e+02 -2.18781e+02
1.08800e+04 1.08000e+02 -2.09257e+02 -2.08262e+02 -2.10251e+02 -2.17668e+02 -2.17016e+02 -2.18320e+02
1.15200e+04 1.15000e+02 -2.07643e+02 -2.06985e+02 -2.08301e+02 -2.17304e+02 -2.16772e+02 -2.17837e+02
1.21600e+04 1.21000e+02 -2.10115e+02 -2.09534e+02 -2.10697e+02 -2.16909e+02 -2.16485e+02 -2.17333e+02
1.28000e+04 1.28000e+02 -2.06971e+02 -2.03782e+02 -2.10161e+02 -2.16483e+02 -2.16157e+02 -2.16810e+02
1.34400e+04 1.34000e+02 -2.07716e+02 -2.07538e+02 -2.07894e+02 -2.16029e+02 -2.15788e+02 -2.16269e+02
1.40800e+04 1.40000e+02 -2.02416e+02 -1.97895e+02 -2.06938e+02 -2.15548e+02 -2.15383e+02 -2.15712e+02
1.47200e+04 1.47000e+02 -2.05415e+02 -2.05074e+02 -2.05755e+02 -2.15041e+02 -2.14944e+02 -2.15137e+02
1.53600e+04 1.53000e+02 -2.03626e+02 -2.00594e+02 -2.06659e+02 -2.14512e+02 -2.14476e+02 -2.14547e+02
1.60000e+04 1.60000e+02 -2.02368e+02 -1.99933e+02 -2.04802e+02 -2.13963e+02 -2.13940e+02 -2.13986e+02
1.66400e+04 1.66000e+02 -2.00442e+02 -1.94945e+02 -2.05940e+02 -2.13398e+02 -2.13316e+02 -2.13480e+02
1.72800e+04 1.72000e+02 -2.01082e+02 -1.98831e+02 -2.03333e+02 -2.12820e+02 -2.12671e+02 -2.12968e+02
1.79200e+04 1.79000e+02 -1.97023e+02 -1.94927e+02 -1.99119e+02 -2.12228e+02 -2.11999e+02 -2.12457e+02
1.85600e+04 1.85000e+02 -1.99139e+02 -1.97590e+02 -2.00689e+02 -2.11620e+02 -2.11290e+02 -2.11951e+02
1.92000e+04 1.92000e+02 -1.93181e+02 -1.89393e+02 -1.96970e+02 -2.10993e+02 -2.10533e+02 -2.11454e+02
1.98400e+04 1.98000e+02 -1.95834e+02 -1.92946e+02 -1.98722e+02 -2.10339e+02 -2.09716e+02 -2.10961e+02
2.04800e+04 2.04000e+02 -1.91213e+02 -1.88668e+02 -1.93757e+02 -2.09649e+02 -2.08832e+02 -2.10466e+02
2.11200e+04 2.11000e+02 -1.89722e+02 -1.86088e+02 -1.93357e+02 -2.08915e+02 -2.07876e+02 -2.09953e+02
2.17600e+04 2.17000e+02 -1.89577e+02 -1.84938e+02 -1.94217e+02 -2.08128e+02 -2.06847e+02 -2.09409e+02
2.24000e+04 2.24000e+02 -1.90022e+02 -1.83642e+02 -1.96402e+02 -2.07279e+02 -2.05746e+02 -2.08813e+02
2.30400e+04 2.30000e+02 -1.85532e+02 -1.81370e+02 -1.89694e+02 -2.06365e+02 -2.04578e+02 -2.08152e+02
2.36800e+04 2.36000e+02 -1.87610e+02 -1.83879e+02 -1.91341e+02 -2.05382e+02 -2.03351e+02 -2.07414e+02
2.43200e+04 2.43000e+02 -1.83261e+02 -1.75821e+02 -1.90701e+02 -2.04332e+02 -2.02072e+02 -2.06592e+02
2.49600e+04 2.49000e+02 -1.81719e+02 -1.78459e+02 -1.84980e+02 -2.03220e+02 -2.00751e+02 -2.05689e+02
2.56000e+04 2.56000e+02 -1.79781e+02 -1.74430e+02 -1.85132e+02 -2.02053e+02 -1.99396e+02 -2.04711e+02
2.62400e+04 2.62000e+02 -1.79273e+02 -1.73770e+02 -1.84776e+02 -2.00839e+02 -1.98013e+02 -2.03666e+02
2.68800e+04 2.68000e+02 -1.77794e+02 -1.73780e+02 -1.81809e+02 -1.99584e+02 -1.96604e+02 -2.02565e+02
2.75200e+04 2.75000e+02 -1.77538e+02 -1.71244e+02 -1.83832e+02 -1.98294e+02 -1.95170e+02 -2.01419e+02
2.81600e+04 2.81000e+02 -1.74506e+02 -1.67487e+02 -1.81525e+02 -1.96971e+02 -1.93705e+02 -2.00238e+02
2.88000e+04 2.88000e+02 -1.73847e+02 -1.67493e+02 -1.80202e+02 -1.95618e+02 -1.92207e+02 -1.99028e+02
2.94400e+04 2.94000e+02 -1.72013e+02 -1.64727e+02 -1.79299e+02 -1.94234e+02 -1.90671e+02 -1.97797e+02
3.00800e+04 3.00000e+02 -1.69694e+02 -1.63215e+02 -1.76172e+02 -1.92822e+02 -1.89096e+02 -1.96549e+02
3.07200e+04 3.07000e+02 -1.69290e+02 -1.62111e+02 -1.76469e+02 -1.91388e+02 -1.87487e+02 -1.95290e+02
3.13600e+04 3.13000e+02 -1.70007e+02 -1.64651e+02 -1.75362e+02 -1.89936e+02 -1.85848e+02 -1.94024e+02
3.20000e+04 3.20000e+02 -1.68355e+02 -1.59140e+02 -1.77570e+02 -1.88471e+02 -1.84188e+02 -1.92755e+02
3.26400e+04 3.26000e+02 -1.67560e+02 -1.59279e+02 -1.75842e+02 -1.87003e+02 -1.82516e+02 -1.91490e+02
3.32800e+04 3.32000e+02 -1.66018e+02 -1.59559e+02 -1.72477e+02 -1.85537e+02 -1.80843e+02 -1.90231e+02
3.39200e+04 3.39000e+02 -1.66173e+02 -1.59229e+02 -1.73117e+02 -1.84083e+02 -1.79181e+02 -1.88984e+02
3.45600e+04 3.45000e+02 -1.64404e+02 -1.57753e+02 -1.71056e+02 -1.82649e+02 -1.77547e+02 -1.87751e+02
3.52000e+04 3.52000e+02 -1.63231e+02 -1.56362e+02 -1.70099e+02 -1.81248e+02 -1.75959e+02 -1.86537e+02
3.58400e+04 3.58000e+02 -1.62360e+02 -1.55872e+02 -1.68848e+02 -1.79889e+02 -1.74434e+02 -1.85345e+02
3.64800e+04 3.64000e+02 -1.82253e+02 -1.69473e+02 -1.95033e+02 -1.78584e+02 -1.72989e+02 -1.84178e+02
3.71200e+04 3.71000e+02 -2.11695e+02 -1.89531e+02 -2.33859e+02 -1.77340e+02 -1.71640e+02 -1.83041e+02
3.77600e+04 3.77000e+02 -1.85925e+02 -1.68741e+02 -2.03108e+02 -1.76172e+02 -1.70411e+02 -1.81933e+02
3.84000e+04 3.84000e+02 -1.91068e+02 -1.65990e+02 -2.16146e+02 -1.75096e+02 -1.69334e+02 -1.80857e+02
3.90400e+04 3.90000e+02 -1.97539e+02 -1.64266e+02 -2.30812e+02 -1.74131e+02 -1.68450e+02 -1.79813e+02
3.96800e+04 3.96000e+02 -2.00654e+02 -1.65026e+02 -2.36283e+02 -1.73311e+02 -1.67822e+02 -1.78800e+02
4.03200e+04 4.03000e+02 -1.81882e+02 -1.64311e+02 -1.99453e+02 -1.72675e+02 -1.67530e+02 -1.77821e+02
4.09600e+04 4.09000e+02 -1.96197e+02 -1.65201e+02 -2.27193e+02 -1.72272e+02 -1.67668e+02 -1.76875e+02
4.16000e+04 4.16000e+02 -2.07355e+02 -1.88675e+02 -2.26034e+02 -1.72143e+02 -1.68321e+02 -1.75965e+02
4.22400e+04 4.22000e+02 -1.72707e+02 -1.62720e+02 -1.82694e+02 -1.72321e+02 -1.69550e+02 -1.75091e+02
4.28800e+04 4.28000e+02 -1.95565e+02 -1.74069e+02 -2.17061e+02 -1.72818e+02 -1.71382e+02 -1.74254e+02
4.35200e+04 4.35000e+02 -2.09413e+02 -2.07185e+02 -2.11642e+02 -1.73634e+02 -1.73459e+02 -1.73809e+02
4.41600e+04 4.41000e+02 -2.15080e+02 -2.00468e+02 -2.29692e+02 -1.74751e+02 -1.72717e+02 -1.76785e+02
4.48000e+04 4.48000e+02 -1.79940e+02 -1.77643e+02 -1.82236e+02 -1.76142e+02 -1.72057e+02 -1.80228e+02
4.54400e+04 4.54000e+02 -1.89995e+02 -1.87679e+02 -1.92312e+02 -1.77774e+02 -1.71525e+02 -1.84023e+02
4.60800e+04 4.60000e+02 -2.14012e+02 -2.06914e+02 -2.21111e+02 -1.79604e+02 -1.71180e+02 -1.88028e+02
4.67200e+04 4.67000e+02 -1.79673e+02 -1.53134e+02 -2.06213e+02 -1.81589e+02 -1.71098e+02 -1.92079e+02
4.73600e+04 4.73000e+02 -1.82823e+02 -1.60274e+02 -2.05373e+02 -1.83675e+02 -1.71354e+02 -1.95995e+02
4.80000e+04 4.80000e+02 -1.81425e+02 -1.54550e+02 -2.08300e+02 -1.85805e+02 -1.72017e+02 -1.99593e+02
4.86400e+04 4.86000e+02 -1.78137e+02 -1.52536e+02 -2.03737e+02 -1.87919e+02 -1.73135e+02 -2.02704e+02
4.92800e+04 4.92000e+02 -1.83103e+02 -1.54958e+02 -2.11248e+02 -1.89957e+02 -1.74722e+02 -2.05192e+02
4.99200e+04 4.99000e+02 -1.81758e+02 -1.55570e+02 -2.07946e+02 -1.91854e+02 -1.76750e+02 -2.06958e+02
5.05600e+04 5.05000e+02 -1.81906e+02 -1.53869e+02 -2.09943e+02 -1.93547e+02 -1.79157e+02 -2.07937e+02
5.12000e+04 5.12000e+02 -1.91282e+02 -1.82023e+02 -2.00542e+02 -1.94967e+02 -1.81847e+02 -2.08087e+02
5.18400e+04 5.18000e+02 -1.76445e+02 -1.56099e+02 -1.96792e+02 -1.96054e+02 -1.84703e+02 -2.07405e+02
5.24800e+04 5.24000e+02 -1.76656e+02 -1.55597e+02 -1.97715e+02 -1.96762e+02 -1.87602e+02 -2.05922e+02
5.31200e+04 5.31000e+02 -1.65639e+02 -1.58984e+02 -1.72294e+02 -1.97063e+02 -1.90422e+02 -2.03704e+02
5.37600e+04 5.37000e+02 -1.75607e+02 -1.56156e+02 -1.95058e+02 -1.96949e+02 -1.93050e+02 -2.00847e+02
5.44000e+04 5.44000e+02 -1.56136e+02 -1.53999e+02 -1.58273e+02 -1.96428e+02 -1.95383e+02 -1.97474e+02
5.50400e+04 5.50000e+02 -1.66978e+02 -1.60182e+02 -1.73775e+02 -1.95529e+02 -1.93734e+02 -1.97324e+02
5.56800e+04 5.56000e+02 -1.56003e+02 -1.52130e+02 -1.59876e+02 -1.94284e+02 -1.89783e+02 -1.98786e+02
5.63200e+04 5.63000e+02 -1.57964e+02 -1.55116e+02 -1.60812e+02 -1.92731e+02 -1.85776e+02 -1.99686e+02
5.69600e+04 5.69000e+02 -1.68856e+02 -1.60107e+02 -1.77604e+02 -1.90905e+02 -1.81855e+02 -1.99955e+02
5.76000e+04 5.76000e+02 -1.58976e+02 -1.57142e+02 -1.60811e+02 -1.88839e+02 -1.78133e+02 -1.99546e+02
5.82400e+04 5.82000e+02 -1.58421e+02 -1.56106e+02 -1.60735e+02 -1.86569e+02 -1.74691e+02 -1.98446e+02
5.88800e+04 5.88000e+02 -1.58359e+02 -1.55870e+02 -1.60849e+02 -1.84137e+02 -1.71582e+02 -1.96691e+02
5.95200e+04 5.95000e+02 -1.56604e+02 -1.55319e+02 -1.57889e+02 -1.81598e+02 -1.68830e+02 -1.94365e+02
6.01600e+04 6.01000e+02 -1.64024e+02 -1.55864e+02 -1.72183e+02 -1.79017e+02 -1.66441e+02 -1.91594e+02
6.08000e+04 6.08000e+02 -1.56062e+02 -1.55555e+02 -1.56569e+02 -1.76466e+02 -1.64406e+02 -1.88525e+02
6.14400e+04 6.14000e+02 -1.53217e+02 -1.52055e+02 -1.54379e+02 -1.74009e+02 -1.62705e+02 -1.85312e+02
6.20800e+04 6.20000e+02 -1.54198e+02 -1.52358e+02 -1.56038e+02 -1.71701e+02 -1.61309e+02 -1.82092e+02
6.27200e+04 6.27000e+02 -1.53520e+02 -1.51216e+02 -1.55825e+02 -1.69580e+02 -1.60180e+02 -1.78980e+02
6.33600e+04 6.33000e+02 -1.53587e+02 -1.49926e+02 -1.57248e+02 -1.67668e+02 -1.59273e+02 -1.76062e+02
6.40000e+04 6.40000e+02 -1.53428e+02 -1.51349e+02 -1.55508e+02 -1.65969e+02 -1.58546e+02 -1.73392e+02
6.46400e+04 6.46000e+02 -1.54760e+02 -1.51529e+02 -1.57991e+02 -1.64476e+02 -1.57955e+02 -1.70998e+02
6.52800e+04 6.52000e+02 -1.53213e+02 -1.49737e+02 -1.56689e+02 -1.63173e+02 -1.57462e+02 -1.68883e+02
6.59200e+04 6.59000e+02 -1.52647e+02 -1.49440e+02 -1.55853e+02 -1.62035e+02 -1.57032e+02 -1.67037e+02
6.65600e+04 6.65000e+02 -1.52737e+02 -1.50739e+02 -1.54735e+02 -1.61041e+02 -1.56639e+02 -1.65444e+02
6.72000e+04 6.72000e+02 -1.52402e+02 -1.48890e+02 -1.55915e+02 -1.60172e+02 -1.56258e+02 -1.64086e+02
6.78400e+04 6.78000e+02 -1.53551e+02 -1.50832e+02 -1.56271e+02 -1.59408e+02 -1.55875e+02 -1.62941e+02
6.84800e+04 6.84000e+02 -1.52668e+02 -1.51409e+02 -1.53927e+02 -1.58736e+02 -1.55487e+02 -1.61985e+02
6.91200e+04 6.91000e+02 -1.52362e+02 -1.49550e+02 -1.55173e+02 -1.58143e+02 -1.55099e+02 -1.61188e+02
6.97600e+04 6.97000e+02 -1.51098e+02 -1.49620e+02 -1.52576e+02 -1.57619e+02 -1.54724e+02 -1.60515e+02
7.04000e+04 7.04000e+02 -1.49124e+02 -1.48859e+02 -1.49389e+02 -1.57153e+02 -1.54372e+02 -1.59934e+02
7.10400e+04 7.10000e+02 -1.48186e+02 -1.46921e+02 -1.49451e+02 -1.56731e+02 -1.54049e+02 -1.59413e+02
7.16800e+04 7.16000e+02 -1.48151e+02 -1.47687e+02 -1.48616e+02 -1.56341e+02 -1.53756e+02 -1.58927e+02
7.23200e+04 7.23000e+02 -1.49466e+02 -1.48092e+02 -1.50840e+02 -1.55970e+02 -1.53483e+02 -1.58457e+02
7.29600e+04 7.29000e+02 -1.48873e+02 -1.45409e+02 -1.52338e+02 -1.55604e+02 -1.53218e+02 -1.57990e+02
7.36000e+04 7.36000e+02 -1.47267e+02 -1.46792e+02 -1.47741e+02 -1.55229e+02 -1.52943e+02 -1.57515e+02
7.42400e+04 7.42000e+02 -1.48178e+02 -1.46917e+02 -1.49440e+02 -1.54834e+02 -1.52646e+02 -1.57023e+02
7.48800e+04 7.48000e+02 -1.48458e+02 -1.48439e+02 -1.48477e+02 -1.54413e+02 -1.52317e+02 -1.56509e+02
7.55200e+04 7.55000e+02 -1.69632e+02 -1.48972e+02 -1.90293e+02 -1.53962e+02 -1.51956e+02 -1.55969e+02
7.61600e+04 7.61000e+02 -1.46505e+02 -1.45517e+02 -1.47493e+02 -1.53487e+02 -1.51567e+02 -1.55406e+02
7.68000e+04 7.68000e+02 -1.46210e+02 -1.46138e+02 -1.46283e+02 -1.52992e+02 -1.51157e+02 -1.54826e+02
7.74400e+04 7.74000e+02 -1.45794e+02 -1.45605e+02 -1.45983e+02 -1.52488e+02 -1.50740e+02 -1.54237e+02
7.80800e+04 7.80000e+02 -1.46942e+02 -1.46141e+02 -1.47743e+02 -1.51990e+02 -1.50332e+02 -1.53649e+02
7.87200e+04 7.87000e+02 -1.48067e+02 -1.46482e+02 -1.49652e+02 -1.51517e+02 -1.49967e+02 -1.53067e+02
7.93600e+04 7.93000e+02 -1.45461e+02 -1.45114e+02 -1.45808e+02 -1.51094e+02 -1.49690e+02 -1.52499e+02
8.00000e+04 8.00000e+02 -1.45161e+02 -1.44735e+02 -1.45588e+02 -1.50743e+02 -1.49539e+02 -1.51948e+02
8.06400e+04 8.06000e+02 -1.46113e+02 -1.46104e+02 -1.46122e+02 -1.50475e+02 -1.49530e+02 -1.51419e+02
8.12800e+04 8.12000e+02 -1.43597e+02 -1.43378e+02 -1.43816e+02 -1.50280e+02 -1.49644e+02 -1.50916e+02
8.19200e+04 8.19000e+02 -1.46325e+02 -1.44652e+02 -1.47999e+02 -1.50137e+02 -1.49834e+02 -1.50441e+02
8.25600e+04 8.25000e+02 -1.45092e+02 -1.44847e+02 -1.45337e+02 -1.50015e+02 -1.49994e+02 -1.50036e+02
8.32000e+04 8.32000e+02 -1.44510e+02 -1.43932e+02 -1.45089e+02 -1.49880e+02 -1.49570e+02 -1.50191e+02
8.38400e+04 8.38000e+02 -1.44487e+02 -1.44418e+02 -1.44555e+02 -1.49709e+02 -1.49166e+02 -1.50252e+02
8.44800e+04 8.44000e+02 -1.44028e+02 -1.43477e+02 -1.44579e+02 -1.49488e+02 -1.48781e+02 -1.50195e+02
8.51200e+04 8.51000e+02 -1.42577e+02 -1.42515e+02 -1.42640e+02 -1.49215e+02 -1.48416e+02 -1.50015e+02
8.57600e+04 8.57000e+02 -1.53853e+02 -1.41776e+02 -1.65930e+02 -1.48899e+02 -1.48076e+02 -1.49723e+02
8.64000e+04 8.64000e+02 -1.42451e+02 -1.41923e+02 -1.42979e+02 -1.48553e+02 -1.47763e+02 -1.49343e+02
8.70400e+04 8.70000e+02 -1.42714e+02 -1.42326e+02 -1.43102e+02 -1.48187e+02 -1.47475e+02 -1.48899e+02
8.76800e+04 8.76000e+02 -1.42188e+02 -1.41702e+02 -1.42673e+02 -1.47811e+02 -1.47206e+02 -1.48417e+02
8.83200e+04 8.83000e+02 -1.42865e+02 -1.42749e+02 -1.42981e+02 -1.47433e+02 -1.46946e+02 -1.47920e+02
8.89600e+04 8.89000e+02 -1.42837e+02 -1.42602e+02 -1.43072e+02 -1.47058e+02 -1.46688e+02 -1.47429e+02
8.96000e+04 8.96000e+02 -1.42188e+02 -1.41996e+02 -1.42380e+02 -1.46695e+02 -1.46428e+02 -1.46961e+02
9.02400e+04 9.02000e+02 -1.42656e+02 -1.42532e+02 -1.42781e+02 -1.46349e+02 -1.46164e+02 -1.46533e+02
9.08800e+04 9.08000e+02 -1.55070e+02 -1.42767e+02 -1.67373e+02 -1.46026e+02 -1.45894e+02 -1.46159e+02
9.15200e+04 9.15000e+02 -1.42746e+02 -1.42548e+02 -1.42944e+02 -1.45734e+02 -1.45618e+02 -1.45850e+02
9.21600e+04 9.21000e+02 -1.41512e+02 -1.40237e+02 -1.42788e+02 -1.45472e+02 -1.45338e+02 -1.45606e+02
9.28000e+04 9.28000e+02 -1.40953e+02 -1.40576e+02 -1.41331e+02 -1.45238e+02 -1.45056e+02 -1.45419e+02
9.34400e+04 9.34000e+02 -1.42230e+02 -1.41724e+02 -1.42736e+02 -1.45026e+02 -1.44775e+02 -1.45276e+02
9.40800e+04 9.40000e+02 -1.41142e+02 -1.41015e+02 -1.41269e+02 -1.44833e+02 -1.44502e+02 -1.45163e+02
9.47200e+04 9.47000e+02 -1.40223e+02 -1.39395e+02 -1.41051e+02 -1.44655e+02 -1.44244e+02 -1.45066e+02
9.53600e+04 9.53000e+02 -1.40616e+02 -1.39847e+02 -1.41385e+02 -1.44492e+02 -1.44004e+02 -1.44979e+02
9.60000e+04 9.60000e+02 -1.40422e+02 -1.39959e+02 -1.40885e+02 -1.44342e+02 -1.43784e+02 -1.44900e+02
9.66400e+04 9.66000e+02 -1.40447e+02 -1.40409e+02 -1.40484e+02 -1.44204e+02 -1.43583e+02 -1.44826e+02
9.72800e+04 9.72000e+02 -1.40272e+02 -1.39337e+02 -1.41206e+02 -1.44073e+02 -1.43398e+02 -1.44749e+02
9.79200e+04 9.79000e+02 -1.39800e+02 -1.39429e+02 -1.40171e+02 -1.43940e+02 -1.43222e+02 -1.44659e+02
9.85600e+04 9.85000e+02 -1.39782e+02 -1.38642e+02 -1.40923e+02 -1.43796e+02 -1.43048e+02 -1.44544e+02
9.92000e+04 9.92000e+02 -1.40425e+02 -1.38508e+02 -1.42342e+02 -1.43633e+02 -1.42868e+02 -1.44398e+02
9.98400e+04 9.98000e+02 -1.40538e+02 -1.38236e+02 -1.42840e+02 -1.43447e+02 -1.42676e+02 -1.44219e+02
1.00480e+05 1.00400e+03 -1.39474e+02 -1.37704e+02 -1.41243e+02 -1.43245e+02 -1.42470e+02 -1.44020e+02
1.01120e+05 1.01100e+03 -1.38859e+02 -1.36857e+02 -1.40861e+02 -1.43036e+02 -1.42248e+02 -1.43825e+02
1.01760e+05 1.01700e+03 -1.37936e+02 -1.35500e+02 -1.40373e+02 -1.42838e+02 -1.42011e+02 -1.43665e+02
1.02400e+05 1.02400e+03 -1.38599e+02 -1.36503e+02 -1.40694e+02 -1.42661e+02 -1.41760e+02 -1.43561e+02
1.03040e+05 1.03000e+03 -1.37633e+02 -1.35417e+02 -1.39849e+02 -1.42507e+02 -1.41495e+02 -1.43518e+02
1.03680e+05 1.03600e+03 -1.38953e+02 -1.34927e+02 -1.42980e+02 -1.42371e+02 -1.41217e+02 -1.43525e+02
1.04320e+05 1.04300e+03 -1.51692e+02 -1.40847e+02 -1.62536e+02 -1.42243e+02 -1.40930e+02 -1.43557e+02
1.04960e+05 1.04900e+03 -1.58383e+02 -1.37471e+02 -1.79296e+02 -1.42111e+02 -1.40635e+02 -1.43587e+02
1.05600e+05 1.05600e+03 -1.37337e+02 -1.34362e+02 -1.40312e+02 -1.41965e+02 -1.40339e+02 -1.43591e+02
1.06240e+05 1.06200e+03 -1.37581e+02 -1.35838e+02 -1.39323e+02 -1.41803e+02 -1.40047e+02 -1.43559e+02
1.06880e+05 1.06800e+03 -1.37640e+02 -1.35563e+02 -1.39718e+02 -1.41631e+02 -1.39765e+02 -1.43497e+02
1.07520e+05 1.07500e+03 -1.36368e+02 -1.34047e+02 -1.38689e+02 -1.41461e+02 -1.39497e+02 -1.43424e+02
1.08160e+05 1.08100e+03 -1.37272e+02 -1.35234e+02 -1.39309e+02 -1.41305e+02 -1.39246e+02 -1.43363e+02
1.08800e+05 1.08800e+03 -1.37470e+02 -1.36242e+02 -1.38698e+02 -1.41170e+02 -1.39011e+02 -1.43329e+02
1.09440e+05 1.09400e+03 -1.37130e+02 -1.33995e+02 -1.40265e+02 -1.41056e+02 -1.38786e+02 -1.43327e+02
1.10080e+05 1.10000e+03 -1.35359e+02 -1.32665e+02 -1.38053e+02 -1.40956e+02 -1.38563e+02 -1.43348e+02
1.10720e+05 1.10700e+03 -1.36700e+02 -1.34203e+02 -1.39197e+02 -1.40858e+02 -1.38336e+02 -1.43379e+02
1.11360e+05 1.11300e+03 -1.37053e+02 -1.35018e+02 -1.39088e+02 -1.40754e+02 -1.38102e+02 -1.43405e+02
1.12000e+05 1.12000e+03 -1.36304e+02 -1.34095e+02 -1.38513e+02 -1.40635e+02 -1.37861e+02 -1.43409e+02
1.12640e+05 1.12600e+03 -1.37290e+02 -1.34565e+02 -1.40014e+02 -1.40500e+02 -1.37622e+02 -1.43378e+02
1.13280e+05 1.13200e+03 -1.36347e+02 -1.33927e+02 -1.38768e+02 -1.40344e+02 -1.37389e+02 -1.43298e+02
1.13920e+05 1.13900e+03 -1.36951e+02 -1.34424e+02 -1.39477e+02 -1.40166e+02 -1.37168e+02 -1.43163e+02
1.14560e+05 1.14500e+03 -1.36469e+02 -1.32779e+02 -1.40160e+02 -1.39962e+02 -1.36954e+02 -1.42969e+02
1.15200e+05 1.15200e+03 -1.49648e+02 -1.31862e+02 -1.67434e+02 -1.39730e+02 -1.36742e+02 -1.42718e+02
1.15840e+05 1.15800e+03 -1.36804e+02 -1.32873e+02 -1.40736e+02 -1.39471e+02 -1.36524e+02 -1.42419e+02
1.16480e+05 1.16400e+03 -1.41803e+02 -1.32165e+02 -1.51441e+02 -1.39191e+02 -1.36296e+02 -1.42087e+02
1.17120e+05 1.17100e+03 -1.35731e+02 -1.32029e+02 -1.39432e+02 -1.38897e+02 -1.36053e+02 -1.41741e+02
1.17760e+05 1.17700e+03 -1.35602e+02 -1.32023e+02 -1.39181e+02 -1.38601e+02 -1.35798e+02 -1.41404e+02
1.18400e+05 1.18400e+03 -1.35534e+02 -1.31296e+02 -1.39772e+02 -1.38317e+02 -1.35531e+02 -1.41102e+02
1.19040e+05 1.19000e+03 -1.34716e+02 -1.30927e+02 -1.38505e+02 -1.38057e+02 -1.35256e+02 -1.40858e+02
1.19680e+05 1.19600e+03 -1.35572e+02 -1.32235e+02 -1.38908e+02 -1.37831e+02 -1.34974e+02 -1.40688e+02
1.20320e+05 1.20300e+03 -1.34958e+02 -1.30919e+02 -1.38996e+02 -1.37642e+02 -1.34688e+02 -1.40596e+02
1.20960e+05 1.20900e+03 -1.34948e+02 -1.30213e+02 -1.39684e+02 -1.37487e+02 -1.34400e+02 -1.40574e+02
1.21600e+05 1.21600e+03 -1.44491e+02 -1.30166e+02 -1.58816e+02 -1.37357e+02 -1.34112e+02 -1.40602e+02
1.22240e+05 1.22200e+03 -1.35074e+02 -1.30942e+02 -1.39206e+02 -1.37242e+02 -1.33828e+02 -1.40656e+02
1.22880e+05 1.22800e+03 -1.34541e+02 -1.30127e+02 -1.38955e+02 -1.37136e+02 -1.33556e+02 -1.40715e+02
1.23520e+05 1.23500e+03 -1.34644e+02 -1.30311e+02 -1.38978e+02 -1.37035e+02 -1.33303e+02 -1.40767e+02
1.24160e+05 1.24100e+03 -1.34105e+02 -1.28638e+02 -1.39572e+02 -1.36941e+02 -1.33076e+02 -1.40807e+02
1.24800e+05 1.24800e+03 -1.33954e+02 -1.29347e+02 -1.38561e+02 -1.36858e+02 -1.32876e+02 -1.40840e+02
1.25440e+05 1.25400e+03 -1.33672e+02 -1.28669e+02 -1.38675e+02 -1.36785e+02 -1.32699e+02 -1.40870e+02
1.26080e+05 1.26000e+03 -1.34793e+02 -1.29424e+02 -1.40163e+02 -1.36720e+02 -1.32536e+02 -1.40904e+02
1.26720e+05 1.26700e+03 -1.35714e+02 -1.30438e+02 -1.40990e+02 -1.36659e+02 -1.32375e+02 -1.40942e+02
1.27360e+05 1.27300e+03 -1.34872e+02 -1.28352e+02 -1.41392e+02 -1.36596e+02 -1.32212e+02 -1.40979e+02
1.28000e+05 1.28000e+03 -1.34170e+02 -1.29169e+02 -1.39171e+02 -1.36525e+02 -1.32045e+02 -1.41006e+02
1.28640e+05 1.28600e+03 -1.34925e+02 -1.29586e+02 -1.40264e+02 -1.36445e+02 -1.31879e+02 -1.41012e+02
1.29280e+05 1.29200e+03 -1.33233e+02 -1.28446e+02 -1.38021e+02 -1.36355e+02 -1.31721e+02 -1.40989e+02
1.29920e+05 1.29900e+03 -1.34517e+02 -1.28718e+02 -1.40316e+02 -1.36255e+02 -1.31573e+02 -1.40938e+02
1.30560e+05 1.30500e+03 -1.33986e+02 -1.29167e+02 -1.38804e+02 -1.36150e+02 -1.31436e+02 -1.40864e+02
1.31200e+05 1.31200e+03 -1.33464e+02 -1.28273e+02 -1.38654e+02 -1.36044e+02 -1.31308e+02 -1.40781e+02
1.31840e+05 1.31800e+03 -1.33950e+02 -1.29278e+02 -1.38623e+02 -1.35944e+02 -1.31187e+02 -1.40700e+02
1.32480e+05 1.32400e+03 -1.32860e+02 -1.28006e+02 -1.37714e+02 -1.35850e+02 -1.31071e+02 -1.40629e+02
1.33120e+05 1.33100e+03 -1.33206e+02 -1.28307e+02 -1.38104e+02 -1.35764e+02 -1.30958e+02 -1.40570e+02
1.33760e+05 1.33700e+03 -1.33567e+02 -1.28359e+02 -1.38774e+02 -1.35679e+02 -1.30843e+02 -1.40515e+02
1.34400e+05 1.34400e+03 -1.32835e+02 -1.28291e+02 -1.37379e+02 -1.35590e+02 -1.30723e+02 -1.40457e+02
1.35040e+05 1.35000e+03 -1.33421e+02 -1.28631e+02 -1.38212e+02 -1.35489e+02 -1.30593e+02 -1.40385e+02
1.35680e+05 1.35600e+03 -1.33057e+02 -1.28251e+02 -1.37863e+02 -1.35372e+02 -1.30454e+02 -1.40290e+02
1.36320e+05 1.36300e+03 -1.33244e+02 -1.27395e+02 -1.39092e+02 -1.35239e+02 -1.30310e+02 -1.40168e+02
1.36960e+05 1.36900e+03 -1.33586e+02 -1.27604e+02 -1.39568e+02 -1.35093e+02 -1.30168e+02 -1.40017e+02
1.37600e+05 1.37600e+03 -1.33245e+02 -1.26428e+02 -1.40062e+02 -1.34938e+02 -1.30035e+02 -1.39841e+02
1.38240e+05 1.38200e+03 -1.33156e+02 -1.27096e+02 -1.39216e+02 -1.34781e+02 -1.29915e+02 -1.39648e+02
1.38880e+05 1.38800e+03 -1.33395e+02 -1.28115e+02 -1.38676e+02 -1.34629e+02 -1.29808e+02 -1.39449e+02
1.39520e+05 1.39500e+03 -1.32607e+02 -1.26499e+02 -1.38715e+02 -1.34483e+02 -1.29708e+02 -1.39258e+02
1.40160e+05 1.40100e+03 -1.34227e+02 -1.30188e+02 -1.38266e+02 -1.34351e+02 -1.29610e+02 -1.39091e+02
1.40800e+05 1.40800e+03 -1.34897e+02 -1.31725e+02 -1.38070e+02 -1.34233e+02 -1.29504e+02 -1.38962e+02
1.41440e+05 1.41400e+03 -1.34916e+02 -1.32563e+02 -1.37269e+02 -1.34135e+02 -1.29387e+02 -1.38882e+02
1.42080e+05 1.42000e+03 -1.34415e+02 -1.29898e+02 -1.38932e+02 -1.34055e+02 -1.29257e+02 -1.38852e+02
1.42720e+05 1.42700e+03 -1.33808e+02 -1.30160e+02 -1.37456e+02 -1.33995e+02 -1.29122e+02 -1.38867e+02
1.43360e+05 1.43300e+03 -1.32531e+02 -1.27372e+02 -1.37691e+02 -1.33956e+02 -1.28997e+02 -1.38915e+02
1.44000e+05 1.44000e+03 -1.32213e+02 -1.26935e+02 -1.37490e+02 -1.33944e+02 -1.28908e+02 -1.38979e+02
1.44640e+05 1.44600e+03 -1.31687e+02 -1.26663e+02 -1.36711e+02 -1.33966e+02 -1.28887e+02 -1.39045e+02
1.45280e+05 1.45200e+03 -1.31717e+02 -1.26706e+02 -1.36728e+02 -1.34026e+02 -1.28956e+02 -1.39097e+02
1.45920e+05 1.45900e+03 -1.32469e+02 -1.27183e+02 -1.37755e+02 -1.34123e+02 -1.29122e+02 -1.39124e+02
1.46560e+05 1.46500e+03 -1.32447e+02 -1.26333e+02 -1.38562e+02 -1.34245e+02 -1.29371e+02 -1.39119e+02
1.47200e+05 1.47200e+03 -1.32236e+02 -1.27200e+02 -1.37272e+02 -1.34375e+02 -1.29669e+02 -1.39082e+02
1.47840e+05 1.47800e+03 -1.30944e+02 -1.25093e+02 -1.36794e+02 -1.34492e+02 -1.29969e+02 -1.39014e+02
1.48480e+05 1.48400e+03 -1.32330e+02 -1.27680e+02 -1.36980e+02 -1.34572e+02 -1.30223e+02 -1.38920e+02
1.49120e+05 1.49100e+03 -1.30815e+02 -1.25452e+02 -1.36178e+02 -1.34599e+02 -1.30391e+02 -1.38807e+02
1.49760e+05 1.49700e+03 -1.31810e+02 -1.27699e+02 -1.35922e+02 -1.34565e+02 -1.30449e+02 -1.38681e+02
1.50400e+05 1.50400e+03 -1.31125e+02 -1.25535e+02 -1.36714e+02 -1.34472e+02 -1.30394e+02 -1.38550e+02
1.51040e+05 1.51000e+03 -1.30908e+02 -1.26477e+02 -1.35339e+02 -1.34332e+02 -1.30246e+02 -1.38418e+02
1.51680e+05 1.51600e+03 -1.30841e+02 -1.25235e+02 -1.36448e+02 -1.34164e+02 -1.30039e+02 -1.38289e+02
1.52320e+05 1.52300e+03 -1.30990e+02 -1.24888e+02 -1.37093e+02 -1.33986e+02 -1.29810e+02 -1.38162e+02
1.52960e+05 1.52900e+03 -1.31234e+02 -1.25823e+02 -1.36645e+02 -1.33812e+02 -1.29587e+02 -1.38038e+02
1.53600e+05 1.53600e+03 -1.30696e+02 -1.24824e+02 -1.36568e+02 -1.33650e+02 -1.29381e+02 -1.37919e+02
1.54240e+05 1.54200e+03 -1.31392e+02 -1.25813e+02 -1.36971e+02 -1.33499e+02 -1.29189e+02 -1.37809e+02
1.54880e+05 1.54800e+03 -1.32157e+02 -1.28707e+02 -1.35607e+02 -1.33362e+02 -1.29004e+02 -1.37720e+02
1.55520e+05 1.55500e+03 -1.30962e+02 -1.24554e+02 -1.37369e+02 -1.33240e+02 -1.28817e+02 -1.37664e+02
1.56160e+05 1.56100e+03 -1.31159e+02 -1.24490e+02 -1.37827e+02 -1.33140e+02 -1.28624e+02 -1.37656e+02
1.56800e+05 1.56800e+03 -1.30868e+02 -1.24332e+02 -1.37405e+02 -1.33065e+02 -1.28429e+02 -1.37702e+02
1.57440e+05 1.57400e+03 -1.31588e+02 -1.25184e+02 -1.37991e+02 -1.33016e+02 -1.28233e+02 -1.37798e+02
1.58080e+05 1.58000e+03 -1.30862e+02 -1.25169e+02 -1.36554e+02 -1.32981e+02 -1.28037e+02 -1.37926e+02
1.58720e+05 1.58700e+03 -1.36070e+02 -1.25332e+02 -1.46807e+02 -1.32954e+02 -1.27842e+02 -1.38066e+02
1.59360e+05 1.59300e+03 -1.30286e+02 -1.24506e+02 -1.36067e+02 -1.32923e+02 -1.27644e+02 -1.38201e+02
1.60000e+05 1.60000e+03 -1.29912e+02 -1.24280e+02 -1.35544e+02 -1.32882e+02 -1.27441e+02 -1.38324e+02
1.60640e+05 1.60600e+03 -1.30565e+02 -1.25595e+02 -1.35535e+02 -1.32838e+02 -1.27230e+02 -1.38445e+02
1.61280e+05 1.61200e+03 -1.30483e+02 -1.24911e+02 -1.36056e+02 -1.32795e+02 -1.27013e+02 -1.38577e+02
1.61920e+05 1.61900e+03 -1.30654e+02 -1.24370e+02 -1.36938e+02 -1.32762e+02 -1.26791e+02 -1.38734e+02
1.62560e+05 1.62500e+03 -1.30370e+02 -1.24687e+02 -1.36053e+02 -1.32744e+02 -1.26568e+02 -1.38919e+02
1.63200e+05 1.63200e+03 -1.30969e+02 -1.23815e+02 -1.38124e+02 -1.32736e+02 -1.26348e+02 -1.39123e+02
1.63840e+05 1.63800e+03 -1.30256e+02 -1.23988e+02 -1.36524e+02 -1.32730e+02 -1.26136e+02 -1.39324e+02
1.64480e+05 1.64400e+03 -1.30911e+02 -1.23751e+02 -1.38070e+02 -1.32714e+02 -1.25934e+02 -1.39493e+02
1.65120e+05 1.65100e+03 -1.30742e+02 -1.23529e+02 -1.37954e+02 -1.32673e+02 -1.25744e+02 -1.39603e+02
1.65760e+05 1.65700e+03 -1.31613e+02 -1.25421e+02 -1.37805e+02 -1.32601e+02 -1.25567e+02 -1.39636e+02
1.66400e+05 1.66400e+03 -1.30557e+02 -1.23021e+02 -1.38093e+02 -1.32495e+02 -1.25403e+02 -1.39587e+02
1.67040e+05 1.67000e+03 -1.52025e+02 -1.36166e+02 -1.67884e+02 -1.32359e+02 -1.25251e+02 -1.39468e+02
1.67680e+05 1.67600e+03 -1.28466e+02 -1.21465e+02 -1.35467e+02 -1.32203e+02 -1.25109e+02 -1.39298e+02
1.68320e+05 1.68300e+03 -1.29585e+02 -1.23079e+02 -1.36091e+02 -1.32042e+02 -1.24976e+02 -1.39108e+02
1.68960e+05 1.68900e+03 -1.29444e+02 -1.23427e+02 -1.35460e+02 -1.31886e+02 -1.24852e+02 -1.38920e+02
1.69600e+05 1.69600e+03 -1.28997e+02 -1.22365e+02 -1.35629e+02 -1.31749e+02 -1.24746e+02 -1.38752e+02
1.70240e+05 1.70200e+03 -1.29788e+02 -1.24183e+02 -1.35394e+02 -1.31644e+02 -1.24678e+02 -1.38610e+02
1.70880e+05 1.70800e+03 -1.30173e+02 -1.25756e+02 -1.34591e+02 -1.31578e+02 -1.24671e+02 -1.38486e+02
1.71520e+05 1.71500e+03 -1.29466e+02 -1.23173e+02 -1.35759e+02 -1.31557e+02 -1.24743e+02 -1.38371e+02
1.72160e+05 1.72100e+03 -1.28571e+02 -1.22717e+02 -1.34426e+02 -1.31575e+02 -1.24898e+02 -1.38251e+02
1.72800e+05 1.72800e+03 -1.28263e+02 -1.21832e+02 -1.34694e+02 -1.31615e+02 -1.25117e+02 -1.38113e+02
1.73440e+05 1.73400e+03 -1.30168e+02 -1.24527e+02 -1.35809e+02 -1.31661e+02 -1.25371e+02 -1.37951e+02
1.74080e+05 1.74000e+03 -1.28680e+02 -1.22293e+02 -1.35066e+02 -1.31691e+02 -1.25619e+02 -1.37763e+02
1.74720e+05 1.74700e+03 -1.29096e+02 -1.23269e+02 -1.34924e+02 -1.31688e+02 -1.25826e+02 -1.37551e+02
1.75360e+05 1.75300e+03 -1.28923e+02 -1.23471e+02 -1.34376e+02 -1.31641e+02 -1.25959e+02 -1.37323e+02
1.76000e+05 1.76000e+03 -1.27886e+02 -1.20608e+02 -1.35163e+02 -1.31543e+02 -1.26000e+02 -1.37085e+02
1.76640e+05 1.76600e+03 -1.28206e+02 -1.21437e+02 -1.34974e+02 -1.31394e+02 -1.25943e+02 -1.36846e+02
1.77280e+05 1.77200e+03 -1.27464e+02 -1.20748e+02 -1.34179e+02 -1.31203e+02 -1.25794e+02 -1.36613e+02
1.77920e+05 1.77900e+03 -1.27955e+02 -1.21570e+02 -1.34340e+02 -1.30981e+02 -1.25569e+02 -1.36392e+02
1.78560e+05 1.78500e+03 -1.27415e+02 -1.21252e+02 -1.33578e+02 -1.30738e+02 -1.25289e+02 -1.36186e+02
1.79200e+05 1.79200e+03 -1.27685e+02 -1.22030e+02 -1.33340e+02 -1.30490e+02 -1.24982e+02 -1.35999e+02
1.79840e+05 1.79800e+03 -1.26899e+02 -1.20705e+02 -1.33094e+02 -1.30252e+02 -1.24676e+02 -1.35829e+02
1.80480e+05 1.80400e+03 -1.27264e+02 -1.21115e+02 -1.33414e+02 -1.30036e+02 -1.24393e+02 -1.35680e+02
1.81120e+05 1.81100e+03 -1.27312e+02 -1.21242e+02 -1.33382e+02 -1.29847e+02 -1.24143e+02 -1.35551e+02
1.81760e+05 1.81700e+03 -1.28053e+02 -1.21688e+02 -1.34418e+02 -1.29685e+02 -1.23926e+02 -1.35445e+02
1.82400e+05 1.82400e+03 -1.27546e+02 -1.21171e+02 -1.33921e+02 -1.29546e+02 -1.23734e+02 -1.35358e+02
1.83040e+05 1.83000e+03 -1.26685e+02 -1.20329e+02 -1.33042e+02 -1.29418e+02 -1.23553e+02 -1.35283e+02
1.83680e+05 1.83600e+03 -1.27047e+02 -1.20139e+02 -1.33954e+02 -1.29291e+02 -1.23370e+02 -1.35212e+02
1.84320e+05 1.84300e+03 -1.26825e+02 -1.20000e+02 -1.33649e+02 -1.29158e+02 -1.23176e+02 -1.35140e+02
1.84960e+05 1.84900e+03 -1.26930e+02 -1.20979e+02 -1.32881e+02 -1.29016e+02 -1.22969e+02 -1.35062e+02
1.85600e+05 1.85600e+03 -1.25694e+02 -1.19543e+02 -1.31845e+02 -1.28863e+02 -1.22749e+02 -1.34977e+02
1.86240e+05 1.86200e+03 -1.26800e+02 -1.20950e+02 -1.32650e+02 -1.28702e+02 -1.22520e+02 -1.34884e+02
1.86880e+05 1.86800e+03 -1.26390e+02 -1.19716e+02 -1.33064e+02 -1.28536e+02 -1.22288e+02 -1.34784e+02
1.87520e+05 1.87500e+03 -1.26342e+02 -1.20792e+02 -1.31892e+02 -1.28368e+02 -1.22059e+02 -1.34677e+02
1.88160e+05 1.88100e+03 -1.25932e+02 -1.19936e+02 -1.31928e+02 -1.28202e+02 -1.21840e+02 -1.34564e+02
1.88800e+05 1.88800e+03 -1.26396e+02 -1.20615e+02 -1.32177e+02 -1.28041e+02 -1.21638e+02 -1.34445e+02
1.89440e+05 1.89400e+03 -1.24962e+02 -1.19961e+02 -1.29962e+02 -1.27892e+02 -1.21465e+02 -1.34320e+02
1.90080e+05 1.90000e+03 -1.25148e+02 -1.18893e+02 -1.31404e+02 -1.27757e+02 -1.21327e+02 -1.34188e+02
1.90720e+05 1.90700e+03 -1.26246e+02 -1.20832e+02 -1.31660e+02 -1.27636e+02 -1.21225e+02 -1.34048e+02
1.91360e+05 1.91300e+03 -1.24810e+02 -1.18420e+02 -1.31200e+02 -1.27529e+02 -1.21157e+02 -1.33901e+02
1.92000e+05 1.92000e+03 -1.24109e+02 -1.17689e+02 -1.30529e+02 -1.27428e+02 -1.21111e+02 -1.33745e+02
1.92640e+05 1.92600e+03 -1.25234e+02 -1.18980e+02 -1.31489e+02 -1.27329e+02 -1.21077e+02 -1.33581e+02
1.93280e+05 1.93200e+03 -1.24388e+02 -1.17807e+02 -1.30969e+02 -1.27226e+02 -1.21043e+02 -1.33409e+02
1.93920e+05 1.93900e+03 -1.26111e+02 -1.18063e+02 -1.34159e+02 -1.27115e+02 -1.21000e+02 -1.33231e+02
1.94560e+05 1.94500e+03 -1.24143e+02 -1.17802e+02 -1.30483e+02 -1.26995e+02 -1.20942e+02 -1.33049e+02
1.95200e+05 1.95200e+03 -1.36739e+02 -1.18082e+02 -1.55396e+02 -1.26867e+02 -1.20865e+02 -1.32869e+02
1.95840e+05 1.95800e+03 -1.31956e+02 -1.18390e+02 -1.45521e+02 -1.26731e+02 -1.20768e+02 -1.32695e+02
1.96480e+05 1.96400e+03 -1.42511e+02 -1.30186e+02 -1.54835e+02 -1.26592e+02 -1.20649e+02 -1.32535e+02
1.97120e+05 1.97100e+03 -1.25013e+02 -1.18220e+02 -1.31806e+02 -1.26452e+02 -1.20508e+02 -1.32396e+02
1.97760e+05 1.97700e+03 -1.24019e+02 -1.17483e+02 -1.30554e+02 -1.26316e+02 -1.20347e+02 -1.32286e+02
1.98400e+05 1.98400e+03 -1.24243e+02 -1.17652e+02 -1.30833e+02 -1.26190e+02 -1.20165e+02 -1.32215e+02
1.99040e+05 1.99000e+03 -1.24454e+02 -1.18107e+02 -1.30800e+02 -1.26081e+02 -1.19969e+02 -1.32194e+02
1.99680e+05 1.99600e+03 -1.24016e+02 -1.17851e+02 -1.30181e+02 -1.26000e+02 -1.19768e+02 -1.32232e+02
2.00320e+05 2.00300e+03 -1.40003e+02 -1.18182e+02 -1.61824e+02 -1.25950e+02 -1.19575e+02 -1.32325e+02
2.00960e+05 2.00900e+03 -1.24603e+02 -1.17902e+02 -1.31305e+02 -1.25928e+02 -1.19400e+02 -1.32457e+02
2.01600e+05 2.01600e+03 -1.23964e+02 -1.16924e+02 -1.31004e+02 -1.25927e+02 -1.19249e+02 -1.32604e+02
2.02240e+05 2.02200e+03 -1.23805e+02 -1.16958e+02 -1.30653e+02 -1.25930e+02 -1.19121e+02 -1.32740e+02
2.02880e+05 2.02800e+03 -1.23850e+02 -1.16713e+02 -1.30988e+02 -1.25930e+02 -1.19012e+02 -1.32847e+02
2.03520e+05 2.03500e+03 -1.24043e+02 -1.17231e+02 -1.30855e+02 -1.25913e+02 -1.18914e+02 -1.32913e+02
2.04160e+05 2.04100e+03 -1.23481e+02 -1.16153e+02 -1.30809e+02 -1.25877e+02 -1.18818e+02 -1.32937e+02
2.04800e+05 2.04800e+03 -1.23067e+02 -1.16420e+02 -1.29715e+02 -1.25822e+02 -1.18720e+02 -1.32923e+02
2.05440e+05 2.05400e+03 -1.22702e+02 -1.15919e+02 -1.29485e+02 -1.25745e+02 -1.18616e+02 -1.32874e+02
2.06080e+05 2.06000e+03 -1.22954e+02 -1.16358e+02 -1.29549e+02 -1.25651e+02 -1.18505e+02 -1.32797e+02
2.06720e+05 2.06700e+03 -1.22752e+02 -1.16438e+02 -1.29066e+02 -1.25541e+02 -1.18387e+02 -1.32695e+02
2.07360e+05 2.07300e+03 -1.23038e+02 -1.17072e+02 -1.29005e+02 -1.25419e+02 -1.18266e+02 -1.32573e+02
2.08000e+05 2.08000e+03 -1.24713e+02 -1.16250e+02 -1.33175e+02 -1.25291e+02 -1.18147e+02 -1.32435e+02
2.08640e+05 2.08600e+03 -1.22269e+02 -1.16091e+02 -1.28448e+02 -1.25162e+02 -1.18039e+02 -1.32285e+02
2.09280e+05 2.09200e+03 -1.22239e+02 -1.15750e+02 -1.28727e+02 -1.25036e+02 -1.17949e+02 -1.32123e+02
2.09920e+05 2.09900e+03 -1.22601e+02 -1.15906e+02 -1.29296e+02 -1.24915e+02 -1.17881e+02 -1.31950e+02
2.10560e+05 2.10500e+03 -1.22297e+02 -1.15459e+02 -1.29136e+02 -1.24800e+02 -1.17833e+02 -1.31767e+02
2.11200e+05 2.11200e+03 -1.22602e+02 -1.16608e+02 -1.28595e+02 -1.24687e+02 -1.17799e+02 -1.31575e+02
2.11840e+05 2.11800e+03 -1.22047e+02 -1.16166e+02 -1.27928e+02 -1.24578e+02 -1.17778e+02 -1.31378e+02
2.12480e+05 2.12400e+03 -1.22739e+02 -1.17463e+02 -1.28014e+02 -1.24476e+02 -1.17772e+02 -1.31180e+02
2.13120e+05 2.13100e+03 -1.22376e+02 -1.17577e+02 -1.27176e+02 -1.24387e+02 -1.17791e+02 -1.30983e+02
2.13760e+05 2.13700e+03 -1.22698e+02 -1.16346e+02 -1.29050e+02 -1.24320e+02 -1.17851e+02 -1.30790e+02
2.14400e+05 2.14400e+03 -1.22485e+02 -1.16955e+02 -1.28015e+02 -1.24279e+02 -1.17959e+02 -1.30600e+02
2.15040e+05 2.15000e+03 -1.22784e+02 -1.16920e+02 -1.28648e+02 -1.24262e+02 -1.18111e+02 -1.30412e+02
2.15680e+05 2.15600e+03 -1.22808e+02 -1.16471e+02 -1.29144e+02 -1.24258e+02 -1.18291e+02 -1.30226e+02
2.16320e+05 2.16300e+03 -1.22611e+02 -1.16461e+02 -1.28760e+02 -1.24257e+02 -1.18470e+02 -1.30043e+02
2.16960e+05 2.16900e+03 -1.21293e+02 -1.15932e+02 -1.26653e+02 -1.24245e+02 -1.18621e+02 -1.29869e+02
2.17600e+05 2.17600e+03 -1.21941e+02 -1.16065e+02 -1.27817e+02 -1.24215e+02 -1.18719e+02 -1.29712e+02
2.18240e+05 2.18200e+03 -1.21710e+02 -1.16080e+02 -1.27341e+02 -1.24165e+02 -1.18751e+02 -1.29578e+02
2.18880e+05 2.18800e+03 -1.21276e+02 -1.15505e+02 -1.27047e+02 -1.24090e+02 -1.18713e+02 -1.29468e+02
2.19520e+05 2.19500e+03 -1.22093e+02 -1.15680e+02 -1.28505e+02 -1.23995e+02 -1.18611e+02 -1.29380e+02
2.20160e+05 2.20100e+03 -1.21390e+02 -1.15645e+02 -1.27135e+02 -1.23880e+02 -1.18455e+02 -1.29304e+02
2.20800e+05 2.20800e+03 -1.21572e+02 -1.15297e+02 -1.27846e+02 -1.23744e+02 -1.18259e+02 -1.29230e+02
2.21440e+05 2.21400e+03 -1.21285e+02 -1.16188e+02 -1.26383e+02 -1.23592e+02 -1.18038e+02 -1.29146e+02
2.22080e+05 2.22000e+03 -1.21031e+02 -1.15226e+02 -1.26836e+02 -1.23425e+02 -1.17804e+02 -1.29046e+02
2.22720e+05 2.22700e+03 -1.21386e+02 -1.15311e+02 -1.27461e+02 -1.23246e+02 -1.17568e+02 -1.28924e+02
2.23360e+05 2.23300e+03 -1.21601e+02 -1.15900e+02 -1.27301e+02 -1.23059e+02 -1.17336e+02 -1.28781e+02
2.24000e+05 2.24000e+03 -1.20986e+02 -1.15549e+02 -1.26423e+02 -1.22868e+02 -1.17115e+02 -1.28621e+02
2.24640e+05 2.24600e+03 -1.20363e+02 -1.14754e+02 -1.25971e+02 -1.22679e+02 -1.16908e+02 -1.28451e+02
2.25280e+05 2.25200e+03 -1.20847e+02 -1.15236e+02 -1.26458e+02 -1.22498e+02 -1.16718e+02 -1.28277e+02
2.25920e+05 2.25900e+03 -1.20846e+02 -1.15272e+02 -1.26419e+02 -1.22325e+02 -1.16545e+02 -1.28105e+02
2.26560e+05 2.26500e+03 -1.20815e+02 -1.15155e+02 -1.26474e+02 -1.22166e+02 -1.16391e+02 -1.27942e+02
2.27200e+05 2.27200e+03 -1.20743e+02 -1.15071e+02 -1.26416e+02 -1.22023e+02 -1.16255e+02 -1.27790e+02
2.27840e+05 2.27800e+03 -1.20573e+02 -1.14814e+02 -1.26333e+02 -1.21893e+02 -1.16135e+02 -1.27651e+02
2.28480e+05 2.28400e+03 -1.20373e+02 -1.15227e+02 -1.25519e+02 -1.21775e+02 -1.16028e+02 -1.27523e+02
2.29120e+05 2.29100e+03 -1.20187e+02 -1.15115e+02 -1.25259e+02 -1.21669e+02 -1.15933e+02 -1.27406e+02
2.29760e+05 2.29700e+03 -1.20398e+02 -1.14999e+02 -1.25797e+02 -1.21572e+02 -1.15846e+02 -1.27297e+02
2.30400e+05 2.30400e+03 -1.20167e+02 -1.14548e+02 -1.25786e+02 -1.21480e+02 -1.15764e+02 -1.27196e+02
2.31040e+05 2.31000e+03 -1.19906e+02 -1.14143e+02 -1.25670e+02 -1.21392e+02 -1.15684e+02 -1.27100e+02
2.31680e+05 2.31600e+03 -1.19608e+02 -1.14111e+02 -1.25106e+02 -1.21306e+02 -1.15605e+02 -1.27008e+02
2.32320e+05 2.32300e+03 -1.19608e+02 -1.14336e+02 -1.24881e+02 -1.21222e+02 -1.15525e+02 -1.26920e+02
2.32960e+05 2.32900e+03 -1.19862e+02 -1.14526e+02 -1.25199e+02 -1.21139e+02 -1.15445e+02 -1.26834e+02
2.33600e+05 2.33600e+03 -1.20037e+02 -1.14308e+02 -1.25765e+02 -1.21057e+02 -1.15367e+02 -1.26747e+02
2.34240e+05 2.34200e+03 -1.19422e+02 -1.15304e+02 -1.23540e+02 -1.20976e+02 -1.15293e+02 -1.26659e+02
2.34880e+05 2.34800e+03 -1.20688e+02 -1.16480e+02 -1.24895e+02 -1.20898e+02 -1.15228e+02 -1.26568e+02
2.35520e+05 2.35500e+03 -1.20344e+02 -1.14394e+02 -1.26293e+02 -1.20825e+02 -1.15179e+02 -1.26471e+02
2.36160e+05 2.36100e+03 -1.19613e+02 -1.14078e+02 -1.25148e+02 -1.20763e+02 -1.15156e+02 -1.26369e+02
2.36800e+05 2.36800e+03 -1.19444e+02 -1.14137e+02 -1.24750e+02 -1.20716e+02 -1.15171e+02 -1.26260e+02
2.37440e+05 2.37400e+03 -1.19418e+02 -1.14872e+02 -1.23965e+02 -1.20690e+02 -1.15234e+02 -1.26146e+02
2.38080e+05 2.38000e+03 -1.19166e+02 -1.14241e+02 -1.24090e+02 -1.20688e+02 -1.15349e+02 -1.26026e+02
2.38720e+05 2.38700e+03 -1.19465e+02 -1.13934e+02 -1.24997e+02 -1.20704e+02 -1.15507e+02 -1.25902e+02
2.39360e+05 2.39300e+03 -1.18854e+02 -1.14048e+02 -1.23660e+02 -1.20733e+02 -1.15690e+02 -1.25776e+02
2.40000e+05 2.40000e+03 -1.18650e+02 -1.14298e+02 -1.23003e+02 -1.20760e+02 -1.15871e+02 -1.25649e+02
2.40640e+05 2.40600e+03 -1.18769e+02 -1.14429e+02 -1.23108e+02 -1.20773e+02 -1.16023e+02 -1.25524e+02
2.41280e+05 2.41200e+03 -1.18318e+02 -1.14131e+02 -1.22505e+02 -1.20762e+02 -1.16124e+02 -1.25401e+02
2.41920e+05 2.41900e+03 -1.18364e+02 -1.13612e+02 -1.23117e+02 -1.20723e+02 -1.16164e+02 -1.25282e+02
2.42560e+05 2.42500e+03 -1.17906e+02 -1.13180e+02 -1.22631e+02 -1.20654e+02 -1.16143e+02 -1.25164e+02
2.43200e+05 2.43200e+03 -1.39585e+02 -1.33456e+02 -1.45714e+02 -1.20559e+02 -1.16071e+02 -1.25047e+02
2.43840e+05 2.43800e+03 -1.17938e+02 -1.13024e+02 -1.22852e+02 -1.20448e+02 -1.15969e+02 -1.24928e+02
2.44480e+05 2.44400e+03 -1.18966e+02 -1.14747e+02 -1.23186e+02 -1.20328e+02 -1.15854e+02 -1.24803e+02
2.45120e+05 2.45100e+03 -1.28200e+02 -1.22161e+02 -1.34239e+02 -1.20209e+02 -1.15744e+02 -1.24674e+02
2.45760e+05 2.45700e+03 -1.17444e+02 -1.12880e+02 -1.22008e+02 -1.20094e+02 -1.15646e+02 -1.24541e+02
2.46400e+05 2.46400e+03 -1.18291e+02 -1.13418e+02 -1.23163e+02 -1.19987e+02 -1.15561e+02 -1.24413e+02
2.47040e+05 2.47000e+03 -1.18290e+02 -1.12657e+02 -1.23923e+02 -1.19893e+02 -1.15489e+02 -1.24296e+02
2.47680e+05 2.47600e+03 -1.31886e+02 -1.12651e+02 -1.51120e+02 -1.19812e+02 -1.15426e+02 -1.24198e+02
2.48320e+05 2.48300e+03 -1.17469e+02 -1.12515e+02 -1.22422e+02 -1.19745e+02 -1.15371e+02 -1.24120e+02
2.48960e+05 2.48900e+03 -1.17887e+02 -1.12430e+02 -1.23343e+02 -1.19691e+02 -1.15320e+02 -1.24061e+02
2.49600e+05 2.49600e+03 -1.17186e+02 -1.12901e+02 -1.21471e+02 -1.19644e+02 -1.15273e+02 -1.24015e+02
2.50240e+05 2.50200e+03 -1.18816e+02 -1.12725e+02 -1.24906e+02 -1.19601e+02 -1.15225e+02 -1.23977e+02
2.50880e+05 2.50800e+03 -1.18329e+02 -1.12465e+02 -1.24193e+02 -1.19558e+02 -1.15169e+02 -1.23948e+02
2.51520e+05 2.51500e+03 -1.17749e+02 -1.12622e+02 -1.22876e+02 -1.19513e+02 -1.15096e+02 -1.23930e+02
2.52160e+05 2.52100e+03 -1.16868e+02 -1.11976e+02 -1.21759e+02 -1.19462e+02 -1.14998e+02 -1.23925e+02
2.52800e+05 2.52800e+03 -1.17660e+02 -1.13225e+02 -1.22095e+02 -1.19402e+02 -1.14872e+02 -1.23932e+02
2.53440e+05 2.53400e+03 -1.16262e+02 -1.11674e+02 -1.20850e+02 -1.19328e+02 -1.14716e+02 -1.23941e+02
2.54080e+05 2.54000e+03 -1.16472e+02 -1.11528e+02 -1.21415e+02 -1.19242e+02 -1.14539e+02 -1.23945e+02
2.54720e+05 2.54700e+03 -1.32784e+02 -1.11874e+02 -1.53693e+02 -1.19143e+02 -1.14356e+02 -1.23931e+02
2.55360e+05 2.55300e+03 -1.17824e+02 -1.14706e+02 -1.20942e+02 -1.19040e+02 -1.14186e+02 -1.23894e+02
2.56000e+05 2.56000e+03 -1.17481e+02 -1.13276e+02 -1.21685e+02 -1.18941e+02 -1.14053e+02 -1.23828e+02
2.56640e+05 2.56600e+03 -1.28536e+02 -1.13484e+02 -1.43588e+02 -1.18853e+02 -1.13974e+02 -1.23733e+02
2.57280e+05 2.57200e+03 -1.18013e+02 -1.14845e+02 -1.21182e+02 -1.18787e+02 -1.13961e+02 -1.23613e+02
2.57920e+05 2.57900e+03 -1.17745e+02 -1.13331e+02 -1.22160e+02 -1.18749e+02 -1.14011e+02 -1.23486e+02
2.58560e+05 2.58500e+03 -1.16931e+02 -1.12862e+02 -1.21001e+02 -1.18746e+02 -1.14112e+02 -1.23380e+02
2.59200e+05 2.59200e+03 -1.17207e+02 -1.13903e+02 -1.20511e+02 -1.18787e+02 -1.14245e+02 -1.23328e+02
2.59840e+05 2.59800e+03 -1.19206e+02 -1.17697e+02 -1.20715e+02 -1.18876e+02 -1.14393e+02 -1.23359e+02
2.60480e+05 2.60400e+03 -1.17383e+02 -1.13549e+02 -1.21217e+02 -1.19016e+02 -1.14544e+02 -1.23488e+02
2.61120e+05 2.61100e+03 -1.17927e+02 -1.12280e+02 -1.23573e+02 -1.19197e+02 -1.14691e+02 -1.23703e+02
2.61760e+05 2.61700e+03 -1.16286e+02 -1.12297e+02 -1.20276e+02 -1.19401e+02 -1.14830e+02 -1.23972e+02
2.62400e+05 2.62400e+03 -1.17033e+02 -1.11278e+02 -1.22788e+02 -1.19602e+02 -1.14955e+02 -1.24248e+02
2.63040e+05 2.63000e+03 -1.16415e+02 -1.12110e+02 -1.20719e+02 -1.19773e+02 -1.15063e+02 -1.24484e+02
2.63680e+05 2.63600e+03 -1.16240e+02 -1.12006e+02 -1.20475e+02 -1.19895e+02 -1.15150e+02 -1.24641e+02
2.64320e+05 2.64300e+03 -1.15573e+02 -1.11005e+02 -1.20142e+02 -1.19953e+02 -1.15212e+02 -1.24695e+02
2.64960e+05 2.64900e+03 -1.16136e+02 -1.12140e+02 -1.20133e+02 -1.19941e+02 -1.15243e+02 -1.24639e+02
2.65600e+05 2.65600e+03 -1.16143e+02 -1.11720e+02 -1.20566e+02 -1.19859e+02 -1.15234e+02 -1.24485e+02
2.66240e+05 2.66200e+03 -1.15373e+02 -1.11137e+02 -1.19608e+02 -1.19715e+02 -1.15175e+02 -1.24255e+02
2.66880e+05 2.66800e+03 -1.15203e+02 -1.11479e+02 -1.18928e+02 -1.19519e+02 -1.15061e+02 -1.23976e+02
2.67520e+05 2.67500e+03 -1.14531e+02 -1.10648e+02 -1.18415e+02 -1.19282e+02 -1.14890e+02 -1.23674e+02
2.68160e+05 2.68100e+03 -1.15407e+02 -1.10942e+02 -1.19872e+02 -1.19017e+02 -1.14667e+02 -1.23368e+02
2.68800e+05 2.68800e+03 -1.15443e+02 -1.10812e+02 -1.20074e+02 -1.18736e+02 -1.14404e+02 -1.23068e+02
2.69440e+05 2.69400e+03 -1.15245e+02 -1.10978e+02 -1.19513e+02 -1.18445e+02 -1.14113e+02 -1.22777e+02
2.70080e+05 2.70000e+03 -1.14732e+02 -1.10600e+02 -1.18864e+02 -1.18150e+02 -1.13808e+02 -1.22493e+02
2.70720e+05 2.70700e+03 -1.15000e+02 -1.11129e+02 -1.18871e+02 -1.17859e+02 -1.13502e+02 -1.22217e+02
2.71360e+05 2.71300e+03 -1.14612e+02 -1.10548e+02 -1.18675e+02 -1.17578e+02 -1.13205e+02 -1.21952e+02
2.72000e+05 2.72000e+03 -1.14447e+02 -1.10337e+02 -1.18556e+02 -1.17316e+02 -1.12922e+02 -1.21711e+02
2.72640e+05 2.72600e+03 -1.14397e+02 -1.10304e+02 -1.18489e+02 -1.17083e+02 -1.12656e+02 -1.21510e+02
2.73280e+05 2.73200e+03 -1.14887e+02 -1.10540e+02 -1.19234e+02 -1.16886e+02 -1.12407e+02 -1.21365e+02
2.73920e+05 2.73900e+03 -1.14797e+02 -1.10414e+02 -1.19180e+02 -1.16727e+02 -1.12175e+02 -1.21280e+02
2.74560e+05 2.74500e+03 -1.15391e+02 -1.11438e+02 -1.19343e+02 -1.16607e+02 -1.11961e+02 -1.21253e+02
2.75200e+05 2.75200e+03 -1.14847e+02 -1.11214e+02 -1.18481e+02 -1.16517e+02 -1.11763e+02 -1.21270e+02
2.75840e+05 2.75800e+03 -1.14361e+02 -1.10264e+02 -1.18457e+02 -1.16450e+02 -1.11584e+02 -1.21315e+02
2.76480e+05 2.76400e+03 -1.14197e+02 -1.10092e+02 -1.18301e+02 -1.16395e+02 -1.11422e+02 -1.21369e+02
2.77120e+05 2.77100e+03 -1.14514e+02 -1.10129e+02 -1.18900e+02 -1.16346e+02 -1.11280e+02 -1.21411e+02
2.77760e+05 2.77700e+03 -1.14657e+02 -1.10723e+02 -1.18591e+02 -1.16290e+02 -1.11156e+02 -1.21423e+02
2.78400e+05 2.78400e+03 -1.14766e+02 -1.10435e+02 -1.19097e+02 -1.16221e+02 -1.11049e+02 -1.21392e+02
2.79040e+05 2.79000e+03 -1.13983e+02 -1.09709e+02 -1.18258e+02 -1.16134e+02 -1.10958e+02 -1.21310e+02
2.79680e+05 2.79600e+03 -1.13715e+02 -1.09829e+02 -1.17602e+02 -1.16029e+02 -1.10879e+02 -1.21179e+02
2.80320e+05 2.80300e+03 -1.14046e+02 -1.10558e+02 -1.17534e+02 -1.15907e+02 -1.10810e+02 -1.21004e+02
2.80960e+05 2.80900e+03 -1.14622e+02 -1.10864e+02 -1.18380e+02 -1.15771e+02 -1.10748e+02 -1.20794e+02
2.81600e+05 2.81600e+03 -1.14318e+02 -1.09463e+02 -1.19173e+02 -1.15626e+02 -1.10690e+02 -1.20563e+02
2.82240e+05 2.82200e+03 -1.14556e+02 -1.11370e+02 -1.17742e+02 -1.15478e+02 -1.10633e+02 -1.20323e+02
2.82880e+05 2.82800e+03 -1.14912e+02 -1.12026e+02 -1.17799e+02 -1.15331e+02 -1.10577e+02 -1.20085e+02
2.83520e+05 2.83500e+03 -1.14298e+02 -1.09400e+02 -1.19196e+02 -1.15190e+02 -1.10522e+02 -1.19857e+02
2.84160e+05 2.84100e+03 -1.14907e+02 -1.11836e+02 -1.17979e+02 -1.15058e+02 -1.10468e+02 -1.19647e+02
2.84800e+05 2.84800e+03 -1.14172e+02 -1.11184e+02 -1.17160e+02 -1.14938e+02 -1.10416e+02 -1.19459e+02
2.85440e+05 2.85400e+03 -1.14590e+02 -1.11212e+02 -1.17968e+02 -1.14836e+02 -1.10373e+02 -1.19299e+02
2.86080e+05 2.86000e+03 -1.20268e+02 -1.09953e+02 -1.30583e+02 -1.14758e+02 -1.10346e+02 -1.19170e+02
2.86720e+05 2.86700e+03 -1.21389e+02 -1.11731e+02 -1.31048e+02 -1.14709e+02 -1.10344e+02 -1.19074e+02
2.87360e+05 2.87300e+03 -1.24875e+02 -1.14308e+02 -1.35441e+02 -1.14695e+02 -1.10373e+02 -1.19016e+02
2.88000e+05 2.88000e+03 -1.13358e+02 -1.09654e+02 -1.17063e+02 -1.14716e+02 -1.10437e+02 -1.18996e+02
2.88640e+05 2.88600e+03 -1.13634e+02 -1.09646e+02 -1.17622e+02 -1.14779e+02 -1.10539e+02 -1.19018e+02
2.89280e+05 2.89200e+03 -1.13341e+02 -1.09052e+02 -1.17631e+02 -1.14886e+02 -1.10683e+02 -1.19088e+02
2.89920e+05 2.89900e+03 -1.12901e+02 -1.09532e+02 -1.16271e+02 -1.15044e+02 -1.10868e+02 -1.19221e+02
2.90560e+05 2.90500e+03 -1.13043e+02 -1.08983e+02 -1.17104e+02 -1.15262e+02 -1.11090e+02 -1.19433e+02
2.91200e+05 2.91200e+03 -1.13088e+02 -1.08892e+02 -1.17285e+02 -1.15536e+02 -1.11338e+02 -1.19735e+02
2.91840e+05 2.91800e+03 -1.13195e+02 -1.09402e+02 -1.16987e+02 -1.15858e+02 -1.11597e+02 -1.20120e+02
2.92480e+05 2.92400e+03 -1.12769e+02 -1.09165e+02 -1.16373e+02 -1.16205e+02 -1.11845e+02 -1.20565e+02
2.93120e+05 2.93100e+03 -1.12791e+02 -1.09495e+02 -1.16087e+02 -1.16541e+02 -1.12059e+02 -1.21023e+02
2.93760e+05 2.93700e+03 -1.13052e+02 -1.09916e+02 -1.16187e+02 -1.16829e+02 -1.12216e+02 -1.21442e+02
2.94400e+05 2.94400e+03 -1.13231e+02 -1.09308e+02 -1.17153e+02 -1.17032e+02 -1.12299e+02 -1.21765e+02
2.95040e+05 2.95000e+03 -1.12728e+02 -1.08724e+02 -1.16732e+02 -1.17126e+02 -1.12301e+02 -1.21952e+02
2.95680e+05 2.95600e+03 -1.12922e+02 -1.09720e+02 -1.16125e+02 -1.17101e+02 -1.12221e+02 -1.21980e+02
2.96320e+05 2.96300e+03 -1.12800e+02 -1.08785e+02 -1.16816e+02 -1.16957e+02 -1.12068e+02 -1.21846e+02
2.96960e+05 2.96900e+03 -1.12470e+02 -1.08438e+02 -1.16501e+02 -1.16711e+02 -1.11856e+02 -1.21566e+02
2.97600e+05 2.97600e+03 -1.12971e+02 -1.09079e+02 -1.16863e+02 -1.16391e+02 -1.11610e+02 -1.21171e+02
2.98240e+05 2.98200e+03 -1.12391e+02 -1.09003e+02 -1.15778e+02 -1.16028e+02 -1.11361e+02 -1.20695e+02
2.98880e+05 2.98800e+03 -1.13135e+02 -1.08914e+02 -1.17355e+02 -1.15659e+02 -1.11142e+02 -1.20175e+02
2.99520e+05 2.99500e+03 -1.12725e+02 -1.09407e+02 -1.16043e+02 -1.15310e+02 -1.10974e+02 -1.19646e+02
3.00160e+05 3.00100e+03 -1.12474e+02 -1.08626e+02 -1.16321e+02 -1.15000e+02 -1.10866e+02 -1.19134e+02
3.00800e+05 3.00800e+03 -1.12737e+02 -1.09346e+02 -1.16127e+02 -1.14735e+02 -1.10808e+02 -1.18662e+02
3.01440e+05 3.01400e+03 -1.12723e+02 -1.09023e+02 -1.16423e+02 -1.14514e+02 -1.10782e+02 -1.18247e+02
3.02080e+05 3.02000e+03 -1.14832e+02 -1.09145e+02 -1.20520e+02 -1.14332e+02 -1.10763e+02 -1.17901e+02
3.02720e+05 3.02700e+03 -1.26534e+02 -1.08570e+02 -1.44499e+02 -1.14182e+02 -1.10733e+02 -1.17631e+02
3.03360e+05 3.03300e+03 -1.11904e+02 -1.08171e+02 -1.15636e+02 -1.14056e+02 -1.10678e+02 -1.17435e+02
3.04000e+05 3.04000e+03 -1.12341e+02 -1.08836e+02 -1.15847e+02 -1.13947e+02 -1.10592e+02 -1.17301e+02
3.04640e+05 3.04600e+03 -1.11922e+02 -1.07991e+02 -1.15852e+02 -1.13846e+02 -1.10478e+02 -1.17214e+02
3.05280e+05 3.05200e+03 -1.12011e+02 -1.08617e+02 -1.15405e+02 -1.13749e+02 -1.10342e+02 -1.17157e+02
3.05920e+05 3.05900e+03 -1.12136e+02 -1.08442e+02 -1.15831e+02 -1.13657e+02 -1.10192e+02 -1.17122e+02
3.06560e+05 3.06500e+03 -1.12302e+02 -1.08367e+02 -1.16236e+02 -1.13569e+02 -1.10034e+02 -1.17103e+02
3.07200e+05 3.07200e+03 -1.11846e+02 -1.08392e+02 -1.15301e+02 -1.13489e+02 -1.09876e+02 -1.17102e+02
3.07840e+05 3.07800e+03 -1.11873e+02 -1.08665e+02 -1.15080e+02 -1.13418e+02 -1.09721e+02 -1.17114e+02
3.08480e+05 3.08400e+03 -1.11802e+02 -1.08040e+02 -1.15563e+02 -1.13353e+02 -1.09573e+02 -1.17134e+02
3.09120e+05 3.09100e+03 -1.11910e+02 -1.07716e+02 -1.16105e+02 -1.13292e+02 -1.09434e+02 -1.17151e+02
3.09760e+05 3.09700e+03 -1.11515e+02 -1.07918e+02 -1.15112e+02 -1.13229e+02 -1.09303e+02 -1.17155e+02
3.10400e+05 3.10400e+03 -1.11251e+02 -1.07900e+02 -1.14602e+02 -1.13159e+02 -1.09181e+02 -1.17136e+02
3.11040e+05 3.11000e+03 -1.11323e+02 -1.07811e+02 -1.14834e+02 -1.13081e+02 -1.09069e+02 -1.17092e+02
3.11680e+05 3.11600e+03 -1.10781e+02 -1.07569e+02 -1.13994e+02 -1.12997e+02 -1.08965e+02 -1.17029e+02
3.12320e+05 3.12300e+03 -1.11350e+02 -1.07851e+02 -1.14849e+02 -1.12911e+02 -1.08868e+02 -1.16954e+02
3.12960e+05 3.12900e+03 -1.11082e+02 -1.07801e+02 -1.14363e+02 -1.12827e+02 -1.08777e+02 -1.16877e+02
3.13600e+05 3.13600e+03 -1.11570e+02 -1.07499e+02 -1.15642e+02 -1.12748e+02 -1.08690e+02 -1.16805e+02
3.14240e+05 3.14200e+03 -1.10941e+02 -1.07763e+02 -1.14119e+02 -1.12675e+02 -1.08605e+02 -1.16746e+02
3.14880e+05 3.14800e+03 -1.11141e+02 -1.08138e+02 -1.14143e+02 -1.12611e+02 -1.08522e+02 -1.16700e+02
3.15520e+05 3.15500e+03 -1.11110e+02 -1.07476e+02 -1.14744e+02 -1.12553e+02 -1.08442e+02 -1.16665e+02
3.16160e+05 3.16100e+03 -1.11273e+02 -1.07919e+02 -1.14626e+02 -1.12498e+02 -1.08365e+02 -1.16631e+02
3.16800e+05 3.16800e+03 -1.11465e+02 -1.07620e+02 -1.15309e+02 -1.12441e+02 -1.08294e+02 -1.16589e+02
3.17440e+05 3.17400e+03 -1.11000e+02 -1.07301e+02 -1.14699e+02 -1.12379e+02 -1.08228e+02 -1.16529e+02
3.18080e+05 3.18000e+03 -1.11599e+02 -1.07989e+02 -1.15208e+02 -1.12308e+02 -1.08170e+02 -1.16446e+02
3.18720e+05 3.18700e+03 -1.11507e+02 -1.07912e+02 -1.15103e+02 -1.12227e+02 -1.08119e+02 -1.16335e+02
3.19360e+05 3.19300e+03 -1.10934e+02 -1.07788e+02 -1.14080e+02 -1.12137e+02 -1.08077e+02 -1.16198e+02
3.20000e+05 3.20000e+03 -1.11401e+02 -1.07566e+02 -1.15236e+02 -1.12042e+02 -1.08043e+02 -1.16041e+02
3.20640e+05 3.20600e+03 -1.10689e+02 -1.07257e+02 -1.14120e+02 -1.11944e+02 -1.08016e+02 -1.15871e+02
3.21280e+05 3.21200e+03 -1.10514e+02 -1.06864e+02 -1.14165e+02 -1.11847e+02 -1.07996e+02 -1.15699e+02
3.21920e+05 3.21900e+03 -1.11370e+02 -1.07144e+02 -1.15596e+02 -1.11758e+02 -1.07982e+02 -1.15534e+02
3.22560e+05 3.22500e+03 -1.10892e+02 -1.07926e+02 -1.13857e+02 -1.11676e+02 -1.07971e+02 -1.15381e+02
3.23200e+05 3.23200e+03 -1.10540e+02 -1.06958e+02 -1.14121e+02 -1.11604e+02 -1.07962e+02 -1.15246e+02
3.23840e+05 3.23800e+03 -1.10674e+02 -1.07480e+02 -1.13867e+02 -1.11540e+02 -1.07951e+02 -1.15129e+02
3.24480e+05 3.24400e+03 -1.10770e+02 -1.07284e+02 -1.14257e+02 -1.11483e+02 -1.07935e+02 -1.15030e+02
3.25120e+05 3.25100e+03 -1.10075e+02 -1.06595e+02 -1.13555e+02 -1.11428e+02 -1.07912e+02 -1.14944e+02
3.25760e+05 3.25700e+03 -1.11118e+02 -1.07181e+02 -1.15054e+02 -1.11375e+02 -1.07879e+02 -1.14870e+02
3.26400e+05 3.26400e+03 -1.09970e+02 -1.06176e+02 -1.13764e+02 -1.11320e+02 -1.07835e+02 -1.14804e+02
3.27040e+05 3.27000e+03 -1.10859e+02 -1.07533e+02 -1.14185e+02 -1.11262e+02 -1.07782e+02 -1.14743e+02
3.27680e+05 3.27600e+03 -1.10469e+02 -1.06136e+02 -1.14801e+02 -1.11203e+02 -1.07720e+02 -1.14686e+02
3.28320e+05 3.28300e+03 -1.10295e+02 -1.06573e+02 -1.14017e+02 -1.11142e+02 -1.07653e+02 -1.14631e+02
3.28960e+05 3.28900e+03 -1.10773e+02 -1.06715e+02 -1.14832e+02 -1.11082e+02 -1.07586e+02 -1.14579e+02
3.29600e+05 3.29600e+03 -1.10117e+02 -1.06282e+02 -1.13952e+02 -1.11026e+02 -1.07520e+02 -1.14532e+02
3.30240e+05 3.30200e+03 -1.10261e+02 -1.06783e+02 -1.13739e+02 -1.10975e+02 -1.07457e+02 -1.14493e+02
3.30880e+05 3.30800e+03 -1.10159e+02 -1.06867e+02 -1.13451e+02 -1.10931e+02 -1.07398e+02 -1.14465e+02
3.31520e+05 3.31500e+03 -1.09826e+02 -1.06458e+02 -1.13194e+02 -1.10897e+02 -1.07348e+02 -1.14446e+02
3.32160e+05 3.32100e+03 -1.09751e+02 -1.06317e+02 -1.13186e+02 -1.10873e+02 -1.07311e+02 -1.14435e+02
3.32800e+05 3.32800e+03 -1.10775e+02 -1.06681e+02 -1.14869e+02 -1.10859e+02 -1.07291e+02 -1.14428e+02
3.33440e+05 3.33400e+03 -1.09835e+02 -1.06379e+02 -1.13290e+02 -1.10856e+02 -1.07289e+02 -1.14422e+02
3.34080e+05 3.34000e+03 -1.10266e+02 -1.06305e+02 -1.14226e+02 -1.10859e+02 -1.07307e+02 -1.14411e+02
3.34720e+05 3.34700e+03 -1.09922e+02 -1.06457e+02 -1.13388e+02 -1.10870e+02 -1.07346e+02 -1.14394e+02
3.35360e+05 3.35300e+03 -1.09829e+02 -1.06346e+02 -1.13312e+02 -1.10885e+02 -1.07404e+02 -1.14366e+02
3.36000e+05 3.36000e+03 -1.09812e+02 -1.06296e+02 -1.13328e+02 -1.10903e+02 -1.07477e+02 -1.14329e+02
3.36640e+05 3.36600e+03 -1.09523e+02 -1.06285e+02 -1.12762e+02 -1.10918e+02 -1.07554e+02 -1.14282e+02
3.37280e+05 3.37200e+03 -1.09721e+02 -1.06556e+02 -1.12886e+02 -1.10925e+02 -1.07623e+02 -1.14228e+02
3.37920e+05 3.37900e+03 -1.10084e+02 -1.06720e+02 -1.13448e+02 -1.10920e+02 -1.07672e+02 -1.14168e+02
3.38560e+05 3.38500e+03 -1.09672e+02 -1.06489e+02 -1.12855e+02 -1.10900e+02 -1.07691e+02 -1.14108e+02
3.39200e+05 3.39200e+03 -1.09756e+02 -1.06434e+02 -1.13079e+02 -1.10864e+02 -1.07678e+02 -1.14051e+02
3.39840e+05 3.39800e+03 -1.09827e+02 -1.06194e+02 -1.13459e+02 -1.10819e+02 -1.07634e+02 -1.14003e+02
3.40480e+05 3.40400e+03 -1.10001e+02 -1.06681e+02 -1.13321e+02 -1.10764e+02 -1.07562e+02 -1.13967e+02
3.41120e+05 3.41100e+03 -1.09279e+02 -1.06179e+02 -1.12380e+02 -1.10706e+02 -1.07469e+02 -1.13943e+02
3.41760e+05 3.41700e+03 -1.09403e+02 -1.06522e+02 -1.12284e+02 -1.10646e+02 -1.07364e+02 -1.13928e+02
3.42400e+05 3.42400e+03 -1.09651e+02 -1.05992e+02 -1.13311e+02 -1.10584e+02 -1.07253e+02 -1.13916e+02
3.43040e+05 3.43000e+03 -1.09163e+02 -1.06195e+02 -1.12132e+02 -1.10523e+02 -1.07142e+02 -1.13903e+02
3.43680e+05 3.43600e+03 -1.09489e+02 -1.05914e+02 -1.13063e+02 -1.10459e+02 -1.07034e+02 -1.13883e+02
3.44320e+05 3.44300e+03 -1.09326e+02 -1.05870e+02 -1.12782e+02 -1.10393e+02 -1.06934e+02 -1.13852e+02
3.44960e+05 3.44900e+03 -1.09803e+02 -1.06333e+02 -1.13273e+02 -1.10325e+02 -1.06842e+02 -1.13808e+02
3.45600e+05 3.45600e+03 -1.09130e+02 -1.05768e+02 -1.12491e+02 -1.10255e+02 -1.06759e+02 -1.13750e+02
3.46240e+05 3.46200e+03 -1.09484e+02 -1.05941e+02 -1.13027e+02 -1.10183e+02 -1.06685e+02 -1.13680e+02
3.46880e+05 3.46800e+03 -1.09174e+02 -1.05900e+02 -1.12448e+02 -1.10112e+02 -1.06621e+02 -1.13602e+02
3.47520e+05 3.47500e+03 -1.08768e+02 -1.05993e+02 -1.11543e+02 -1.10046e+02 -1.06571e+02 -1.13520e+02
3.48160e+05 3.48100e+03 -1.09212e+02 -1.06471e+02 -1.11952e+02 -1.09992e+02 -1.06542e+02 -1.13441e+02
3.48800e+05 3.48800e+03 -1.09145e+02 -1.06056e+02 -1.12234e+02 -1.09954e+02 -1.06540e+02 -1.13368e+02
3.49440e+05 3.49400e+03 -1.08993e+02 -1.06140e+02 -1.11847e+02 -1.09934e+02 -1.06566e+02 -1.13303e+02
3.50080e+05 3.50000e+03 -1.09276e+02 -1.06271e+02 -1.12281e+02 -1.09929e+02 -1.06615e+02 -1.13244e+02
3.50720e+05 3.50700e+03 -1.09173e+02 -1.06326e+02 -1.12020e+02 -1.09933e+02 -1.06676e+02 -1.13189e+02
3.51360e+05 3.51300e+03 -1.09064e+02 -1.06582e+02 -1.11547e+02 -1.09936e+02 -1.06736e+02 -1.13135e+02
3.52000e+05 3.52000e+03 -1.09441e+02 -1.06207e+02 -1.12676e+02 -1.09931e+02 -1.06785e+02 -1.13077e+02
3.52640e+05 3.52600e+03 -1.10148e+02 -1.08539e+02 -1.11757e+02 -1.09914e+02 -1.06815e+02 -1.13013e+02
3.53280e+05 3.53200e+03 -1.09188e+02 -1.05887e+02 -1.12489e+02 -1.09884e+02 -1.06826e+02 -1.12942e+02
3.53920e+05 3.53900e+03 -1.09069e+02 -1.05986e+02 -1.12152e+02 -1.09842e+02 -1.06820e+02 -1.12864e+02
3.54560e+05 3.54500e+03 -1.09138e+02 -1.06092e+02 -1.12184e+02 -1.09790e+02 -1.06799e+02 -1.12780e+02
3.55200e+05 3.55200e+03 -1.08758e+02 -1.06181e+02 -1.11335e+02 -1.09732e+02 -1.06769e+02 -1.12695e+02
3.55840e+05 3.55800e+03 -1.09027e+02 -1.06131e+02 -1.11923e+02 -1.09673e+02 -1.06733e+02 -1.12613e+02
3.56480e+05 3.56400e+03 -1.08842e+02 -1.05828e+02 -1.11856e+02 -1.09620e+02 -1.06702e+02 -1.12537e+02
3.57120e+05 3.57100e+03 -1.08891e+02 -1.06257e+02 -1.11524e+02 -1.09579e+02 -1.06687e+02 -1.12471e+02
3.57760e+05 3.57700e+03 -1.08782e+02 -1.05936e+02 -1.11628e+02 -1.09559e+02 -1.06701e+02 -1.12417e+02
3.58400e+05 3.58400e+03 -1.08780e+02 -1.06081e+02 -1.11479e+02 -1.09566e+02 -1.06756e+02 -1.12376e+02
3.59040e+05 3.59000e+03 -1.08552e+02 -1.06028e+02 -1.11075e+02 -1.09601e+02 -1.06857e+02 -1.12345e+02
3.59680e+05 3.59600e+03 -1.08206e+02 -1.05599e+02 -1.10812e+02 -1.09662e+02 -1.07001e+02 -1.12322e+02
3.60320e+05 3.60300e+03 -1.08648e+02 -1.05919e+02 -1.11377e+02 -1.09741e+02 -1.07180e+02 -1.12302e+02
3.60960e+05 3.60900e+03 -1.08720e+02 -1.05674e+02 -1.11766e+02 -1.09830e+02 -1.07378e+02 -1.12282e+02
3.61600e+05 3.61600e+03 -1.08728e+02 -1.05741e+02 -1.11716e+02 -1.09919e+02 -1.07578e+02 -1.12260e+02
3.62240e+05 3.62200e+03 -1.08606e+02 -1.05852e+02 -1.11360e+02 -1.09994e+02 -1.07758e+02 -1.12231e+02
3.62880e+05 3.62800e+03 -1.36636e+02 -1.11575e+02 -1.61696e+02 -1.10048e+02 -1.07901e+02 -1.12195e+02
3.63520e+05 3.63500e+03 -1.08698e+02 -1.06031e+02 -1.11366e+02 -1.10070e+02 -1.07989e+02 -1.12151e+02
3.64160e+05 3.64100e+03 -1.09044e+02 -1.05532e+02 -1.12556e+02 -1.10056e+02 -1.08013e+02 -1.12100e+02
3.64800e+05 3.64800e+03 -1.08728e+02 -1.05649e+02 -1.11807e+02 -1.10009e+02 -1.07975e+02 -1.12043e+02
3.65440e+05 3.65400e+03 -1.09116e+02 -1.06076e+02 -1.12156e+02 -1.09935e+02 -1.07887e+02 -1.11983e+02
3.66080e+05 3.66000e+03 -1.08519e+02 -1.05949e+02 -1.11089e+02 -1.09850e+02 -1.07775e+02 -1.11924e+02
3.66720e+05 3.66700e+03 -1.08418e+02 -1.05573e+02 -1.11263e+02 -1.09769e+02 -1.07670e+02 -1.11868e+02
3.67360e+05 3.67300e+03 -1.09194e+02 -1.06042e+02 -1.12345e+02 -1.09708e+02 -1.07597e+02 -1.11820e+02
3.68000e+05 3.68000e+03 -1.08546e+02 -1.05943e+02 -1.11148e+02 -1.09674e+02 -1.07566e+02 -1.11782e+02
3.68640e+05 3.68600e+03 -1.09115e+02 -1.05814e+02 -1.12416e+02 -1.09662e+02 -1.07569e+02 -1.11756e+02
3.69280e+05 3.69200e+03 -1.08614e+02 -1.06370e+02 -1.10857e+02 -1.09665e+02 -1.07589e+02 -1.11740e+02
3.69920e+05 3.69900e+03 -1.08739e+02 -1.06174e+02 -1.11303e+02 -1.09668e+02 -1.07604e+02 -1.11732e+02
3.70560e+05 3.70500e+03 -1.08570e+02 -1.06111e+02 -1.11028e+02 -1.09662e+02 -1.07594e+02 -1.11730e+02
3.71200e+05 3.71200e+03 -1.08256e+02 -1.06159e+02 -1.10353e+02 -1.09639e+02 -1.07548e+02 -1.11731e+02
3.71840e+05 3.71800e+03 -1.08475e+02 -1.05993e+02 -1.10958e+02 -1.09599e+02 -1.07463e+02 -1.11735e+02
3.72480e+05 3.72400e+03 -1.08903e+02 -1.06185e+02 -1.11620e+02 -1.09543e+02 -1.07345e+02 -1.11742e+02
3.73120e+05 3.73100e+03 -1.08556e+02 -1.06138e+02 -1.10975e+02 -1.09478e+02 -1.07203e+02 -1.11754e+02
3.73760e+05 3.73700e+03 -1.08720e+02 -1.06363e+02 -1.11077e+02 -1.09410e+02 -1.07050e+02 -1.11769e+02
3.74400e+05 3.74400e+03 -1.08463e+02 -1.05848e+02 -1.11078e+02 -1.09341e+02 -1.06897e+02 -1.11785e+02
3.75040e+05 3.75000e+03 -1.08829e+02 -1.05720e+02 -1.11939e+02 -1.09274e+02 -1.06753e+02 -1.11795e+02
3.75680e+05 3.75600e+03 -1.08491e+02 -1.05898e+02 -1.11084e+02 -1.09210e+02 -1.06625e+02 -1.11796e+02
3.76320e+05 3.76300e+03 -1.16799e+02 -1.10483e+02 -1.23116e+02 -1.09149e+02 -1.06515e+02 -1.11783e+02
3.76960e+05 3.76900e+03 -1.08566e+02 -1.06155e+02 -1.10977e+02 -1.09090e+02 -1.06426e+02 -1.11755e+02
3.77600e+05 3.77600e+03 -1.08292e+02 -1.05871e+02 -1.10714e+02 -1.09035e+02 -1.06355e+02 -1.11715e+02
3.78240e+05 3.78200e+03 -1.08043e+02 -1.05960e+02 -1.10127e+02 -1.08983e+02 -1.06302e+02 -1.11664e+02
3.78880e+05 3.78800e+03 -1.08237e+02 -1.05676e+02 -1.10798e+02 -1.08935e+02 -1.06264e+02 -1.11607e+02
3.79520e+05 3.79500e+03 -1.08422e+02 -1.06202e+02 -1.10642e+02 -1.08896e+02 -1.06245e+02 -1.11547e+02
3.80160e+05 3.80100e+03 -1.08260e+02 -1.06070e+02 -1.10451e+02 -1.08868e+02 -1.06252e+02 -1.11485e+02
3.80800e+05 3.80800e+03 -1.08447e+02 -1.06379e+02 -1.10514e+02 -1.08857e+02 -1.06291e+02 -1.11423e+02
3.81440e+05 3.81400e+03 -1.08441e+02 -1.05912e+02 -1.10969e+02 -1.08863e+02 -1.06364e+02 -1.11361e+02
3.82080e+05 3.82000e+03 -1.08207e+02 -1.06091e+02 -1.10322e+02 -1.08882e+02 -1.06465e+02 -1.11300e+02
3.82720e+05 3.82700e+03 -1.07942e+02 -1.05802e+02 -1.10081e+02 -1.08910e+02 -1.06581e+02 -1.11240e+02
3.83360e+05 3.83300e+03 -1.08337e+02 -1.06395e+02 -1.10279e+02 -1.08939e+02 -1.06695e+02 -1.11182e+02
3.84000e+05 3.84000e+03 -1.08840e+02 -1.05947e+02 -1.11733e+02 -1.08957e+02 -1.06789e+02 -1.11125e+02
3.84640e+05 3.84600e+03 -1.08058e+02 -1.05932e+02 -1.10184e+02 -1.08962e+02 -1.06852e+02 -1.11071e+02
3.85280e+05 3.85200e+03 -1.10226e+02 -1.05815e+02 -1.14637e+02 -1.08948e+02 -1.06878e+02 -1.11018e+02
3.85920e+05 3.85900e+03 -1.08887e+02 -1.06387e+02 -1.11387e+02 -1.08916e+02 -1.06866e+02 -1.10966e+02
3.86560e+05 3.86500e+03 -1.08451e+02 -1.05939e+02 -1.10962e+02 -1.08868e+02 -1.06821e+02 -1.10916e+02
3.87200e+05 3.87200e+03 -1.07879e+02 -1.05847e+02 -1.09910e+02 -1.08809e+02 -1.06752e+02 -1.10867e+02
3.87840e+05 3.87800e+03 -1.10393e+02 -1.06106e+02 -1.14680e+02 -1.08743e+02 -1.06666e+02 -1.10821e+02
3.88480e+05 3.88400e+03 -1.08351e+02 -1.06013e+02 -1.10689e+02 -1.08676e+02 -1.06574e+02 -1.10778e+02
3.89120e+05 3.89100e+03 -1.09928e+02 -1.06062e+02 -1.13794e+02 -1.08613e+02 -1.06480e+02 -1.10746e+02
3.89760e+05 3.89700e+03 -1.08388e+02 -1.06542e+02 -1.10233e+02 -1.08560e+02 -1.06391e+02 -1.10729e+02
3.90400e+05 3.90400e+03 -1.08633e+02 -1.05719e+02 -1.11548e+02 -1.08521e+02 -1.06308e+02 -1.10734e+02
3.91040e+05 3.91000e+03 -1.08621e+02 -1.05981e+02 -1.11262e+02 -1.08500e+02 -1.06234e+02 -1.10766e+02
3.91680e+05 3.91600e+03 -1.07971e+02 -1.05736e+02 -1.10205e+02 -1.08497e+02 -1.06170e+02 -1.10824e+02
3.92320e+05 3.92300e+03 -1.08422e+02 -1.05805e+02 -1.11038e+02 -1.08511e+02 -1.06117e+02 -1.10905e+02
3.92960e+05 3.92900e+03 -1.08738e+02 -1.05888e+02 -1.11587e+02 -1.08543e+02 -1.06080e+02 -1.11006e+02
3.93600e+05 3.93600e+03 -1.08422e+02 -1.05970e+02 -1.10874e+02 -1.08594e+02 -1.06067e+02 -1.11121e+02
3.94240e+05 3.94200e+03 -1.08642e+02 -1.06389e+02 -1.10895e+02 -1.08663e+02 -1.06081e+02 -1.11246e+02
3.94880e+05 3.94800e+03 -1.08302e+02 -1.06126e+02 -1.10477e+02 -1.08748e+02 -1.06123e+02 -1.11373e+02
3.95520e+05 3.95500e+03 -1.08400e+02 -1.06328e+02 -1.10471e+02 -1.08843e+02 -1.06188e+02 -1.11498e+02
3.96160e+05 3.96100e+03 -1.08439e+02 -1.06590e+02 -1.10287e+02 -1.08940e+02 -1.06269e+02 -1.11611e+02
3.96800e+05 3.96800e+03 -1.09043e+02 -1.07106e+02 -1.10981e+02 -1.09034e+02 -1.06363e+02 -1.11705e+02
3.97440e+05 3.97400e+03 -1.09169e+02 -1.06155e+02 -1.12183e+02 -1.09121e+02 -1.06470e+02 -1.11772e+02
3.98080e+05 3.98000e+03 -1.09019e+02 -1.06396e+02 -1.11643e+02 -1.09201e+02 -1.06593e+02 -1.11808e+02
3.98720e+05 3.98700e+03 -1.08201e+02 -1.06074e+02 -1.10327e+02 -1.09276e+02 -1.06739e+02 -1.11813e+02
3.99360e+05 3.99300e+03 -1.08444e+02 -1.06686e+02 -1.10202e+02 -1.09353e+02 -1.06919e+02 -1.11787e+02
4.00000e+05 4.00000e+03 -1.08759e+02 -1.06597e+02 -1.10921e+02 -1.09441e+02 -1.07145e+02 -1.11736e+02
4.00640e+05 4.00600e+03 -1.08422e+02 -1.06614e+02 -1.10230e+02 -1.09545e+02 -1.07423e+02 -1.11667e+02
4.01280e+05 4.01200e+03 -1.08261e+02 -1.06485e+02 -1.10038e+02 -1.09665e+02 -1.07746e+02 -1.11585e+02
4.01920e+05 4.01900e+03 -1.08501e+02 -1.06396e+02 -1.10605e+02 -1.09795e+02 -1.08090e+02 -1.11500e+02
4.02560e+05 4.02500e+03 -1.08793e+02 -1.06648e+02 -1.10938e+02 -1.09916e+02 -1.08418e+02 -1.11414e+02
4.03200e+05 4.03200e+03 -1.08552e+02 -1.06342e+02 -1.10762e+02 -1.10013e+02 -1.08694e+02 -1.11332e+02
4.03840e+05 4.03800e+03 -1.08117e+02 -1.06555e+02 -1.09678e+02 -1.10071e+02 -1.08887e+02 -1.11254e+02
4.04480e+05 4.04400e+03 -1.08008e+02 -1.06137e+02 -1.09879e+02 -1.10081e+02 -1.08980e+02 -1.11181e+02
4.05120e+05 4.05100e+03 -1.07857e+02 -1.06203e+02 -1.09510e+02 -1.10041e+02 -1.08972e+02 -1.11111e+02
4.05760e+05 4.05700e+03 -1.07743e+02 -1.06025e+02 -1.09461e+02 -1.09957e+02 -1.08873e+02 -1.11041e+02
4.06400e+05 4.06400e+03 -1.07881e+02 -1.06421e+02 -1.09341e+02 -1.09837e+02 -1.08702e+02 -1.10971e+02
4.07040e+05 4.07000e+03 -1.08109e+02 -1.06566e+02 -1.09652e+02 -1.09691e+02 -1.08482e+02 -1.10899e+02
4.07680e+05 4.07600e+03 -1.08196e+02 -1.07064e+02 -1.09329e+02 -1.09529e+02 -1.08236e+02 -1.10823e+02
4.08320e+05 4.08300e+03 -1.07947e+02 -1.06534e+02 -1.09359e+02 -1.09362e+02 -1.07981e+02 -1.10743e+02
4.08960e+05 4.08900e+03 -1.08774e+02 -1.05982e+02 -1.11567e+02 -1.09197e+02 -1.07734e+02 -1.10659e+02
4.09600e+05 4.09600e+03 -1.08207e+02 -1.06529e+02 -1.09884e+02 -1.09037e+02 -1.07504e+02 -1.10571e+02
4.10240e+05 4.10200e+03 -1.08112e+02 -1.06603e+02 -1.09620e+02 -1.08888e+02 -1.07296e+02 -1.10480e+02
4.10880e+05 4.10800e+03 -1.07970e+02 -1.06214e+02 -1.09726e+02 -1.08751e+02 -1.07114e+02 -1.10387e+02
4.11520e+05 4.11500e+03 -1.07463e+02 -1.05871e+02 -1.09055e+02 -1.08627e+02 -1.06956e+02 -1.10298e+02
4.12160e+05 4.12100e+03 -1.07641e+02 -1.05960e+02 -1.09322e+02 -1.08519e+02 -1.06822e+02 -1.10217e+02
4.12800e+05 4.12800e+03 -1.07695e+02 -1.06067e+02 -1.09324e+02 -1.08433e+02 -1.06711e+02 -1.10155e+02
4.13440e+05 4.13400e+03 -1.07554e+02 -1.05971e+02 -1.09137e+02 -1.08370e+02 -1.06618e+02 -1.10122e+02
4.14080e+05 4.14000e+03 -1.07419e+02 -1.05914e+02 -1.08925e+02 -1.08331e+02 -1.06541e+02 -1.10121e+02
4.14720e+05 4.14700e+03 -1.07618e+02 -1.06189e+02 -1.09048e+02 -1.08313e+02 -1.06477e+02 -1.10149e+02
4.15360e+05 4.15300e+03 -1.07969e+02 -1.06641e+02 -1.09296e+02 -1.08309e+02 -1.06423e+02 -1.10194e+02
4.16000e+05 4.16000e+03 -1.07882e+02 -1.06514e+02 -1.09251e+02 -1.08309e+02 -1.06376e+02 -1.10243e+02
4.16640e+05 4.16600e+03 -1.07867e+02 -1.06617e+02 -1.09117e+02 -1.08308e+02 -1.06335e+02 -1.10280e+02
4.17280e+05 4.17200e+03 -1.07526e+02 -1.05660e+02 -1.09392e+02 -1.08295e+02 -1.06296e+02 -1.10294e+02
4.17920e+05 4.17900e+03 -1.08480e+02 -1.06228e+02 -1.10731e+02 -1.08270e+02 -1.06261e+02 -1.10280e+02
4.18560e+05 4.18500e+03 -1.07481e+02 -1.05879e+02 -1.09082e+02 -1.08233e+02 -1.06229e+02 -1.10237e+02
4.19200e+05 4.19200e+03 -1.07772e+02 -1.05894e+02 -1.09649e+02 -1.08187e+02 -1.06205e+02 -1.10169e+02
4.19840e+05 4.19800e+03 -1.07772e+02 -1.06228e+02 -1.09317e+02 -1.08136e+02 -1.06191e+02 -1.10082e+02
4.20480e+05 4.20400e+03 -1.07195e+02 -1.05356e+02 -1.09035e+02 -1.08088e+02 -1.06192e+02 -1.09985e+02
4.21120e+05 4.21100e+03 -1.07825e+02 -1.05810e+02 -1.09839e+02 -1.08049e+02 -1.06214e+02 -1.09885e+02
4.21760e+05 4.21700e+03 -1.07165e+02 -1.05696e+02 -1.08633e+02 -1.08027e+02 -1.06261e+02 -1.09793e+02
4.22400e+05 4.22400e+03 -1.08763e+02 -1.07394e+02 -1.10132e+02 -1.08026e+02 -1.06337e+02 -1.09715e+02
4.23040e+05 4.23000e+03 -1.07726e+02 -1.06515e+02 -1.08937e+02 -1.08047e+02 -1.06437e+02 -1.09657e+02
4.23680e+05 4.23600e+03 -1.07429e+02 -1.05651e+02 -1.09208e+02 -1.08085e+02 -1.06551e+02 -1.09619e+02
4.24320e+05 4.24300e+03 -1.06990e+02 -1.05296e+02 -1.08685e+02 -1.08131e+02 -1.06664e+02 -1.09598e+02
4.24960e+05 4.24900e+03 -1.07144e+02 -1.05567e+02 -1.08722e+02 -1.08177e+02 -1.06763e+02 -1.09590e+02
4.25600e+05 4.25600e+03 -1.07174e+02 -1.05803e+02 -1.08546e+02 -1.08210e+02 -1.06833e+02 -1.09588e+02
4.26240e+05 4.26200e+03 -1.24880e+02 -1.05555e+02 -1.44206e+02 -1.08227e+02 -1.06868e+02 -1.09586e+02
4.26880e+05 4.26800e+03 -1.07066e+02 -1.05842e+02 -1.08289e+02 -1.08223e+02 -1.06865e+02 -1.09581e+02
4.27520e+05 4.27500e+03 -1.06996e+02 -1.05670e+02 -1.08322e+02 -1.08198e+02 -1.06828e+02 -1.09569e+02
4.28160e+05 4.28100e+03 -1.06963e+02 -1.05718e+02 -1.08207e+02 -1.08154e+02 -1.06761e+02 -1.09548e+02
4.28800e+05 4.28800e+03 -1.06925e+02 -1.05343e+02 -1.08507e+02 -1.08099e+02 -1.06677e+02 -1.09520e+02
4.29440e+05 4.29400e+03 -1.07177e+02 -1.05252e+02 -1.09102e+02 -1.08042e+02 -1.06590e+02 -1.09494e+02
4.30080e+05 4.30000e+03 -1.07627e+02 -1.06399e+02 -1.08856e+02 -1.08001e+02 -1.06516e+02 -1.09485e+02
4.30720e+05 4.30700e+03 -1.07221e+02 -1.05186e+02 -1.09255e+02 -1.07991e+02 -1.06470e+02 -1.09512e+02
4.31360e+05 4.31300e+03 -1.07318e+02 -1.05704e+02 -1.08932e+02 -1.08023e+02 -1.06456e+02 -1.09591e+02
4.32000e+05 4.32000e+03 -1.07506e+02 -1.05475e+02 -1.09538e+02 -1.08100e+02 -1.06472e+02 -1.09727e+02
4.32640e+05 4.32600e+03 -1.07501e+02 -1.05756e+02 -1.09247e+02 -1.08205e+02 -1.06504e+02 -1.09906e+02
4.33280e+05 4.33200e+03 -1.07230e+02 -1.05694e+02 -1.08765e+02 -1.08320e+02 -1.06538e+02 -1.10103e+02
4.33920e+05 4.33900e+03 -1.07379e+02 -1.05625e+02 -1.09132e+02 -1.08423e+02 -1.06558e+02 -1.10287e+02
4.34560e+05 4.34500e+03 -1.06784e+02 -1.05103e+02 -1.08465e+02 -1.08494e+02 -1.06555e+02 -1.10432e+02
4.35200e+05 4.35200e+03 -1.07038e+02 -1.05370e+02 -1.08706e+02 -1.08522e+02 -1.06525e+02 -1.10518e+02
4.35840e+05 4.35800e+03 -1.07006e+02 -1.05276e+02 -1.08737e+02 -1.08504e+02 -1.06467e+02 -1.10541e+02
4.36480e+05 4.36400e+03 -1.06835e+02 -1.05175e+02 -1.08495e+02 -1.08446e+02 -1.06387e+02 -1.10504e+02
4.37120e+05 4.37100e+03 -1.06749e+02 -1.05247e+02 -1.08252e+02 -1.08356e+02 -1.06292e+02 -1.10419e+02
4.37760e+05 4.37700e+03 -1.06603e+02 -1.05167e+02 -1.08039e+02 -1.08244e+02 -1.06190e+02 -1.10298e+02
4.38400e+05 4.38400e+03 -1.06880e+02 -1.05154e+02 -1.08606e+02 -1.08122e+02 -1.06087e+02 -1.10157e+02
4.39040e+05 4.39000e+03 -1.07035e+02 -1.06039e+02 -1.08032e+02 -1.07999e+02 -1.05989e+02 -1.10008e+02
4.39680e+05 4.39600e+03 -1.07332e+02 -1.05645e+02 -1.09019e+02 -1.07882e+02 -1.05899e+02 -1.09866e+02
4.40320e+05 4.40300e+03 -1.07156e+02 -1.05842e+02 -1.08470e+02 -1.07782e+02 -1.05819e+02 -1.09745e+02
4.40960e+05 4.40900e+03 -1.07607e+02 -1.05892e+02 -1.09323e+02 -1.07703e+02 -1.05749e+02 -1.09657e+02
4.41600e+05 4.41600e+03 -1.09792e+02 -1.08328e+02 -1.11256e+02 -1.07646e+02 -1.05689e+02 -1.09603e+02
4.42240e+05 4.42200e+03 -1.08070e+02 -1.07636e+02 -1.08503e+02 -1.07608e+02 -1.05638e+02 -1.09577e+02
4.42880e+05 4.42800e+03 -1.12032e+02 -1.09315e+02 -1.14750e+02 -1.07582e+02 -1.05597e+02 -1.09567e+02
4.43520e+05 4.43500e+03 -1.08179e+02 -1.07705e+02 -1.08654e+02 -1.07566e+02 -1.05571e+02 -1.09561e+02
4.44160e+05 4.44100e+03 -1.07387e+02 -1.06144e+02 -1.08630e+02 -1.07563e+02 -1.05576e+02 -1.09550e+02
4.44800e+05 4.44800e+03 -1.07355e+02 -1.06870e+02 -1.07840e+02 -1.07588e+02 -1.05641e+02 -1.09535e+02
4.45440e+05 4.45400e+03 -1.06770e+02 -1.05352e+02 -1.08188e+02 -1.07663e+02 -1.05799e+02 -1.09527e+02
4.46080e+05 4.46000e+03 -1.07093e+02 -1.05374e+02 -1.08812e+02 -1.07808e+02 -1.06076e+02 -1.09539e+02
4.46720e+05 4.46700e+03 -1.06875e+02 -1.05460e+02 -1.08291e+02 -1.08029e+02 -1.06478e+02 -1.09580e+02
4.47360e+05 4.47300e+03 -1.06541e+02 -1.05373e+02 -1.07709e+02 -1.08315e+02 -1.06983e+02 -1.09647e+02
4.48000e+05 4.48000e+03 -1.06665e+02 -1.05204e+02 -1.08127e+02 -1.08639e+02 -1.07547e+02 -1.09732e+02
4.48640e+05 4.48600e+03 -1.06867e+02 -1.05532e+02 -1.08202e+02 -1.08968e+02 -1.08111e+02 -1.09824e+02
4.49280e+05 4.49200e+03 -1.06484e+02 -1.05508e+02 -1.07460e+02 -1.09264e+02 -1.08615e+02 -1.09913e+02
4.49920e+05 4.49900e+03 -1.08398e+02 -1.05970e+02 -1.10826e+02 -1.09499e+02 -1.09005e+02 -1.09994e+02
4.50560e+05 4.50500e+03 -1.30984e+02 -1.08172e+02 -1.53796e+02 -1.09654e+02 -1.09247e+02 -1.10062e+02
4.51200e+05 4.51200e+03 -1.06819e+02 -1.05752e+02 -1.07885e+02 -1.09722e+02 -1.09331e+02 -1.10114e+02
4.51840e+05 4.51800e+03 -1.06288e+02 -1.05246e+02 -1.07331e+02 -1.09709e+02 -1.09269e+02 -1.10149e+02
4.52480e+05 4.52400e+03 -1.32180e+02 -1.07500e+02 -1.56859e+02 -1.09630e+02 -1.09095e+02 -1.10165e+02
4.53120e+05 4.53100e+03 -1.06894e+02 -1.05171e+02 -1.08618e+02 -1.09513e+02 -1.08855e+02 -1.10170e+02
4.53760e+05 4.53700e+03 -1.06481e+02 -1.05371e+02 -1.07590e+02 -1.09389e+02 -1.08599e+02 -1.10179e+02
4.54400e+05 4.54400e+03 -1.36433e+02 -1.05671e+02 -1.67194e+02 -1.09290e+02 -1.08373e+02 -1.10206e+02
4.55040e+05 4.55000e+03 -1.06587e+02 -1.05082e+02 -1.08092e+02 -1.09236e+02 -1.08213e+02 -1.10259e+02
4.55680e+05 4.55600e+03 -1.06593e+02 -1.05299e+02 -1.07887e+02 -1.09235e+02 -1.08140e+02 -1.10330e+02
4.56320e+05 4.56300e+03 -1.06663e+02 -1.05960e+02 -1.07367e+02 -1.09280e+02 -1.08155e+02 -1.10405e+02
4.56960e+05 4.56900e+03 -1.06835e+02 -1.06175e+02 -1.07496e+02 -1.09353e+02 -1.08241e+02 -1.10465e+02
4.57600e+05 4.57600e+03 -1.07003e+02 -1.05133e+02 -1.08873e+02 -1.09436e+02 -1.08373e+02 -1.10499e+02
4.58240e+05 4.58200e+03 -1.06534e+02 -1.05295e+02 -1.07772e+02 -1.09512e+02 -1.08519e+02 -1.10505e+02
4.58880e+05 4.58800e+03 -1.33301e+02 -1.05715e+02 -1.60887e+02 -1.09567e+02 -1.08649e+02 -1.10486e+02
4.59520e+05 4.59500e+03 -1.06427e+02 -1.05228e+02 -1.07625e+02 -1.09590e+02 -1.08737e+02 -1.10444e+02
4.60160e+05 4.60100e+03 -1.06731e+02 -1.05613e+02 -1.07850e+02 -1.09570e+02 -1.08764e+02 -1.10377e+02
4.60800e+05 4.60800e+03 -1.06499e+02 -1.05211e+02 -1.07787e+02 -1.09502e+02 -1.08721e+02 -1.10284e+02
4.61440e+05 4.61400e+03 -1.12158e+02 -1.05892e+02 -1.18424e+02 -1.09388e+02 -1.08612e+02 -1.10165e+02
4.62080e+05 4.62000e+03 -1.06138e+02 -1.04923e+02 -1.07352e+02 -1.09239e+02 -1.08451e+02 -1.10027e+02
4.62720e+05 4.62700e+03 -1.32315e+02 -1.05395e+02 -1.59234e+02 -1.09072e+02 -1.08259e+02 -1.09885e+02
4.63360e+05 4.63300e+03 -1.06403e+02 -1.04993e+02 -1.07814e+02 -1.08906e+02 -1.08058e+02 -1.09754e+02
4.64000e+05 4.64000e+03 -1.06332e+02 -1.05012e+02 -1.07652e+02 -1.08754e+02 -1.07858e+02 -1.09649e+02
4.64640e+05 4.64600e+03 -1.06464e+02 -1.05312e+02 -1.07616e+02 -1.08624e+02 -1.07667e+02 -1.09582e+02
4.65280e+05 4.65200e+03 -1.07032e+02 -1.05006e+02 -1.09059e+02 -1.08523e+02 -1.07481e+02 -1.09565e+02
4.65920e+05 4.65900e+03 -1.06570e+02 -1.05343e+02 -1.07797e+02 -1.08450e+02 -1.07296e+02 -1.09603e+02
4.66560e+05 4.66500e+03 -1.06368e+02 -1.04913e+02 -1.07823e+02 -1.08402e+02 -1.07109e+02 -1.09695e+02
4.67200e+05 4.67200e+03 -1.06309e+02 -1.05174e+02 -1.07445e+02 -1.08373e+02 -1.06918e+02 -1.09827e+02
4.67840e+05 4.67800e+03 -1.07898e+02 -1.07297e+02 -1.08498e+02 -1.08350e+02 -1.06723e+02 -1.09977e+02
4.68480e+05 4.68400e+03 -1.06336e+02 -1.05064e+02 -1.07608e+02 -1.08322e+02 -1.06527e+02 -1.10117e+02
4.69120e+05 4.69100e+03 -1.06219e+02 -1.05378e+02 -1.07060e+02 -1.08279e+02 -1.06336e+02 -1.10221e+02
4.69760e+05 4.69700e+03 -1.06823e+02 -1.05566e+02 -1.08080e+02 -1.08214e+02 -1.06158e+02 -1.10270e+02
4.70400e+05 4.70400e+03 -1.10224e+02 -1.07274e+02 -1.13173e+02 -1.08128e+02 -1.06004e+02 -1.10252e+02
4.71040e+05 4.71000e+03 -1.06852e+02 -1.05878e+02 -1.07826e+02 -1.08031e+02 -1.05894e+02 -1.10169e+02
4.71680e+05 4.71600e+03 -1.06790e+02 -1.05410e+02 -1.08170e+02 -1.07942e+02 -1.05855e+02 -1.10030e+02
4.72320e+05 4.72300e+03 -1.07428e+02 -1.05511e+02 -1.09345e+02 -1.07879e+02 -1.05911e+02 -1.09847e+02
4.72960e+05 4.72900e+03 -1.07158e+02 -1.06087e+02 -1.08229e+02 -1.07853e+02 -1.06070e+02 -1.09636e+02
4.73600e+05 4.73600e+03 -1.07096e+02 -1.05553e+02 -1.08639e+02 -1.07867e+02 -1.06321e+02 -1.09413e+02
4.74240e+05 4.74200e+03 -1.06837e+02 -1.05555e+02 -1.08119e+02 -1.07911e+02 -1.06631e+02 -1.09191e+02
4.74880e+05 4.74800e+03 -1.07184e+02 -1.05313e+02 -1.09056e+02 -1.07969e+02 -1.06957e+02 -1.08980e+02
4.75520e+05 4.75500e+03 -1.06464e+02 -1.05246e+02 -1.07682e+02 -1.08026e+02 -1.07262e+02 -1.08790e+02
4.76160e+05 4.76100e+03 -1.06673e+02 -1.05523e+02 -1.07824e+02 -1.08073e+02 -1.07519e+02 -1.08626e+02
4.76800e+05 4.76800e+03 -1.06825e+02 -1.05585e+02 -1.08065e+02 -1.08106e+02 -1.07717e+02 -1.08496e+02
4.77440e+05 4.77400e+03 -1.06798e+02 -1.05482e+02 -1.08114e+02 -1.08127e+02 -1.07848e+02 -1.08406e+02
4.78080e+05 4.78000e+03 -1.06713e+02 -1.05416e+02 -1.08010e+02 -1.08141e+02 -1.07915e+02 -1.08366e+02
4.78720e+05 4.78700e+03 -1.06956e+02 -1.06017e+02 -1.07894e+02 -1.08150e+02 -1.07917e+02 -1.08382e+02
4.79360e+05 4.79300e+03 -1.07065e+02 -1.05954e+02 -1.08176e+02 -1.08155e+02 -1.07859e+02 -1.08451e+02
4.80000e+05 4.80000e+03 -1.07602e+02 -1.05459e+02 -1.09745e+02 -1.08154e+02 -1.07747e+02 -1.08562e+02
4.80640e+05 4.80600e+03 -1.06761e+02 -1.05982e+02 -1.07541e+02 -1.08142e+02 -1.07590e+02 -1.08693e+02
4.81280e+05 4.81200e+03 -1.06921e+02 -1.05614e+02 -1.08227e+02 -1.08112e+02 -1.07401e+02 -1.08822e+02
4.81920e+05 4.81900e+03 -1.06617e+02 -1.05837e+02 -1.07397e+02 -1.08061e+02 -1.07195e+02 -1.08928e+02
4.82560e+05 4.82500e+03 -1.06900e+02 -1.05694e+02 -1.08107e+02 -1.07994e+02 -1.06989e+02 -1.08999e+02
4.83200e+05 4.83200e+03 -1.07281e+02 -1.05872e+02 -1.08690e+02 -1.07911e+02 -1.06794e+02 -1.09029e+02
4.83840e+05 4.83800e+03 -1.07068e+02 -1.05544e+02 -1.08592e+02 -1.07822e+02 -1.06623e+02 -1.09021e+02
4.84480e+05 4.84400e+03 -1.07942e+02 -1.06287e+02 -1.09598e+02 -1.07733e+02 -1.06483e+02 -1.08983e+02
4.85120e+05 4.85100e+03 -1.06697e+02 -1.05864e+02 -1.07529e+02 -1.07655e+02 -1.06382e+02 -1.08927e+02
4.85760e+05 4.85700e+03 -1.06990e+02 -1.06177e+02 -1.07802e+02 -1.07594e+02 -1.06326e+02 -1.08863e+02
4.86400e+05 4.86400e+03 -1.06659e+02 -1.05441e+02 -1.07876e+02 -1.07561e+02 -1.06319e+02 -1.08802e+02
4.87040e+05 4.87000e+03 -1.06904e+02 -1.05682e+02 -1.08127e+02 -1.07555e+02 -1.06355e+02 -1.08756e+02
4.87680e+05 4.87600e+03 -1.06609e+02 -1.05865e+02 -1.07353e+02 -1.07581e+02 -1.06422e+02 -1.08739e+02
4.88320e+05 4.88300e+03 -1.06268e+02 -1.05319e+02 -1.07217e+02 -1.07633e+02 -1.06503e+02 -1.08763e+02
4.88960e+05 4.88900e+03 -1.07642e+02 -1.07076e+02 -1.08208e+02 -1.07710e+02 -1.06581e+02 -1.08840e+02
4.89600e+05 4.89600e+03 -1.06072e+02 -1.05292e+02 -1.06853e+02 -1.07806e+02 -1.06641e+02 -1.08972e+02
4.90240e+05 4.90200e+03 -1.33027e+02 -1.05178e+02 -1.60876e+02 -1.07912e+02 -1.06674e+02 -1.09149e+02
4.90880e+05 4.90800e+03 -1.06245e+02 -1.05457e+02 -1.07034e+02 -1.08011e+02 -1.06678e+02 -1.09344e+02
4.91520e+05 4.91500e+03 -1.06192e+02 -1.05232e+02 -1.07153e+02 -1.08094e+02 -1.06660e+02 -1.09529e+02
4.92160e+05 4.92100e+03 -1.06380e+02 -1.05146e+02 -1.07615e+02 -1.08155e+02 -1.06636e+02 -1.09675e+02
4.92800e+05 4.92800e+03 -1.06322e+02 -1.05587e+02 -1.07056e+02 -1.08192e+02 -1.06619e+02 -1.09765e+02
4.93440e+05 4.93400e+03 -1.06690e+02 -1.05447e+02 -1.07932e+02 -1.08210e+02 -1.06620e+02 -1.09800e+02
4.94080e+05 4.94000e+03 -1.06249e+02 -1.05065e+02 -1.07432e+02 -1.08217e+02 -1.06638e+02 -1.09796e+02
4.94720e+05 4.94700e+03 -1.06050e+02 -1.05260e+02 -1.06841e+02 -1.08220e+02 -1.06664e+02 -1.09775e+02
4.95360e+05 4.95300e+03 -1.05945e+02 -1.05065e+02 -1.06826e+02 -1.08219e+02 -1.06684e+02 -1.09753e+02
4.96000e+05 4.96000e+03 -1.05888e+02 -1.05122e+02 -1.06655e+02 -1.08211e+02 -1.06687e+02 -1.09735e+02
4.96640e+05 4.96600e+03 -1.06448e+02 -1.04875e+02 -1.08021e+02 -1.08189e+02 -1.06663e+02 -1.09716e+02
4.97280e+05 4.97200e+03 -1.06375e+02 -1.04974e+02 -1.07775e+02 -1.08147e+02 -1.06612e+02 -1.09682e+02
4.97920e+05 4.97900e+03 -1.06272e+02 -1.04934e+02 -1.07609e+02 -1.08078e+02 -1.06534e+02 -1.09622e+02
4.98560e+05 4.98500e+03 -1.06139e+02 -1.05059e+02 -1.07219e+02 -1.07982e+02 -1.06436e+02 -1.09528e+02
4.99200e+05 4.99200e+03 -1.20934e+02 -1.05185e+02 -1.36684e+02 -1.07862e+02 -1.06324e+02 -1.09399e+02
4.99840e+05 4.99800e+03 -1.06258e+02 -1.05174e+02 -1.07343e+02 -1.07721e+02 -1.06205e+02 -1.09237e+02
5.00480e+05 5.00400e+03 -1.09447e+02 -1.04900e+02 -1.13994e+02 -1.07567e+02 -1.06083e+02 -1.09052e+02
5.01120e+05 5.01100e+03 -1.05724e+02 -1.04988e+02 -1.06459e+02 -1.07408e+02 -1.05961e+02 -1.08855e+02
5.01760e+05 5.01700e+03 -1.06339e+02 -1.05310e+02 -1.07368e+02 -1.07254e+02 -1.05842e+02 -1.08665e+02
5.02400e+05 5.02400e+03 -1.05880e+02 -1.04969e+02 -1.06792e+02 -1.07119e+02 -1.05729e+02 -1.08509e+02
5.03040e+05 5.03000e+03 -1.06025e+02 -1.04913e+02 -1.07137e+02 -1.07022e+02 -1.05624e+02 -1.08420e+02
5.03680e+05 5.03600e+03 -1.05880e+02 -1.04909e+02 -1.06850e+02 -1.06977e+02 -1.05528e+02 -1.08425e+02
5.04320e+05 5.04300e+03 -1.05874e+02 -1.04911e+02 -1.06838e+02 -1.06992e+02 -1.05443e+02 -1.08540e+02
5.04960e+05 5.04900e+03 -1.05662e+02 -1.04962e+02 -1.06362e+02 -1.07065e+02 -1.05369e+02 -1.08761e+02
5.05600e+05 5.05600e+03 -1.05865e+02 -1.04741e+02 -1.06990e+02 -1.07184e+02 -1.05306e+02 -1.09063e+02
5.06240e+05 5.06200e+03 -1.05846e+02 -1.04864e+02 -1.06827e+02 -1.07330e+02 -1.05252e+02 -1.09408e+02
5.06880e+05 5.06800e+03 -1.05516e+02 -1.05083e+02 -1.05949e+02 -1.07478e+02 -1.05205e+02 -1.09751e+02
5.07520e+05 5.07500e+03 -1.05619e+02 -1.04987e+02 -1.06252e+02 -1.07607e+02 -1.05166e+02 -1.10048e+02
5.08160e+05 5.08100e+03 -1.05564e+02 -1.04506e+02 -1.06621e+02 -1.07700e+02 -1.05132e+02 -1.10268e+02
5.08800e+05 5.08800e+03 -1.05879e+02 -1.04822e+02 -1.06936e+02 -1.07745e+02 -1.05102e+02 -1.10387e+02
5.09440e+05 5.09400e+03 -1.05335e+02 -1.04620e+02 -1.06049e+02 -1.07737e+02 -1.05076e+02 -1.10399e+02
5.10080e+05 5.10000e+03 -1.05675e+02 -1.04873e+02 -1.06478e+02 -1.07679e+02 -1.05052e+02 -1.10306e+02
5.10720e+05 5.10700e+03 -1.05484e+02 -1.04640e+02 -1.06328e+02 -1.07577e+02 -1.05032e+02 -1.10122e+02
5.11360e+05 5.11300e+03 -1.05315e+02 -1.04595e+02 -1.06034e+02 -1.07442e+02 -1.05015e+02 -1.09869e+02
5.12000e+05 5.12000e+03 -1.05201e+02 -1.04696e+02 -1.05706e+02 -1.07287e+02 -1.05000e+02 -1.09574e+02
5.12640e+05 5.12600e+03 -1.05332e+02 -1.04466e+02 -1.06198e+02 -1.07126e+02 -1.04988e+02 -1.09263e+02
5.13280e+05 5.13200e+03 -1.05346e+02 -1.04915e+02 -1.05776e+02 -1.06967e+02 -1.04977e+02 -1.08957e+02
5.13920e+05 5.13900e+03 -1.05350e+02 -1.04553e+02 -1.06148e+02 -1.06819e+02 -1.04967e+02 -1.08670e+02
5.14560e+05 5.14500e+03 -1.05430e+02 -1.05103e+02 -1.05758e+02 -1.06683e+02 -1.04957e+02 -1.08408e+02
5.15200e+05 5.15200e+03 -1.05298e+02 -1.04744e+02 -1.05853e+02 -1.06559e+02 -1.04946e+02 -1.08172e+02
5.15840e+05 5.15800e+03 -1.05138e+02 -1.04645e+02 -1.05631e+02 -1.06446e+02 -1.04932e+02 -1.07959e+02
5.16480e+05 5.16400e+03 -1.05280e+02 -1.04420e+02 -1.06140e+02 -1.06340e+02 -1.04917e+02 -1.07764e+02
5.17120e+05 5.17100e+03 -1.27922e+02 -1.04618e+02 -1.51226e+02 -1.06242e+02 -1.04900e+02 -1.07583e+02
5.17760e+05 5.17700e+03 -1.05066e+02 -1.04463e+02 -1.05668e+02 -1.06148e+02 -1.04883e+02 -1.07412e+02
5.18400e+05 5.18400e+03 -1.05054e+02 -1.04556e+02 -1.05552e+02 -1.06057e+02 -1.04865e+02 -1.07249e+02
5.19040e+05 5.19000e+03 -1.05632e+02 -1.05300e+02 -1.05965e+02 -1.05971e+02 -1.04848e+02 -1.07093e+02
5.19680e+05 5.19600e+03 -1.05514e+02 -1.05491e+02 -1.05538e+02 -1.05889e+02 -1.04832e+02 -1.06947e+02
5.20320e+05 5.20300e+03 -1.05043e+02 -1.04432e+02 -1.05655e+02 -1.05818e+02 -1.04817e+02 -1.06819e+02
5.20960e+05 5.20900e+03 -1.04745e+02 -1.04399e+02 -1.05092e+02 -1.05759e+02 -1.04802e+02 -1.06716e+02
5.21600e+05 5.21600e+03 -1.05335e+02 -1.04682e+02 -1.05989e+02 -1.05718e+02 -1.04787e+02 -1.06648e+02
5.22240e+05 5.22200e+03 -1.05163e+02 -1.04890e+02 -1.05436e+02 -1.05692e+02 -1.04772e+02 -1.06612e+02
5.22880e+05 5.22800e+03 -1.05014e+02 -1.04593e+02 -1.05436e+02 -1.05679e+02 -1.04758e+02 -1.06601e+02
5.23520e+05 5.23500e+03 -1.04995e+02 -1.04637e+02 -1.05354e+02 -1.05674e+02 -1.04745e+02 -1.06604e+02
5.24160e+05 5.24100e+03 -1.05365e+02 -1.04453e+02 -1.06278e+02 -1.05669e+02 -1.04733e+02 -1.06606e+02
5.24800e+05 5.24800e+03 -1.05414e+02 -1.04459e+02 -1.06369e+02 -1.05660e+02 -1.04724e+02 -1.06596e+02
5.25440e+05 5.25400e+03 -1.05711e+02 -1.04582e+02 -1.06840e+02 -1.05641e+02 -1.04716e+02 -1.06566e+02
5.26080e+05 5.26000e+03 -1.05471e+02 -1.04447e+02 -1.06494e+02 -1.05611e+02 -1.04708e+02 -1.06514e+02
5.26720e+05 5.26700e+03 -1.05711e+02 -1.04755e+02 -1.06667e+02 -1.05571e+02 -1.04701e+02 -1.06442e+02
5.27360e+05 5.27300e+03 -1.05423e+02 -1.04371e+02 -1.06475e+02 -1.05524e+02 -1.04694e+02 -1.06354e+02
5.28000e+05 5.28000e+03 -1.05400e+02 -1.04546e+02 -1.06254e+02 -1.05472e+02 -1.04686e+02 -1.06259e+02
5.28640e+05 5.28600e+03 -1.05793e+02 -1.04561e+02 -1.07025e+02 -1.05420e+02 -1.04676e+02 -1.06164e+02
5.29280e+05 5.29200e+03 -1.06675e+02 -1.05619e+02 -1.07731e+02 -1.05373e+02 -1.04666e+02 -1.06079e+02
5.29920e+05 5.29900e+03 -1.05068e+02 -1.04639e+02 -1.05497e+02 -1.05332e+02 -1.04654e+02 -1.06010e+02
5.30560e+05 5.30500e+03 -1.05056e+02 -1.04671e+02 -1.05441e+02 -1.05303e+02 -1.04642e+02 -1.05964e+02
5.31200e+05 5.31200e+03 -1.05048e+02 -1.04446e+02 -1.05650e+02 -1.05286e+02 -1.04630e+02 -1.05942e+02
5.31840e+05 5.31800e+03 -1.05268e+02 -1.04373e+02 -1.06162e+02 -1.05281e+02 -1.04619e+02 -1.05943e+02
5.32480e+05 5.32400e+03 -1.05575e+02 -1.04642e+02 -1.06507e+02 -1.05287e+02 -1.04609e+02 -1.05965e+02
5.33120e+05 5.33100e+03 -1.05332e+02 -1.04466e+02 -1.06199e+02 -1.05301e+02 -1.04600e+02 -1.06002e+02
5.33760e+05 5.33700e+03 -1.05376e+02 -1.04634e+02 -1.06119e+02 -1.05322e+02 -1.04594e+02 -1.06049e+02
5.34400e+05 5.34400e+03 -1.05864e+02 -1.04483e+02 -1.07244e+02 -1.05344e+02 -1.04588e+02 -1.06101e+02
5.35040e+05 5.35000e+03 -1.06144e+02 -1.05283e+02 -1.07005e+02 -1.05368e+02 -1.04584e+02 -1.06152e+02
5.35680e+05 5.35600e+03 -1.05255e+02 -1.04523e+02 -1.05987e+02 -1.05391e+02 -1.04581e+02 -1.06201e+02
5.36320e+05 5.36300e+03 -1.05587e+02 -1.04553e+02 -1.06620e+02 -1.05414e+02 -1.04577e+02 -1.06251e+02
5.36960e+05 5.36900e+03 -1.05080e+02 -1.04363e+02 -1.05797e+02 -1.05441e+02 -1.04573e+02 -1.06310e+02
5.37600e+05 5.37600e+03 -1.04882e+02 -1.04506e+02 -1.05259e+02 -1.05477e+02 -1.04569e+02 -1.06384e+02
5.38240e+05 5.38200e+03 -1.04872e+02 -1.04441e+02 -1.05303e+02 -1.05520e+02 -1.04565e+02 -1.06475e+02
5.38880e+05 5.38800e+03 -1.05123e+02 -1.04468e+02 -1.05778e+02 -1.05570e+02 -1.04560e+02 -1.06580e+02
5.39520e+05 5.39500e+03 -1.05183e+02 -1.04668e+02 -1.05698e+02 -1.05621e+02 -1.04556e+02 -1.06687e+02
5.40160e+05 5.40100e+03 -1.04691e+02 -1.04274e+02 -1.05108e+02 -1.05667e+02 -1.04552e+02 -1.06782e+02
5.40800e+05 5.40800e+03 -1.05011e+02 -1.04383e+02 -1.05638e+02 -1.05701e+02 -1.04549e+02 -1.06852e+02
5.41440e+05 5.41400e+03 -1.04924e+02 -1.04461e+02 -1.05387e+02 -1.05716e+02 -1.04546e+02 -1.06887e+02
5.42080e+05 5.42000e+03 -1.05061e+02 -1.04552e+02 -1.05570e+02 -1.05713e+02 -1.04543e+02 -1.06883e+02
5.42720e+05 5.42700e+03 -1.05478e+02 -1.04635e+02 -1.06321e+02 -1.05691e+02 -1.04540e+02 -1.06841e+02
5.43360e+05 5.43300e+03 -1.04861e+02 -1.04523e+02 -1.05198e+02 -1.05650e+02 -1.04535e+02 -1.06766e+02
5.44000e+05 5.44000e+03 -1.04987e+02 -1.04455e+02 -1.05519e+02 -1.05598e+02 -1.04529e+02 -1.06667e+02
5.44640e+05 5.44600e+03 -1.05136e+02 -1.04537e+02 -1.05734e+02 -1.05538e+02 -1.04523e+02 -1.06554e+02
5.45280e+05 5.45200e+03 -1.05191e+02 -1.04582e+02 -1.05799e+02 -1.05477e+02 -1.04517e+02 -1.06436e+02
5.45920e+05 5.45900e+03 -1.05482e+02 -1.05301e+02 -1.05662e+02 -1.05417e+02 -1.04512e+02 -1.06323e+02
5.46560e+05 5.46500e+03 -1.04975e+02 -1.04675e+02 -1.05276e+02 -1.05363e+02 -1.04508e+02 -1.06218e+02
5.47200e+05 5.47200e+03 -1.04668e+02 -1.04386e+02 -1.04951e+02 -1.05317e+02 -1.04507e+02 -1.06126e+02
5.47840e+05 5.47800e+03 -1.04960e+02 -1.04459e+02 -1.05461e+02 -1.05277e+02 -1.04508e+02 -1.06046e+02
5.48480e+05 5.48400e+03 -1.04522e+02 -1.04311e+02 -1.04732e+02 -1.05244e+02 -1.04512e+02 -1.05976e+02
5.49120e+05 5.49100e+03 -1.05084e+02 -1.04360e+02 -1.05809e+02 -1.05215e+02 -1.04518e+02 -1.05913e+02
5.49760e+05 5.49700e+03 -1.04936e+02 -1.04515e+02 -1.05357e+02 -1.05192e+02 -1.04528e+02 -1.05856e+02
5.50400e+05 5.50400e+03 -1.04923e+02 -1.04777e+02 -1.05070e+02 -1.05176e+02 -1.04550e+02 -1.05802e+02
5.51040e+05 5.51000e+03 -1.05054e+02 -1.04542e+02 -1.05567e+02 -1.05171e+02 -1.04593e+02 -1.05749e+02
5.51680e+05 5.51600e+03 -1.04968e+02 -1.04550e+02 -1.05385e+02 -1.05179e+02 -1.04663e+02 -1.05696e+02
5.52320e+05 5.52300e+03 -1.04641e+02 -1.04545e+02 -1.04736e+02 -1.05204e+02 -1.04763e+02 -1.05644e+02
5.52960e+05 5.52900e+03 -1.05193e+02 -1.04383e+02 -1.06003e+02 -1.05238e+02 -1.04883e+02 -1.05594e+02
5.53600e+05 5.53600e+03 -1.04758e+02 -1.04366e+02 -1.05150e+02 -1.05278e+02 -1.05009e+02 -1.05547e+02
5.54240e+05 5.54200e+03 -1.04809e+02 -1.04578e+02 -1.05041e+02 -1.05314e+02 -1.05124e+02 -1.05504e+02
5.54880e+05 5.54800e+03 -1.04934e+02 -1.04405e+02 -1.05463e+02 -1.05340e+02 -1.05213e+02 -1.05467e+02
5.55520e+05 5.55500e+03 -1.04667e+02 -1.04522e+02 -1.04812e+02 -1.05352e+02 -1.05269e+02 -1.05435e+02
5.56160e+05 5.56100e+03 -1.04751e+02 -1.04495e+02 -1.05006e+02 -1.05348e+02 -1.05287e+02 -1.05409e+02
5.56800e+05 5.56800e+03 -1.04763e+02 -1.04445e+02 -1.05081e+02 -1.05329e+02 -1.05270e+02 -1.05388e+02
5.57440e+05 5.57400e+03 -1.04611e+02 -1.04415e+02 -1.04806e+02 -1.05297e+02 -1.05223e+02 -1.05370e+02
5.58080e+05 5.58000e+03 -1.04756e+02 -1.04422e+02 -1.05091e+02 -1.05256e+02 -1.05156e+02 -1.05355e+02
5.58720e+05 5.58700e+03 -1.04861e+02 -1.04641e+02 -1.05081e+02 -1.05208e+02 -1.05076e+02 -1.05340e+02
5.59360e+05 5.59300e+03 -1.04602e+02 -1.04548e+02 -1.04657e+02 -1.05159e+02 -1.04991e+02 -1.05326e+02
5.60000e+05 5.60000e+03 -1.04792e+02 -1.04610e+02 -1.04975e+02 -1.05108e+02 -1.04907e+02 -1.05310e+02
5.60640e+05 5.60600e+03 -1.04627e+02 -1.04400e+02 -1.04854e+02 -1.05061e+02 -1.04828e+02 -1.05294e+02
5.61280e+05 5.61200e+03 -1.04754e+02 -1.04720e+02 -1.04788e+02 -1.05018e+02 -1.04758e+02 -1.05279e+02
5.61920e+05 5.61900e+03 -1.04865e+02 -1.04855e+02 -1.04876e+02 -1.04986e+02 -1.04698e+02 -1.05274e+02
5.62560e+05 5.62500e+03 -1.04752e+02 -1.04419e+02 -1.05085e+02 -1.04970e+02 -1.04650e+02 -1.05289e+02
5.63200e+05 5.63200e+03 -1.05248e+02 -1.04606e+02 -1.05890e+02 -1.04975e+02 -1.04611e+02 -1.05338e+02
5.63840e+05 5.63800e+03 -1.04722e+02 -1.04609e+02 -1.04836e+02 -1.05008e+02 -1.04582e+02 -1.05434e+02
5.64480e+05 5.64400e+03 -1.05154e+02 -1.04818e+02 -1.05490e+02 -1.05071e+02 -1.04561e+02 -1.05580e+02
5.65120e+05 5.65100e+03 -1.04621e+02 -1.04298e+02 -1.04944e+02 -1.05157e+02 -1.04547e+02 -1.05768e+02
5.65760e+05 5.65700e+03 -1.04809e+02 -1.04446e+02 -1.05173e+02 -1.05258e+02 -1.04537e+02 -1.05979e+02
5.66400e+05 5.66400e+03 -1.04769e+02 -1.04472e+02 -1.05067e+02 -1.05361e+02 -1.04533e+02 -1.06188e+02
5.67040e+05 5.67000e+03 -1.05181e+02 -1.05060e+02 -1.05302e+02 -1.05456e+02 -1.04538e+02 -1.06374e+02
5.67680e+05 5.67600e+03 -1.05247e+02 -1.05146e+02 -1.05348e+02 -1.05546e+02 -1.04566e+02 -1.06526e+02
5.68320e+05 5.68300e+03 -1.04974e+02 -1.04443e+02 -1.05505e+02 -1.05638e+02 -1.04638e+02 -1.06638e+02
5.68960e+05 5.68900e+03 -1.04669e+02 -1.04346e+02 -1.04993e+02 -1.05745e+02 -1.04778e+02 -1.06712e+02
5.69600e+05 5.69600e+03 -1.04880e+02 -1.04393e+02 -1.05366e+02 -1.05875e+02 -1.05000e+02 -1.06750e+02
5.70240e+05 5.70200e+03 -1.04726e+02 -1.04424e+02 -1.05027e+02 -1.06026e+02 -1.05301e+02 -1.06752e+02
5.70880e+05 5.70800e+03 -1.04851e+02 -1.04404e+02 -1.05298e+02 -1.06190e+02 -1.05659e+02 -1.06721e+02
5.71520e+05 5.71500e+03 -1.04900e+02 -1.04428e+02 -1.05373e+02 -1.06346e+02 -1.06035e+02 -1.06658e+02
5.72160e+05 5.72100e+03 -1.04957e+02 -1.04515e+02 -1.05399e+02 -1.06475e+02 -1.06384e+02 -1.06567e+02
5.72800e+05 5.72800e+03 -1.05059e+02 -1.04766e+02 -1.05352e+02 -1.06560e+02 -1.06454e+02 -1.06666e+02
5.73440e+05 5.73400e+03 -1.05154e+02 -1.04662e+02 -1.05646e+02 -1.06590e+02 -1.06327e+02 -1.06853e+02
5.74080e+05 5.74000e+03 -1.04933e+02 -1.04566e+02 -1.05300e+02 -1.06561e+02 -1.06192e+02 -1.06931e+02
5.74720e+05 5.74700e+03 -1.04989e+02 -1.04495e+02 -1.05483e+02 -1.06482e+02 -1.06057e+02 -1.06906e+02
5.75360e+05 5.75300e+03 -1.04835e+02 -1.04667e+02 -1.05003e+02 -1.06362e+02 -1.05928e+02 -1.06796e+02
5.76000e+05 5.76000e+03 -1.04720e+02 -1.04388e+02 -1.05051e+02 -1.06221e+02 -1.05810e+02 -1.06633e+02
5.76640e+05 5.76600e+03 -1.04571e+02 -1.04394e+02 -1.04747e+02 -1.06078e+02 -1.05705e+02 -1.06452e+02
5.77280e+05 5.77200e+03 -1.04528e+02 -1.04401e+02 -1.04655e+02 -1.05948e+02 -1.05614e+02 -1.06283e+02
5.77920e+05 5.77900e+03 -1.04571e+02 -1.04544e+02 -1.04598e+02 -1.05840e+02 -1.05536e+02 -1.06144e+02
5.78560e+05 5.78500e+03 -1.04672e+02 -1.04568e+02 -1.04776e+02 -1.05755e+02 -1.05470e+02 -1.06039e+02
5.79200e+05 5.79200e+03 -1.04794e+02 -1.04731e+02 -1.04857e+02 -1.05689e+02 -1.05414e+02 -1.05963e+02
5.79840e+05 5.79800e+03 -1.04800e+02 -1.04361e+02 -1.05240e+02 -1.05635e+02 -1.05366e+02 -1.05903e+02
5.80480e+05 5.80400e+03 -1.04666e+02 -1.04245e+02 -1.05087e+02 -1.05584e+02 -1.05322e+02 -1.05845e+02
5.81120e+05 5.81100e+03 -1.04499e+02 -1.04307e+02 -1.04691e+02 -1.05530e+02 -1.05281e+02 -1.05779e+02
5.81760e+05 5.81700e+03 -1.04761e+02 -1.04489e+02 -1.05032e+02 -1.05470e+02 -1.05241e+02 -1.05699e+02
5.82400e+05 5.82400e+03 -1.05125e+02 -1.04501e+02 -1.05749e+02 -1.05403e+02 -1.05202e+02 -1.05604e+02
5.83040e+05 5.83000e+03 -1.04425e+02 -1.04403e+02 -1.04447e+02 -1.05329e+02 -1.05163e+02 -1.05496e+02
5.83680e+05 5.83600e+03 -1.04383e+02 -1.04374e+02 -1.04393e+02 -1.05252e+02 -1.05124e+02 -1.05380e+02
5.84320e+05 5.84300e+03 -1.04594e+02 -1.04274e+02 -1.04914e+02 -1.05174e+02 -1.05085e+02 -1.05263e+02
5.84960e+05 5.84900e+03 -1.04320e+02 -1.04179e+02 -1.04461e+02 -1.05097e+02 -1.05046e+02 -1.05148e+02
5.85600e+05 5.85600e+03 -1.04783e+02 -1.04252e+02 -1.05314e+02 -1.05023e+02 -1.05007e+02 -1.05039e+02
5.86240e+05 5.86200e+03 -1.04456e+02 -1.04242e+02 -1.04670e+02 -1.04954e+02 -1.04940e+02 -1.04969e+02
5.86880e+05 5.86800e+03 -1.04272e+02 -1.04186e+02 -1.04358e+02 -1.04893e+02 -1.04852e+02 -1.04933e+02
5.87520e+05 5.87500e+03 -1.04337e+02 -1.04314e+02 -1.04360e+02 -1.04837e+02 -1.04774e+02 -1.04899e+02
5.88160e+05 5.88100e+03 -1.04338e+02 -1.04234e+02 -1.04441e+02 -1.04786e+02 -1.04707e+02 -1.04866e+02
5.88800e+05 5.88800e+03 -1.04269e+02 -1.04246e+02 -1.04292e+02 -1.04742e+02 -1.04649e+02 -1.04835e+02
5.89440e+05 5.89400e+03 -1.04457e+02 -1.04410e+02 -1.04505e+02 -1.04703e+02 -1.04600e+02 -1.04807e+02
5.90080e+05 5.90000e+03 -1.04321e+02 -1.04136e+02 -1.04506e+02 -1.04668e+02 -1.04557e+02 -1.04780e+02
5.90720e+05 5.90700e+03 -1.04305e+02 -1.04171e+02 -1.04438e+02 -1.04637e+02 -1.04520e+02 -1.04755e+02
5.91360e+05 5.91300e+03 -1.04627e+02 -1.04356e+02 -1.04898e+02 -1.04608e+02 -1.04487e+02 -1.04730e+02
5.92000e+05 5.92000e+03 -1.04461e+02 -1.04224e+02 -1.04698e+02 -1.04582e+02 -1.04457e+02 -1.04706e+02
5.92640e+05 5.92600e+03 -1.04315e+02 -1.04277e+02 -1.04353e+02 -1.04556e+02 -1.04430e+02 -1.04682e+02
5.93280e+05 5.93200e+03 -1.04281e+02 -1.04272e+02 -1.04291e+02 -1.04532e+02 -1.04406e+02 -1.04658e+02
5.93920e+05 5.93900e+03 -1.04439e+02 -1.04186e+02 -1.04692e+02 -1.04510e+02 -1.04383e+02 -1.04636e+02
5.94560e+05 5.94500e+03 -1.04272e+02 -1.04157e+02 -1.04386e+02 -1.04489e+02 -1.04363e+02 -1.04615e+02
5.95200e+05 5.95200e+03 -1.04234e+02 -1.04176e+02 -1.04293e+02 -1.04471e+02 -1.04345e+02 -1.04596e+02
5.95840e+05 5.95800e+03 -1.04164e+02 -1.04055e+02 -1.04273e+02 -1.04454e+02 -1.04329e+02 -1.04580e+02
5.96480e+05 5.96400e+03 -1.04242e+02 -1.04212e+02 -1.04271e+02 -1.04441e+02 -1.04316e+02 -1.04565e+02
5.97120e+05 5.97100e+03 -1.04173e+02 -1.04034e+02 -1.04312e+02 -1.04428e+02 -1.04303e+02 -1.04553e+02
5.97760e+05 5.97700e+03 -1.04159e+02 -1.04129e+02 -1.04188e+02 -1.04418e+02 -1.04293e+02 -1.04543e+02
5.98400e+05 5.98400e+03 -1.04129e+02 -1.03960e+02 -1.04298e+02 -1.04409e+02 -1.04283e+02 -1.04534e+02
5.99040e+05 5.99000e+03 -1.04174e+02 -1.04174e+02 -1.04175e+02 -1.04400e+02 -1.04274e+02 -1.04525e+02
5.99680e+05 5.99600e+03 -1.04178e+02 -1.04151e+02 -1.04206e+02 -1.04390e+02 -1.04265e+02 -1.04515e+02
