1.00012e+00 1.00046e+00 1.00000e+00 1.00000e+00
1.00005e+00 1.00004e+00 9.99308e-01 9.99124e-01
9.99970e-01 9.99979e-01 9.99697e-01 9.99801e-01
1.00001e+00 1.00001e+00 1.00015e+00 1.00013e+00
1.00001e+00 1.00001e+00 9.99953e-01 9.99927e-01
9.99996e-01 9.99995e-01 9.99878e-01 9.99892e-01
1.00001e+00 1.00001e+00 1.00015e+00 1.00017e+00
1.00001e+00 1.00001e+00 1.00007e+00 1.00004e+00
9.99990e-01 9.99990e-01 9.99936e-01 9.99941e-01
9.99982e-01 9.99982e-01 9.99944e-01 9.99947e-01
9.99977e-01 9.99976e-01 9.99874e-01 9.99860e-01
9.99974e-01 9.99975e-01 9.99908e-01 9.99927e-01
9.99987e-01 9.99988e-01 1.00000e+00 9.99995e-01
9.99988e-01 9.99988e-01 9.99990e-01 9.99991e-01
9.99989e-01 9.99988e-01 9.99964e-01 9.99965e-01
9.99986e-01 9.99986e-01 9.99950e-01 9.99935e-01
9.99986e-01 9.99985e-01 9.99908e-01 9.99922e-01
1.00000e+00 1.00000e+00 1.00009e+00 1.00010e+00
1.00001e+00 1.00001e+00 1.00008e+00 1.00008e+00
9.99999e-01 9.99998e-01 9.99960e-01 9.99950e-01
9.99992e-01 9.99992e-01 9.99950e-01 9.99957e-01
9.99997e-01 9.99997e-01 9.99976e-01 9.99973e-01
1.00000e+00 1.00000e+00 1.00002e+00 1.00003e+00
1.00001e+00 1.00001e+00 1.00007e+00 1.00008e+00
1.00001e+00 1.00001e+00 1.00005e+00 1.00004e+00
1.00000e+00 1.00000e+00 9.99985e-01 9.99987e-01
1.00000e+00 1.00000e+00 1.00000e+00 1.00000e+00
1.00000e+00 1.00000e+00 1.00001e+00 1.00001e+00
1.00000e+00 1.00000e+00 9.99997e-01 9.99996e-01
1.00000e+00 1.00000e+00 9.99998e-01 9.99997e-01
1.00000e+00 1.00000e+00 9.99996e-01 9.99997e-01
1.00001e+00 1.00001e+00 1.00003e+00 1.00003e+00
1.00001e+00 1.00001e+00 1.00003e+00 1.00003e+00
1.00001e+00 1.00001e+00 1.00001e+00 1.00001e+00
1.00000e+00 1.00000e+00 1.00001e+00 1.00001e+00
1.00000e+00 1.00000e+00 1.00001e+00 1.00001e+00
1.00000e+00 1.00000e+00 1.00000e+00 9.99998e-01
1.00000e+00 1.00000e+00 1.00000e+00 1.00000e+00
1.00000e+00 1.00000e+00 1.00001e+00 1.00001e+00
1.00001e+00 1.00001e+00 1.00003e+00 1.00003e+00
1.00001e+00 1.00001e+00 1.00004e+00 1.00004e+00
1.00001e+00 1.00001e+00 1.00003e+00 1.00003e+00
1.00000e+00 1.00000e+00 1.00002e+00 1.00002e+00
9.99998e-01 9.99998e-01 1.00000e+00 1.00000e+00
9.99994e-01 9.99993e-01 9.99961e-01 9.99959e-01
9.99990e-01 9.99990e-01 9.99957e-01 9.99957e-01
9.99990e-01 9.99990e-01 9.99957e-01 9.99958e-01
9.99993e-01 9.99993e-01 9.99973e-01 9.99973e-01
9.99998e-01 9.99998e-01 9.99993e-01 9.99993e-01
1.00000e+00 1.00000e+00 1.00001e+00 1.00001e+00
1.00001e+00 1.00001e+00 1.00004e+00 1.00004e+00
1.00001e+00 1.00001e+00 1.00005e+00 1.00005e+00
1.00001e+00 1.00001e+00 1.00003e+00 1.00003e+00
1.00001e+00 1.00001e+00 1.00000e+00 9.99998e-01
1.00001e+00 1.00001e+00 9.99992e-01 9.99992e-01
1.00001e+00 1.00001e+00 1.00000e+00 1.00000e+00
1.00001e+00 1.00001e+00 1.00002e+00 1.00002e+00
1.00001e+00 1.00002e+00 1.00005e+00 1.00005e+00
1.00002e+00 1.00002e+00 1.00005e+00 1.00005e+00
1.00001e+00 1.00001e+00 1.00004e+00 1.00004e+00
1.00001e+00 1.00001e+00 1.00002e+00 1.00001e+00
1.00001e+00 1.00000e+00 9.99994e-01 9.99994e-01
1.00000e+00 1.00000e+00 9.99991e-01 9.99992e-01
1.00000e+00 1.00000e+00 9.99990e-01 9.99990e-01
1.00000e+00 1.00000e+00 9.99992e-01 9.99992e-01
1.00000e+00 1.00000e+00 9.99995e-01 9.99996e-01
1.00000e+00 1.00000e+00 1.00000e+00 1.00001e+00
1.00000e+00 1.00000e+00 1.00002e+00 1.00002e+00
9.99999e-01 9.99999e-01 1.00001e+00 1.00001e+00
9.99993e-01 9.99993e-01 9.99994e-01 9.99992e-01
9.99985e-01 9.99984e-01 9.99964e-01 9.99963e-01
9.99977e-01 9.99976e-01 9.99918e-01 9.99915e-01
9.99971e-01 9.99971e-01 9.99908e-01 9.99909e-01
9.99970e-01 9.99970e-01 9.99914e-01 9.99915e-01
9.99970e-01 9.99971e-01 9.99933e-01 9.99934e-01
9.99971e-01 9.99971e-01 9.99933e-01 9.99933e-01
9.99972e-01 9.99972e-01 9.99933e-01 9.99933e-01
9.99973e-01 9.99973e-01 9.99932e-01 9.99932e-01
9.99976e-01 9.99976e-01 9.99938e-01 9.99938e-01
9.99980e-01 9.99980e-01 9.99954e-01 9.99955e-01
9.99985e-01 9.99985e-01 9.99972e-01 9.99974e-01
9.99991e-01 9.99991e-01 9.99992e-01 9.99992e-01
9.99995e-01 9.99995e-01 1.00000e+00 1.00000e+00
9.99999e-01 9.99999e-01 1.00000e+00 1.00000e+00
1.00000e+00 1.00000e+00 1.00002e+00 1.00002e+00
1.00001e+00 1.00001e+00 1.00003e+00 1.00003e+00
1.00001e+00 1.00001e+00 1.00005e+00 1.00005e+00
1.00001e+00 1.00001e+00 1.00004e+00 1.00004e+00
1.00001e+00 1.00001e+00 1.00004e+00 1.00004e+00
1.00002e+00 1.00002e+00 1.00004e+00 1.00004e+00
1.00002e+00 1.00002e+00 1.00004e+00 1.00004e+00
1.00002e+00 1.00002e+00 1.00005e+00 1.00005e+00
1.00002e+00 1.00002e+00 1.00005e+00 1.00005e+00
1.00002e+00 1.00002e+00 1.00005e+00 1.00005e+00
1.00002e+00 1.00002e+00 1.00005e+00 1.00005e+00
1.00002e+00 1.00002e+00 1.00005e+00 1.00005e+00
1.00002e+00 1.00002e+00 1.00005e+00 1.00005e+00
1.00003e+00 1.00003e+00 1.00006e+00 1.00006e+00
1.00003e+00 1.00003e+00 1.00007e+00 1.00007e+00
1.00003e+00 1.00003e+00 1.00006e+00 1.00006e+00
1.00002e+00 1.00002e+00 1.00006e+00 1.00006e+00
1.00002e+00 1.00002e+00 1.00005e+00 1.00005e+00
1.00002e+00 1.00002e+00 1.00004e+00 1.00004e+00
1.00001e+00 1.00001e+00 1.00003e+00 1.00003e+00
1.00001e+00 1.00001e+00 1.00001e+00 1.00001e+00
1.00000e+00 1.00000e+00 9.99997e-01 9.99997e-01
9.99999e-01 9.99999e-01 9.99986e-01 9.99986e-01
9.99994e-01 9.99994e-01 9.99976e-01 9.99976e-01
9.99990e-01 9.99990e-01 9.99964e-01 9.99963e-01
9.99986e-01 9.99986e-01 9.99955e-01 9.99955e-01
9.99983e-01 9.99983e-01 9.99952e-01 9.99952e-01
9.99980e-01 9.99980e-01 9.99946e-01 9.99946e-01
9.99978e-01 9.99978e-01 9.99943e-01 9.99943e-01
9.99976e-01 9.99976e-01 9.99937e-01 9.99937e-01
9.99975e-01 9.99975e-01 9.99936e-01 9.99936e-01
9.99974e-01 9.99974e-01 9.99936e-01 9.99936e-01
9.99973e-01 9.99973e-01 9.99937e-01 9.99937e-01
9.99974e-01 9.99974e-01 9.99938e-01 9.99938e-01
9.99974e-01 9.99974e-01 9.99939e-01 9.99939e-01
9.99975e-01 9.99975e-01 9.99942e-01 9.99942e-01
9.99977e-01 9.99977e-01 9.99948e-01 9.99948e-01
9.99979e-01 9.99979e-01 9.99958e-01 9.99958e-01
9.99982e-01 9.99982e-01 9.99968e-01 9.99969e-01
9.99985e-01 9.99985e-01 9.99979e-01 9.99979e-01
9.99988e-01 9.99988e-01 9.99981e-01 9.99981e-01
9.99990e-01 9.99990e-01 9.99985e-01 9.99984e-01
9.99993e-01 9.99993e-01 9.99990e-01 9.99990e-01
9.99997e-01 9.99997e-01 9.99998e-01 9.99998e-01
1.00000e+00 1.00000e+00 1.00001e+00 1.00001e+00
1.00001e+00 1.00001e+00 1.00002e+00 1.00002e+00
1.00001e+00 1.00001e+00 1.00003e+00 1.00003e+00
1.00002e+00 1.00002e+00 1.00004e+00 1.00004e+00
1.00002e+00 1.00002e+00 1.00005e+00 1.00005e+00
1.00003e+00 1.00003e+00 1.00007e+00 1.00007e+00
1.00003e+00 1.00003e+00 1.00007e+00 1.00008e+00
1.00004e+00 1.00004e+00 1.00009e+00 1.00009e+00
1.00004e+00 1.00004e+00 1.00009e+00 1.00009e+00
1.00004e+00 1.00004e+00 1.00009e+00 1.00009e+00
1.00004e+00 1.00004e+00 1.00009e+00 1.00009e+00
1.00004e+00 1.00004e+00 1.00009e+00 1.00009e+00
1.00004e+00 1.00004e+00 1.00009e+00 1.00008e+00
1.00004e+00 1.00004e+00 1.00008e+00 1.00008e+00
1.00003e+00 1.00003e+00 1.00007e+00 1.00007e+00
1.00003e+00 1.00003e+00 1.00006e+00 1.00006e+00
1.00002e+00 1.00002e+00 1.00005e+00 1.00005e+00
1.00002e+00 1.00002e+00 1.00003e+00 1.00003e+00
1.00001e+00 1.00001e+00 1.00001e+00 1.00001e+00
1.00000e+00 1.00000e+00 9.99987e-01 9.99986e-01
9.99990e-01 9.99990e-01 9.99960e-01 9.99960e-01
9.99980e-01 9.99980e-01 9.99937e-01 9.99937e-01
9.99970e-01 9.99970e-01 9.99917e-01 9.99916e-01
9.99961e-01 9.99960e-01 9.99896e-01 9.99896e-01
9.99951e-01 9.99951e-01 9.99874e-01 9.99873e-01
9.99942e-01 9.99942e-01 9.99855e-01 9.99855e-01
9.99935e-01 9.99935e-01 9.99837e-01 9.99836e-01
9.99928e-01 9.99928e-01 9.99826e-01 9.99826e-01
9.99923e-01 9.99923e-01 9.99817e-01 9.99816e-01
9.99920e-01 9.99920e-01 9.99815e-01 9.99815e-01
9.99919e-01 9.99919e-01 9.99818e-01 9.99819e-01
9.99921e-01 9.99921e-01 9.99827e-01 9.99828e-01
9.99924e-01 9.99924e-01 9.99839e-01 9.99840e-01
9.99928e-01 9.99929e-01 9.99854e-01 9.99854e-01
9.99935e-01 9.99935e-01 9.99870e-01 9.99871e-01
9.99943e-01 9.99943e-01 9.99891e-01 9.99892e-01
9.99952e-01 9.99952e-01 9.99916e-01 9.99917e-01
9.99964e-01 9.99964e-01 9.99946e-01 9.99946e-01
9.99977e-01 9.99977e-01 9.99979e-01 9.99980e-01
9.99992e-01 9.99992e-01 1.00002e+00 1.00002e+00
1.00001e+00 1.00001e+00 1.00006e+00 1.00006e+00
1.00002e+00 1.00003e+00 1.00010e+00 1.00010e+00
1.00004e+00 1.00004e+00 1.00014e+00 1.00014e+00
1.00006e+00 1.00006e+00 1.00018e+00 1.00018e+00
1.00007e+00 1.00007e+00 1.00022e+00 1.00022e+00
1.00009e+00 1.00009e+00 1.00024e+00 1.00024e+00
1.00010e+00 1.00010e+00 1.00027e+00 1.00027e+00
1.00011e+00 1.00011e+00 1.00030e+00 1.00030e+00
1.00012e+00 1.00013e+00 1.00032e+00 1.00032e+00
1.00013e+00 1.00013e+00 1.00033e+00 1.00033e+00
1.00014e+00 1.00014e+00 1.00033e+00 1.00033e+00
1.00014e+00 1.00014e+00 1.00033e+00 1.00033e+00
1.00014e+00 1.00014e+00 1.00033e+00 1.00033e+00
1.00014e+00 1.00014e+00 1.00032e+00 1.00032e+00
1.00014e+00 1.00014e+00 1.00030e+00 1.00030e+00
1.00013e+00 1.00013e+00 1.00028e+00 1.00028e+00
1.00012e+00 1.00012e+00 1.00026e+00 1.00025e+00
1.00011e+00 1.00011e+00 1.00022e+00 1.00022e+00
1.00009e+00 1.00009e+00 1.00017e+00 1.00017e+00
1.00007e+00 1.00007e+00 1.00013e+00 1.00013e+00
1.00006e+00 1.00006e+00 1.00008e+00 1.00008e+00
1.00003e+00 1.00003e+00 1.00003e+00 1.00003e+00
1.00001e+00 1.00001e+00 9.99974e-01 9.99973e-01
9.99990e-01 9.99990e-01 9.99919e-01 9.99918e-01
9.99968e-01 9.99967e-01 9.99866e-01 9.99864e-01
9.99945e-01 9.99944e-01 9.99806e-01 9.99805e-01
9.99923e-01 9.99922e-01 9.99758e-01 9.99757e-01
9.99902e-01 9.99901e-01 9.99711e-01 9.99710e-01
9.99882e-01 9.99882e-01 9.99669e-01 9.99667e-01
9.99865e-01 9.99865e-01 9.99625e-01 9.99625e-01
9.99851e-01 9.99851e-01 9.99603e-01 9.99602e-01
9.99839e-01 9.99839e-01 9.99576e-01 9.99575e-01
9.99831e-01 9.99831e-01 9.99562e-01 9.99562e-01
9.99826e-01 9.99826e-01 9.99562e-01 9.99563e-01
9.99825e-01 9.99825e-01 9.99567e-01 9.99567e-01
9.99827e-01 9.99827e-01 9.99579e-01 9.99579e-01
9.99833e-01 9.99833e-01 9.99601e-01 9.99602e-01
9.99841e-01 9.99842e-01 9.99631e-01 9.99632e-01
9.99852e-01 9.99852e-01 9.99664e-01 9.99664e-01
9.99865e-01 9.99866e-01 9.99701e-01 9.99702e-01
9.99881e-01 9.99881e-01 9.99743e-01 9.99745e-01
9.99898e-01 9.99899e-01 9.99790e-01 9.99791e-01
9.99917e-01 9.99917e-01 9.99837e-01 9.99838e-01
9.99937e-01 9.99938e-01 9.99886e-01 9.99887e-01
9.99958e-01 9.99959e-01 9.99939e-01 9.99940e-01
9.99980e-01 9.99981e-01 9.99995e-01 9.99996e-01
1.00000e+00 1.00000e+00 1.00005e+00 1.00005e+00
1.00002e+00 1.00002e+00 1.00010e+00 1.00010e+00
1.00004e+00 1.00004e+00 1.00015e+00 1.00015e+00
1.00006e+00 1.00006e+00 1.00019e+00 1.00019e+00
1.00008e+00 1.00008e+00 1.00022e+00 1.00022e+00
1.00009e+00 1.00009e+00 1.00027e+00 1.00027e+00
1.00011e+00 1.00011e+00 1.00029e+00 1.00029e+00
1.00011e+00 1.00011e+00 1.00029e+00 1.00029e+00
1.00012e+00 1.00012e+00 1.00031e+00 1.00031e+00
1.00012e+00 1.00012e+00 1.00031e+00 1.00031e+00
1.00012e+00 1.00012e+00 1.00029e+00 1.00029e+00
1.00011e+00 1.00011e+00 1.00028e+00 1.00028e+00
1.00010e+00 1.00010e+00 1.00026e+00 1.00026e+00
1.00009e+00 1.00009e+00 1.00022e+00 1.00022e+00
1.00007e+00 1.00007e+00 1.00018e+00 1.00018e+00
1.00006e+00 1.00006e+00 1.00014e+00 1.00014e+00
1.00004e+00 1.00004e+00 1.00010e+00 1.00010e+00
1.00002e+00 1.00002e+00 1.00005e+00 1.00005e+00
9.99996e-01 9.99996e-01 9.99997e-01 9.99996e-01
9.99976e-01 9.99976e-01 9.99956e-01 9.99955e-01
9.99957e-01 9.99956e-01 9.99903e-01 9.99900e-01
9.99939e-01 9.99938e-01 9.99863e-01 9.99865e-01
9.99924e-01 9.99924e-01 9.99844e-01 9.99841e-01
9.99911e-01 9.99911e-01 9.99802e-01 9.99803e-01
9.99903e-01 9.99903e-01 9.99798e-01 9.99798e-01
9.99898e-01 9.99898e-01 9.99788e-01 9.99788e-01
9.99898e-01 9.99898e-01 9.99792e-01 9.99792e-01
9.99904e-01 9.99904e-01 9.99809e-01 9.99810e-01
9.99914e-01 9.99915e-01 9.99838e-01 9.99838e-01
9.99930e-01 9.99930e-01 9.99878e-01 9.99879e-01
9.99951e-01 9.99951e-01 9.99931e-01 9.99933e-01
9.99977e-01 9.99978e-01 9.99996e-01 9.99998e-01
1.00001e+00 1.00001e+00 1.00007e+00 1.00007e+00
1.00004e+00 1.00004e+00 1.00015e+00 1.00015e+00
1.00008e+00 1.00008e+00 1.00023e+00 1.00023e+00
1.00012e+00 1.00012e+00 1.00032e+00 1.00032e+00
1.00015e+00 1.00016e+00 1.00041e+00 1.00041e+00
1.00019e+00 1.00019e+00 1.00049e+00 1.00049e+00
1.00023e+00 1.00023e+00 1.00057e+00 1.00058e+00
1.00026e+00 1.00026e+00 1.00065e+00 1.00065e+00
1.00029e+00 1.00029e+00 1.00069e+00 1.00069e+00
1.00032e+00 1.00032e+00 1.00076e+00 1.00076e+00
1.00034e+00 1.00034e+00 1.00076e+00 1.00076e+00
1.00035e+00 1.00035e+00 1.00077e+00 1.00078e+00
1.00035e+00 1.00035e+00 1.00077e+00 1.00077e+00
1.00035e+00 1.00035e+00 1.00075e+00 1.00075e+00
1.00034e+00 1.00034e+00 1.00070e+00 1.00070e+00
1.00032e+00 1.00032e+00 1.00064e+00 1.00064e+00
1.00029e+00 1.00029e+00 1.00056e+00 1.00055e+00
1.00025e+00 1.00025e+00 1.00045e+00 1.00045e+00
1.00021e+00 1.00021e+00 1.00032e+00 1.00032e+00
1.00015e+00 1.00015e+00 1.00019e+00 1.00018e+00
1.00009e+00 1.00009e+00 1.00003e+00 1.00003e+00
1.00003e+00 1.00002e+00 9.99863e-01 9.99858e-01
9.99954e-01 9.99952e-01 9.99685e-01 9.99681e-01
9.99878e-01 9.99876e-01 9.99501e-01 9.99497e-01
9.99801e-01 9.99799e-01 9.99313e-01 9.99308e-01
9.99722e-01 9.99720e-01 9.99137e-01 9.99134e-01
9.99645e-01 9.99644e-01 9.98962e-01 9.98957e-01
9.99570e-01 9.99569e-01 9.98805e-01 9.98804e-01
9.99501e-01 9.99500e-01 9.98632e-01 9.98627e-01
9.99437e-01 9.99436e-01 9.98518e-01 9.98519e-01
9.99383e-01 9.99382e-01 9.98395e-01 9.98391e-01
9.99337e-01 9.99336e-01 9.98325e-01 9.98326e-01
9.99302e-01 9.99302e-01 9.98261e-01 9.98259e-01
9.99278e-01 9.99278e-01 9.98247e-01 9.98248e-01
9.99266e-01 9.99266e-01 9.98264e-01 9.98266e-01
9.99266e-01 9.99267e-01 9.98309e-01 9.98311e-01
9.99278e-01 9.99279e-01 9.98376e-01 9.98378e-01
9.99302e-01 9.99303e-01 9.98467e-01 9.98470e-01
9.99337e-01 9.99338e-01 9.98589e-01 9.98593e-01
9.99384e-01 9.99385e-01 9.98738e-01 9.98743e-01
9.99441e-01 9.99442e-01 9.98906e-01 9.98910e-01
9.99507e-01 9.99509e-01 9.99096e-01 9.99101e-01
9.99582e-01 9.99584e-01 9.99307e-01 9.99313e-01
9.99666e-01 9.99668e-01 9.99539e-01 9.99545e-01
9.99756e-01 9.99759e-01 9.99782e-01 9.99788e-01
9.99853e-01 9.99855e-01 1.00003e+00 1.00003e+00
9.99954e-01 9.99956e-01 1.00028e+00 1.00029e+00
1.00006e+00 1.00006e+00 1.00054e+00 1.00055e+00
1.00016e+00 1.00016e+00 1.00079e+00 1.00080e+00
1.00027e+00 1.00027e+00 1.00104e+00 1.00104e+00
1.00037e+00 1.00037e+00 1.00129e+00 1.00129e+00
1.00047e+00 1.00047e+00 1.00151e+00 1.00152e+00
1.00057e+00 1.00057e+00 1.00171e+00 1.00171e+00
1.00066e+00 1.00066e+00 1.00194e+00 1.00195e+00
1.00075e+00 1.00075e+00 1.00212e+00 1.00211e+00
1.00082e+00 1.00083e+00 1.00222e+00 1.00223e+00
1.00090e+00 1.00090e+00 1.00245e+00 1.00245e+00
1.00096e+00 1.00096e+00 1.00249e+00 1.00248e+00
1.00101e+00 1.00101e+00 1.00255e+00 1.00256e+00
1.00106e+00 1.00106e+00 1.00265e+00 1.00264e+00
1.00109e+00 1.00109e+00 1.00261e+00 1.00260e+00
1.00111e+00 1.00111e+00 1.00261e+00 1.00261e+00
1.00113e+00 1.00113e+00 1.00261e+00 1.00261e+00
1.00114e+00 1.00114e+00 1.00255e+00 1.00254e+00
1.00113e+00 1.00113e+00 1.00246e+00 1.00246e+00
1.00111e+00 1.00111e+00 1.00237e+00 1.00237e+00
1.00108e+00 1.00108e+00 1.00225e+00 1.00224e+00
1.00103e+00 1.00103e+00 1.00207e+00 1.00206e+00
1.00097e+00 1.00097e+00 1.00186e+00 1.00185e+00
1.00089e+00 1.00089e+00 1.00162e+00 1.00162e+00
1.00080e+00 1.00079e+00 1.00136e+00 1.00135e+00
1.00069e+00 1.00068e+00 1.00104e+00 1.00103e+00
1.00056e+00 1.00056e+00 1.00069e+00 1.00068e+00
1.00042e+00 1.00042e+00 1.00034e+00 1.00033e+00
1.00026e+00 1.00026e+00 9.99940e-01 9.99929e-01
1.00009e+00 1.00009e+00 9.99500e-01 9.99490e-01
9.99904e-01 9.99899e-01 9.99049e-01 9.99038e-01
9.99705e-01 9.99701e-01 9.98583e-01 9.98573e-01
9.99498e-01 9.99493e-01 9.98084e-01 9.98070e-01
9.99284e-01 9.99279e-01 9.97598e-01 9.97589e-01
9.99069e-01 9.99064e-01 9.97109e-01 9.97100e-01
9.98854e-01 9.98850e-01 9.96662e-01 9.96649e-01
9.98643e-01 9.98639e-01 9.96134e-01 9.96129e-01
9.98444e-01 9.98440e-01 9.95804e-01 9.95795e-01
9.98255e-01 9.98251e-01 9.95284e-01 9.95278e-01
9.98085e-01 9.98083e-01 9.95064e-01 9.95060e-01
9.97935e-01 9.97932e-01 9.94727e-01 9.94722e-01
9.97811e-01 9.97809e-01 9.94588e-01 9.94588e-01
9.97715e-01 9.97714e-01 9.94415e-01 9.94415e-01
9.97649e-01 9.97649e-01 9.94405e-01 9.94409e-01
9.97616e-01 9.97617e-01 9.94462e-01 9.94468e-01
9.97614e-01 9.97616e-01 9.94583e-01 9.94590e-01
9.97646e-01 9.97648e-01 9.94774e-01 9.94781e-01
9.97712e-01 9.97715e-01 9.95054e-01 9.95065e-01
9.97813e-01 9.97817e-01 9.95415e-01 9.95428e-01
9.97949e-01 9.97954e-01 9.95847e-01 9.95859e-01
9.98121e-01 9.98127e-01 9.96362e-01 9.96377e-01
9.98330e-01 9.98336e-01 9.96964e-01 9.96984e-01
9.98575e-01 9.98582e-01 9.97648e-01 9.97667e-01
9.98850e-01 9.98858e-01 9.98383e-01 9.98401e-01
9.99153e-01 9.99161e-01 9.99159e-01 9.99180e-01
9.99481e-01 9.99490e-01 1.00000e+00 1.00002e+00
9.99831e-01 9.99840e-01 1.00088e+00 1.00091e+00
1.00020e+00 1.00020e+00 1.00176e+00 1.00179e+00
1.00057e+00 1.00058e+00 1.00266e+00 1.00268e+00
1.00096e+00 1.00097e+00 1.00361e+00 1.00364e+00
1.00134e+00 1.00135e+00 1.00448e+00 1.00449e+00
1.00172e+00 1.00173e+00 1.00532e+00 1.00535e+00
1.00210e+00 1.00211e+00 1.00622e+00 1.00623e+00
1.00245e+00 1.00245e+00 1.00684e+00 1.00685e+00
1.00277e+00 1.00278e+00 1.00763e+00 1.00767e+00
1.00307e+00 1.00308e+00 1.00830e+00 1.00827e+00
1.00332e+00 1.00332e+00 1.00856e+00 1.00860e+00
1.00355e+00 1.00356e+00 1.00929e+00 1.00928e+00
1.00372e+00 1.00372e+00 1.00922e+00 1.00921e+00
1.00383e+00 1.00384e+00 1.00940e+00 1.00941e+00
1.00392e+00 1.00392e+00 1.00941e+00 1.00940e+00
1.00394e+00 1.00393e+00 1.00921e+00 1.00918e+00
1.00390e+00 1.00389e+00 1.00890e+00 1.00889e+00
1.00381e+00 1.00381e+00 1.00856e+00 1.00856e+00
1.00368e+00 1.00367e+00 1.00805e+00 1.00803e+00
1.00348e+00 1.00347e+00 1.00735e+00 1.00732e+00
1.00323e+00 1.00322e+00 1.00658e+00 1.00656e+00
1.00293e+00 1.00292e+00 1.00574e+00 1.00572e+00
1.00258e+00 1.00257e+00 1.00476e+00 1.00473e+00
1.00218e+00 1.00217e+00 1.00364e+00 1.00361e+00
1.00174e+00 1.00173e+00 1.00248e+00 1.00245e+00
1.00126e+00 1.00125e+00 1.00128e+00 1.00125e+00
1.00075e+00 1.00074e+00 9.99955e-01 9.99916e-01
1.00020e+00 1.00019e+00 9.98569e-01 9.98537e-01
9.99645e-01 9.99631e-01 9.97236e-01 9.97209e-01
9.99075e-01 9.99062e-01 9.95901e-01 9.95869e-01
9.98498e-01 9.98484e-01 9.94500e-01 9.94461e-01
9.97927e-01 9.97915e-01 9.93135e-01 9.93117e-01
9.97382e-01 9.97371e-01 9.92023e-01 9.92000e-01
9.96857e-01 9.96843e-01 9.90739e-01 9.90696e-01
9.96361e-01 9.96353e-01 9.89597e-01 9.89591e-01
9.95930e-01 9.95924e-01 9.88977e-01 9.88985e-01
9.95548e-01 9.95537e-01 9.87969e-01 9.87897e-01
9.95200e-01 9.95197e-01 9.87227e-01 9.87272e-01
9.94970e-01 9.94971e-01 9.87304e-01 9.87303e-01
9.94777e-01 9.94771e-01 9.86787e-01 9.86752e-01
9.94640e-01 9.94641e-01 9.86795e-01 9.86834e-01
9.94606e-01 9.94610e-01 9.87130e-01 9.87143e-01
9.94622e-01 9.94625e-01 9.87366e-01 9.87371e-01
9.94696e-01 9.94700e-01 9.87733e-01 9.87739e-01
9.94845e-01 9.94853e-01 9.88370e-01 9.88415e-01
9.95079e-01 9.95089e-01 9.89267e-01 9.89291e-01
9.95363e-01 9.95371e-01 9.90109e-01 9.90125e-01
9.95704e-01 9.95715e-01 9.91101e-01 9.91131e-01
9.96116e-01 9.96130e-01 9.92360e-01 9.92411e-01
9.96590e-01 9.96603e-01 9.93686e-01 9.93716e-01
9.97099e-01 9.97113e-01 9.95031e-01 9.95057e-01
9.97653e-01 9.97668e-01 9.96462e-01 9.96506e-01
9.98261e-01 9.98279e-01 9.98099e-01 9.98146e-01
9.98906e-01 9.98923e-01 9.99741e-01 9.99777e-01
9.99573e-01 9.99589e-01 1.00135e+00 1.00138e+00
1.00026e+00 1.00028e+00 1.00301e+00 1.00306e+00
1.00097e+00 1.00099e+00 1.00479e+00 1.00484e+00
1.00167e+00 1.00169e+00 1.00646e+00 1.00647e+00
1.00235e+00 1.00237e+00 1.00792e+00 1.00798e+00
1.00303e+00 1.00305e+00 1.00966e+00 1.00970e+00
1.00367e+00 1.00368e+00 1.01097e+00 1.01097e+00
1.00425e+00 1.00426e+00 1.01209e+00 1.01214e+00
1.00481e+00 1.00483e+00 1.01354e+00 1.01359e+00
1.00531e+00 1.00531e+00 1.01450e+00 1.01446e+00
1.00570e+00 1.00570e+00 1.01492e+00 1.01497e+00
1.00606e+00 1.00607e+00 1.01604e+00 1.01606e+00
1.00632e+00 1.00632e+00 1.01599e+00 1.01594e+00
1.00646e+00 1.00646e+00 1.01595e+00 1.01596e+00
1.00656e+00 1.00656e+00 1.01597e+00 1.01598e+00
1.00658e+00 1.00658e+00 1.01576e+00 1.01573e+00
1.00650e+00 1.00649e+00 1.01506e+00 1.01502e+00
1.00634e+00 1.00633e+00 1.01443e+00 1.01443e+00
1.00611e+00 1.00610e+00 1.01369e+00 1.01367e+00
1.00579e+00 1.00578e+00 1.01265e+00 1.01261e+00
1.00537e+00 1.00535e+00 1.01131e+00 1.01126e+00
1.00486e+00 1.00485e+00 1.00994e+00 1.00991e+00
1.00430e+00 1.00428e+00 1.00846e+00 1.00842e+00
1.00365e+00 1.00363e+00 1.00668e+00 1.00661e+00
1.00292e+00 1.00290e+00 1.00469e+00 1.00464e+00
1.00214e+00 1.00212e+00 1.00271e+00 1.00267e+00
1.00132e+00 1.00130e+00 1.00072e+00 1.00067e+00
1.00045e+00 1.00043e+00 9.98508e-01 9.98441e-01
9.99554e-01 9.99532e-01 9.96324e-01 9.96275e-01
9.98659e-01 9.98639e-01 9.94249e-01 9.94221e-01
9.97777e-01 9.97757e-01 9.92247e-01 9.92182e-01
9.96900e-01 9.96880e-01 9.89989e-01 9.89926e-01
9.96082e-01 9.96066e-01 9.88327e-01 9.88365e-01
9.95346e-01 9.95331e-01 9.86888e-01 9.86767e-01
9.94622e-01 9.94607e-01 9.84729e-01 9.84729e-01
9.94063e-01 9.94061e-01 9.84427e-01 9.84488e-01
9.93622e-01 9.93605e-01 9.82954e-01 9.82816e-01
9.93211e-01 9.93209e-01 9.82420e-01 9.82519e-01
9.93007e-01 9.93008e-01 9.82549e-01 9.82524e-01
9.92842e-01 9.92838e-01 9.82265e-01 9.82247e-01
9.92783e-01 9.92787e-01 9.82519e-01 9.82565e-01
9.92863e-01 9.92872e-01 9.83255e-01 9.83284e-01
9.93037e-01 9.93044e-01 9.83957e-01 9.83959e-01
9.93312e-01 9.93321e-01 9.84821e-01 9.84854e-01
9.93723e-01 9.93739e-01 9.86155e-01 9.86216e-01
9.94256e-01 9.94272e-01 9.87692e-01 9.87732e-01
9.94873e-01 9.94888e-01 9.89234e-01 9.89262e-01
9.95577e-01 9.95597e-01 9.91059e-01 9.91122e-01
9.96379e-01 9.96402e-01 9.93210e-01 9.93272e-01
9.97245e-01 9.97267e-01 9.95346e-01 9.95389e-01
9.98156e-01 9.98178e-01 9.97539e-01 9.97582e-01
9.99119e-01 9.99145e-01 9.99935e-01 1.00002e+00
1.00013e+00 1.00015e+00 1.00245e+00 1.00249e+00
1.00113e+00 1.00115e+00 1.00459e+00 1.00463e+00
1.00212e+00 1.00214e+00 1.00697e+00 1.00705e+00
1.00309e+00 1.00311e+00 1.00945e+00 1.00948e+00
1.00399e+00 1.00401e+00 1.01100e+00 1.01101e+00
1.00483e+00 1.00486e+00 1.01322e+00 1.01336e+00
1.00560e+00 1.00561e+00 1.01487e+00 1.01475e+00
1.00615e+00 1.00615e+00 1.01547e+00 1.01560e+00
1.00668e+00 1.00669e+00 1.01712e+00 1.01710e+00
1.00700e+00 1.00700e+00 1.01675e+00 1.01670e+00
1.00717e+00 1.00717e+00 1.01691e+00 1.01693e+00
1.00723e+00 1.00723e+00 1.01680e+00 1.01680e+00
1.00713e+00 1.00712e+00 1.01610e+00 1.01603e+00
1.00684e+00 1.00683e+00 1.01496e+00 1.01493e+00
1.00642e+00 1.00641e+00 1.01380e+00 1.01380e+00
1.00584e+00 1.00582e+00 1.01222e+00 1.01217e+00
1.00506e+00 1.00504e+00 1.01011e+00 1.01003e+00
1.00411e+00 1.00408e+00 1.00776e+00 1.00771e+00
1.00304e+00 1.00301e+00 1.00522e+00 1.00518e+00
1.00183e+00 1.00180e+00 1.00232e+00 1.00223e+00
1.00049e+00 1.00046e+00 9.99060e-01 9.98985e-01
9.99079e-01 9.99046e-01 9.95711e-01 9.95654e-01
9.97606e-01 9.97574e-01 9.92519e-01 9.92442e-01
9.96078e-01 9.96042e-01 9.88819e-01 9.88720e-01
9.94542e-01 9.94512e-01 9.85760e-01 9.85739e-01
9.93067e-01 9.93034e-01 9.82540e-01 9.82413e-01
9.91631e-01 9.91604e-01 9.79579e-01 9.79594e-01
9.90368e-01 9.90344e-01 9.77112e-01 9.76997e-01
9.89211e-01 9.89195e-01 9.74757e-01 9.74799e-01
9.88311e-01 9.88301e-01 9.73832e-01 9.73768e-01
9.87606e-01 9.87597e-01 9.72407e-01 9.72422e-01
9.87214e-01 9.87214e-01 9.72409e-01 9.72444e-01
9.87109e-01 9.87117e-01 9.72919e-01 9.72952e-01
9.87286e-01 9.87300e-01 9.74014e-01 9.74057e-01
9.87765e-01 9.87787e-01 9.75838e-01 9.75900e-01
9.88573e-01 9.88604e-01 9.78503e-01 9.78587e-01
9.89730e-01 9.89768e-01 9.81959e-01 9.82061e-01
9.91242e-01 9.91287e-01 9.86131e-01 9.86241e-01
9.93107e-01 9.93159e-01 9.90984e-01 9.91105e-01
9.95329e-01 9.95387e-01 9.96467e-01 9.96612e-01
9.97895e-01 9.97960e-01 1.00259e+00 1.00275e+00
1.00076e+00 1.00083e+00 1.00931e+00 1.00948e+00
1.00386e+00 1.00394e+00 1.01653e+00 1.01669e+00
1.00716e+00 1.00724e+00 1.02414e+00 1.02430e+00
1.01062e+00 1.01070e+00 1.03201e+00 1.03218e+00
1.01422e+00 1.01430e+00 1.03972e+00 1.03988e+00
1.01787e+00 1.01795e+00 1.04763e+00 1.04782e+00
1.02148e+00 1.02155e+00 1.05521e+00 1.05525e+00
1.02496e+00 1.02503e+00 1.06221e+00 1.06250e+00
1.02835e+00 1.02840e+00 1.06920e+00 1.06914e+00
1.03131e+00 1.03135e+00 1.07321e+00 1.07339e+00
1.03397e+00 1.03402e+00 1.07961e+00 1.07963e+00
1.03606e+00 1.03608e+00 1.08127e+00 1.08123e+00
1.03760e+00 1.03762e+00 1.08362e+00 1.08367e+00
1.03855e+00 1.03854e+00 1.08318e+00 1.08309e+00
1.03875e+00 1.03872e+00 1.08105e+00 1.08091e+00
1.03816e+00 1.03811e+00 1.07710e+00 1.07696e+00
1.03673e+00 1.03667e+00 1.07155e+00 1.07136e+00
1.03436e+00 1.03428e+00 1.06428e+00 1.06401e+00
1.03101e+00 1.03090e+00 1.05441e+00 1.05411e+00
1.02671e+00 1.02658e+00 1.04209e+00 1.04176e+00
1.02144e+00 1.02129e+00 1.02809e+00 1.02772e+00
1.01517e+00 1.01500e+00 1.01236e+00 1.01195e+00
1.00796e+00 1.00777e+00 9.94627e-01 9.94178e-01
9.99892e-01 9.99688e-01 9.75146e-01 9.74675e-01
9.91091e-01 9.90882e-01 9.54666e-01 9.54189e-01
9.81702e-01 9.81483e-01 9.33245e-01 9.32781e-01
9.71889e-01 9.71664e-01 9.11115e-01 9.10648e-01
9.61810e-01 9.61589e-01 8.88435e-01 8.87906e-01
9.51694e-01 9.51486e-01 8.67498e-01 8.67128e-01
9.41903e-01 9.41700e-01 8.46443e-01 8.45958e-01
9.32604e-01 9.32430e-01 8.27205e-01 8.26964e-01
9.24186e-01 9.24033e-01 8.11488e-01 8.11177e-01
9.16712e-01 9.16599e-01 7.96610e-01 7.96470e-01
9.10481e-01 9.10402e-01 7.88682e-01 7.88598e-01
9.05611e-01 9.05554e-01 7.79906e-01 7.79847e-01
9.02245e-01 9.02237e-01 7.78233e-01 7.78408e-01
9.00506e-01 9.00536e-01 7.80221e-01 7.80393e-01
9.00272e-01 9.00334e-01 7.84993e-01 7.85217e-01
9.01646e-01 9.01741e-01 7.92859e-01 7.93197e-01
9.04694e-01 9.04827e-01 8.04312e-01 8.04740e-01
9.09373e-01 9.09545e-01 8.19526e-01 8.20016e-01
9.15622e-01 9.15830e-01 8.38403e-01 8.38947e-01
9.23421e-01 9.23663e-01 8.60799e-01 8.61418e-01
9.32781e-01 9.33052e-01 8.86233e-01 8.86958e-01
9.43671e-01 9.43968e-01 9.14548e-01 9.15290e-01
9.55969e-01 9.56297e-01 9.45840e-01 9.46619e-01
9.69634e-01 9.69986e-01 9.79691e-01 9.80572e-01
9.84619e-01 9.84996e-01 1.01615e+00 1.01705e+00
1.00077e+00 1.00117e+00 1.05513e+00 1.05604e+00
1.01798e+00 1.01840e+00 1.09577e+00 1.09672e+00
1.03618e+00 1.03661e+00 1.13784e+00 1.13879e+00
1.05521e+00 1.05566e+00 1.18135e+00 1.18233e+00
1.07489e+00 1.07533e+00 1.22526e+00 1.22635e+00
1.09492e+00 1.09536e+00 1.27008e+00 1.27084e+00
1.11487e+00 1.11530e+00 1.31208e+00 1.31328e+00
1.13458e+00 1.13501e+00 1.35902e+00 1.35933e+00
1.15338e+00 1.15372e+00 1.39284e+00 1.39403e+00
1.17137e+00 1.17175e+00 1.43472e+00 1.43583e+00
1.18724e+00 1.18749e+00 1.46079e+00 1.45995e+00
1.20019e+00 1.20046e+00 1.49072e+00 1.49223e+00
1.21128e+00 1.21139e+00 1.50844e+00 1.50832e+00
1.21834e+00 1.21836e+00 1.51307e+00 1.51263e+00
1.22112e+00 1.22110e+00 1.51127e+00 1.51110e+00
1.21945e+00 1.21928e+00 1.49941e+00 1.49911e+00
1.21233e+00 1.21200e+00 1.47403e+00 1.47281e+00
1.19886e+00 1.19842e+00 1.43663e+00 1.43506e+00
1.17910e+00 1.17851e+00 1.38459e+00 1.38353e+00
1.15303e+00 1.15227e+00 1.31702e+00 1.31533e+00
1.11963e+00 1.11876e+00 1.23674e+00 1.23426e+00
1.07883e+00 1.07784e+00 1.14370e+00 1.14115e+00
1.03179e+00 1.03065e+00 1.03629e+00 1.03391e+00
9.79544e-01 9.78265e-01 9.15479e-01 9.12839e-01
9.22797e-01 9.21509e-01 7.88170e-01 7.85275e-01
8.63278e-01 8.62041e-01 6.64673e-01 6.61145e-01
8.04326e-01 8.03086e-01 5.29858e-01 5.28487e-01
7.50150e-01 7.49098e-01 4.26988e-01 4.23171e-01
7.02509e-01 7.01692e-01 3.15915e-01 3.15788e-01
6.67793e-01 6.67296e-01 2.65504e-01 2.63753e-01
6.44779e-01 6.44538e-01 2.16700e-01 2.16471e-01
6.36287e-01 6.36382e-01 2.22477e-01 2.23289e-01
6.40450e-01 6.40774e-01 2.46053e-01 2.47099e-01
6.53419e-01 6.53861e-01 2.83627e-01 2.84357e-01
6.71934e-01 6.72425e-01 3.28595e-01 3.29881e-01
6.94197e-01 6.94767e-01 3.81757e-01 3.82909e-01
7.17839e-01 7.18432e-01 4.39628e-01 4.41260e-01
7.41457e-01 7.41978e-01 4.95294e-01 4.96477e-01
7.63382e-01 7.63842e-01 5.44473e-01 5.44914e-01
7.83546e-01 7.83978e-01 5.87164e-01 5.88756e-01
8.02928e-01 8.03388e-01 6.37328e-01 6.38301e-01
8.20318e-01 8.20670e-01 6.72921e-01 6.73449e-01
8.36255e-01 8.36610e-01 7.08479e-01 7.09548e-01
8.51772e-01 8.52117e-01 7.43427e-01 7.43633e-01
8.67022e-01 8.67415e-01 7.80282e-01 7.81887e-01
8.83318e-01 8.83713e-01 8.20665e-01 8.21535e-01
8.99651e-01 9.00020e-01 8.57703e-01 8.58319e-01
9.16652e-01 9.17064e-01 8.97321e-01 8.98242e-01
9.35224e-01 9.35705e-01 9.42433e-01 9.43754e-01
9.55624e-01 9.56153e-01 9.92782e-01 9.94136e-01
9.77585e-01 9.78131e-01 1.04600e+00 1.04738e+00
1.00096e+00 1.00154e+00 1.10225e+00 1.10351e+00
1.02572e+00 1.02634e+00 1.16273e+00 1.16414e+00
1.05207e+00 1.05272e+00 1.22643e+00 1.22816e+00
1.07994e+00 1.08063e+00 1.29436e+00 1.29595e+00
1.10883e+00 1.10954e+00 1.36416e+00 1.36610e+00
1.13843e+00 1.13915e+00 1.43534e+00 1.43700e+00
1.16802e+00 1.16874e+00 1.50828e+00 1.50950e+00
1.19736e+00 1.19804e+00 1.57642e+00 1.57864e+00
1.22633e+00 1.22701e+00 1.64844e+00 1.65000e+00
1.25338e+00 1.25397e+00 1.70871e+00 1.70984e+00
1.27773e+00 1.27838e+00 1.78482e+00 1.78732e+00
1.29895e+00 1.29931e+00 1.82314e+00 1.82204e+00
1.31524e+00 1.31564e+00 1.86528e+00 1.86806e+00
1.32775e+00 1.32796e+00 1.89557e+00 1.89588e+00
1.33302e+00 1.33309e+00 1.91009e+00 1.90932e+00
1.33066e+00 1.33052e+00 1.90025e+00 1.90013e+00
1.32070e+00 1.32033e+00 1.87225e+00 1.87181e+00
1.30144e+00 1.30084e+00 1.82328e+00 1.82137e+00
1.27134e+00 1.27052e+00 1.75198e+00 1.74974e+00
1.23025e+00 1.22920e+00 1.65794e+00 1.65584e+00
1.17792e+00 1.17653e+00 1.53487e+00 1.53154e+00
1.11364e+00 1.11192e+00 1.37956e+00 1.37508e+00
1.03803e+00 1.03609e+00 1.19822e+00 1.19367e+00
9.53076e-01 9.50981e-01 9.97908e-01 9.93615e-01
8.61242e-01 8.59040e-01 7.85141e-01 7.79439e-01
7.66561e-01 7.64357e-01 5.67105e-01 5.61259e-01
6.77797e-01 6.75796e-01 3.28350e-01 3.24967e-01
6.05068e-01 6.03628e-01 1.85983e-01 1.80820e-01
5.56318e-01 5.55541e-01 3.37769e-02 3.31136e-02
5.43209e-01 5.43238e-01 3.52920e-02 3.55884e-02
5.61290e-01 5.62066e-01 8.68266e-02 8.86988e-02
6.02805e-01 6.03960e-01 1.80821e-01 1.83612e-01
6.56631e-01 6.57896e-01 2.96826e-01 2.99368e-01
7.13316e-01 7.14624e-01 4.25506e-01 4.28120e-01
7.67876e-01 7.69074e-01 5.45113e-01 5.48545e-01
8.16911e-01 8.17973e-01 6.69591e-01 6.73168e-01
8.56450e-01 8.57092e-01 7.55415e-01 7.53237e-01
8.84858e-01 8.85313e-01 7.98268e-01 8.02367e-01
9.08048e-01 9.08664e-01 8.82735e-01 8.84741e-01
9.20196e-01 9.20110e-01 8.81091e-01 8.77709e-01
9.21881e-01 9.21751e-01 8.66702e-01 8.67284e-01
9.19851e-01 9.19789e-01 8.59303e-01 8.59298e-01
9.13062e-01 9.13013e-01 8.53132e-01 8.54208e-01
9.02031e-01 9.01369e-01 8.05137e-01 8.00629e-01
8.86236e-01 8.85929e-01 7.67716e-01 7.69000e-01
8.72736e-01 8.72479e-01 7.42453e-01 7.41980e-01
8.58422e-01 8.58134e-01 7.14758e-01 7.13409e-01
8.44993e-01 8.44564e-01 6.63246e-01 6.61323e-01
8.35356e-01 8.35309e-01 6.51780e-01 6.53692e-01
8.31811e-01 8.31926e-01 6.63942e-01 6.64155e-01
8.30625e-01 8.30617e-01 6.63575e-01 6.63155e-01
8.32764e-01 8.32882e-01 6.71327e-01 6.71324e-01
8.39998e-01 8.40386e-01 6.98655e-01 7.00828e-01
8.52702e-01 8.53170e-01 7.41840e-01 7.42875e-01
8.68295e-01 8.68660e-01 7.78730e-01 7.79316e-01
8.87008e-01 8.87545e-01 8.26434e-01 8.27741e-01
9.09578e-01 9.10330e-01 8.91632e-01 8.94569e-01
9.35421e-01 9.36147e-01 9.65162e-01 9.66484e-01
9.62375e-01 9.63033e-01 1.03099e+00 1.03251e+00
9.91329e-01 9.92099e-01 1.10418e+00 1.10577e+00
1.02255e+00 1.02339e+00 1.18367e+00 1.18698e+00
1.05581e+00 1.05670e+00 1.27063e+00 1.27220e+00
1.08907e+00 1.08993e+00 1.35765e+00 1.35970e+00
1.12315e+00 1.12399e+00 1.44159e+00 1.44389e+00
1.15777e+00 1.15871e+00 1.53826e+00 1.54128e+00
1.19212e+00 1.19289e+00 1.61666e+00 1.61777e+00
1.22490e+00 1.22578e+00 1.70377e+00 1.70528e+00
1.25709e+00 1.25786e+00 1.78059e+00 1.78390e+00
1.28823e+00 1.28907e+00 1.87488e+00 1.87826e+00
1.31539e+00 1.31593e+00 1.93215e+00 1.93062e+00
1.33670e+00 1.33729e+00 1.99583e+00 1.99945e+00
1.35476e+00 1.35513e+00 2.03581e+00 2.03495e+00
1.36624e+00 1.36644e+00 2.06799e+00 2.06996e+00
1.37181e+00 1.37186e+00 2.07982e+00 2.07996e+00
1.36859e+00 1.36834e+00 2.06428e+00 2.06329e+00
1.35556e+00 1.35509e+00 2.02894e+00 2.02639e+00
1.33250e+00 1.33189e+00 1.97554e+00 1.97445e+00
1.30006e+00 1.29907e+00 1.89112e+00 1.89065e+00
1.25597e+00 1.25460e+00 1.77386e+00 1.76959e+00
1.19712e+00 1.19555e+00 1.63014e+00 1.62443e+00
1.12557e+00 1.12368e+00 1.45546e+00 1.45147e+00
1.04454e+00 1.04233e+00 1.25077e+00 1.24619e+00
9.54261e-01 9.51857e-01 1.02295e+00 1.01679e+00
8.56794e-01 8.54302e-01 7.80980e-01 7.74240e-01
7.59006e-01 7.56629e-01 5.24706e-01 5.18683e-01
6.71124e-01 6.69093e-01 3.18015e-01 3.13254e-01
6.04512e-01 6.03175e-01 1.17864e-01 1.13489e-01
5.69799e-01 5.69462e-01 4.79446e-02 4.86787e-02
5.73977e-01 5.74522e-01 8.40838e-02 8.50360e-02
6.08374e-01 6.09467e-01 1.68241e-01 1.70926e-01
6.64113e-01 6.65665e-01 2.99408e-01 3.03403e-01
7.30183e-01 7.31936e-01 4.60018e-01 4.64279e-01
7.97083e-01 7.98658e-01 6.20906e-01 6.24907e-01
8.59065e-01 8.60425e-01 7.76119e-01 7.78216e-01
9.13526e-01 9.14701e-01 8.93310e-01 8.97178e-01
9.60696e-01 9.61995e-01 1.04240e+00 1.04810e+00
9.97265e-01 9.97776e-01 1.12328e+00 1.11933e+00
1.02008e+00 1.02034e+00 1.14702e+00 1.14999e+00
1.03755e+00 1.03812e+00 1.21631e+00 1.22017e+00
1.04524e+00 1.04517e+00 1.21559e+00 1.21103e+00
1.04111e+00 1.04061e+00 1.16962e+00 1.16931e+00
1.03233e+00 1.03218e+00 1.15416e+00 1.15370e+00
1.01857e+00 1.01807e+00 1.11579e+00 1.11604e+00
9.99607e-01 9.99120e-01 1.07185e+00 1.06760e+00
9.75805e-01 9.74885e-01 9.83491e-01 9.82624e-01
9.52721e-01 9.52210e-01 9.29394e-01 9.27791e-01
9.29890e-01 9.29409e-01 8.80073e-01 8.79926e-01
9.09336e-01 9.08555e-01 7.99200e-01 7.93592e-01
8.91710e-01 8.91515e-01 7.58759e-01 7.62063e-01
8.84683e-01 8.84649e-01 7.57648e-01 7.56273e-01
8.81769e-01 8.81643e-01 7.43290e-01 7.42672e-01
8.86153e-01 8.86385e-01 7.58005e-01 7.58733e-01
8.98898e-01 8.99400e-01 7.95691e-01 7.98181e-01
9.18679e-01 9.19287e-01 8.49707e-01 8.50522e-01
9.42690e-01 9.43255e-01 9.05232e-01 9.06305e-01
9.71451e-01 9.72253e-01 9.76647e-01 9.79043e-01
1.00456e+00 1.00557e+00 1.07226e+00 1.07589e+00
1.03996e+00 1.04076e+00 1.15438e+00 1.15509e+00
1.07490e+00 1.07582e+00 1.24315e+00 1.24546e+00
1.11089e+00 1.11173e+00 1.32781e+00 1.33081e+00
1.14624e+00 1.14728e+00 1.43746e+00 1.44094e+00
1.17870e+00 1.17939e+00 1.51113e+00 1.51079e+00
1.20661e+00 1.20721e+00 1.57469e+00 1.57675e+00
1.23212e+00 1.23268e+00 1.63115e+00 1.63292e+00
1.25275e+00 1.25343e+00 1.71256e+00 1.71637e+00
1.26668e+00 1.26682e+00 1.74098e+00 1.73858e+00
1.27071e+00 1.27073e+00 1.74314e+00 1.74376e+00
1.26789e+00 1.26781e+00 1.73742e+00 1.73834e+00
1.25601e+00 1.25567e+00 1.71414e+00 1.71298e+00
1.23289e+00 1.23224e+00 1.66293e+00 1.66044e+00
1.19880e+00 1.19786e+00 1.58294e+00 1.58142e+00
1.15427e+00 1.15313e+00 1.48029e+00 1.47866e+00
1.09765e+00 1.09636e+00 1.36072e+00 1.35750e+00
1.02807e+00 1.02635e+00 1.20647e+00 1.20233e+00
9.47462e-01 9.45330e-01 1.01369e+00 1.00847e+00
8.58644e-01 8.56629e-01 8.14299e-01 8.09788e-01
7.66643e-01 7.64639e-01 6.13727e-01 6.10249e-01
6.77068e-01 6.75053e-01 3.91923e-01 3.85845e-01
5.96455e-01 5.94893e-01 2.33863e-01 2.31063e-01
5.39197e-01 5.38078e-01 5.77133e-02 5.45680e-02
5.11935e-01 5.11800e-01 2.89287e-02 2.94040e-02
5.19395e-01 5.19914e-01 6.30796e-02 6.44240e-02
5.53116e-01 5.54081e-01 1.38498e-01 1.40768e-01
6.03058e-01 6.04357e-01 2.50194e-01 2.52707e-01
6.60160e-01 6.61515e-01 3.77382e-01 3.80803e-01
7.18586e-01 7.19912e-01 5.08661e-01 5.11435e-01
7.73706e-01 7.74958e-01 6.41836e-01 6.45388e-01
8.24225e-01 8.25299e-01 7.57140e-01 7.58214e-01
8.68842e-01 8.69856e-01 8.56601e-01 8.60600e-01
9.09930e-01 9.10853e-01 9.65307e-01 9.66923e-01
9.44599e-01 9.45258e-01 1.03641e+00 1.03767e+00
9.74813e-01 9.75422e-01 1.09815e+00 1.09831e+00
1.00209e+00 1.00288e+00 1.17033e+00 1.17462e+00
1.02837e+00 1.02891e+00 1.24042e+00 1.24069e+00
1.04998e+00 1.05038e+00 1.28053e+00 1.28095e+00
1.06946e+00 1.06989e+00 1.32200e+00 1.32323e+00
1.08802e+00 1.08843e+00 1.36650e+00 1.36724e+00
1.10564e+00 1.10599e+00 1.40232e+00 1.40302e+00
1.12277e+00 1.12319e+00 1.44572e+00 1.44752e+00
1.13969e+00 1.13994e+00 1.47925e+00 1.47784e+00
1.15569e+00 1.15586e+00 1.49539e+00 1.49632e+00
1.17318e+00 1.17381e+00 1.54621e+00 1.54832e+00
1.19113e+00 1.19146e+00 1.58498e+00 1.58579e+00
1.20802e+00 1.20830e+00 1.61426e+00 1.61271e+00
1.22412e+00 1.22447e+00 1.64445e+00 1.64771e+00
1.24107e+00 1.24148e+00 1.69791e+00 1.69735e+00
1.25547e+00 1.25558e+00 1.70919e+00 1.70920e+00
1.26844e+00 1.26879e+00 1.74139e+00 1.74267e+00
1.27969e+00 1.27983e+00 1.75724e+00 1.75591e+00
1.28788e+00 1.28807e+00 1.77738e+00 1.78011e+00
1.29369e+00 1.29373e+00 1.78623e+00 1.78508e+00
1.29333e+00 1.29314e+00 1.77419e+00 1.77241e+00
1.28793e+00 1.28775e+00 1.75616e+00 1.75715e+00
1.27751e+00 1.27729e+00 1.73659e+00 1.73640e+00
1.25911e+00 1.25863e+00 1.69867e+00 1.69645e+00
1.23194e+00 1.23105e+00 1.62670e+00 1.62477e+00
1.19656e+00 1.19556e+00 1.53590e+00 1.53405e+00
1.15194e+00 1.15091e+00 1.43687e+00 1.43437e+00
1.09739e+00 1.09605e+00 1.31489e+00 1.31133e+00
1.03372e+00 1.03208e+00 1.16502e+00 1.16120e+00
9.62733e-01 9.60946e-01 9.95808e-01 9.92283e-01
8.86265e-01 8.84500e-01 8.22091e-01 8.17880e-01
8.06975e-01 8.05189e-01 6.44807e-01 6.40788e-01
7.30300e-01 7.28553e-01 4.52668e-01 4.48056e-01
6.62912e-01 6.61498e-01 3.10303e-01 3.07503e-01
6.14024e-01 6.13094e-01 1.64981e-01 1.62177e-01
5.89413e-01 5.89230e-01 1.26779e-01 1.27086e-01
5.93326e-01 5.93714e-01 1.52161e-01 1.53374e-01
6.20818e-01 6.21611e-01 2.13620e-01 2.15005e-01
6.65713e-01 6.66862e-01 3.10237e-01 3.12753e-01
7.22871e-01 7.24330e-01 4.39235e-01 4.43002e-01
7.86375e-01 7.87929e-01 5.86206e-01 5.89938e-01
8.50537e-01 8.51958e-01 7.33104e-01 7.35623e-01
9.12427e-01 9.13808e-01 8.70634e-01 8.74240e-01
9.72083e-01 9.73417e-01 1.00945e+00 1.01185e+00
1.02747e+00 1.02876e+00 1.13713e+00 1.14156e+00
1.07857e+00 1.07965e+00 1.26718e+00 1.26921e+00
1.12203e+00 1.12290e+00 1.35535e+00 1.35626e+00
1.15837e+00 1.15928e+00 1.46119e+00 1.46634e+00
1.18802e+00 1.18852e+00 1.51644e+00 1.51247e+00
1.20708e+00 1.20760e+00 1.56973e+00 1.57608e+00
1.22084e+00 1.22102e+00 1.60868e+00 1.60849e+00
1.22136e+00 1.22109e+00 1.59321e+00 1.58901e+00
1.21017e+00 1.20984e+00 1.56199e+00 1.56299e+00
1.19083e+00 1.19045e+00 1.52720e+00 1.52790e+00
1.15984e+00 1.15908e+00 1.46684e+00 1.46381e+00
1.11519e+00 1.11390e+00 1.36005e+00 1.35699e+00
1.05891e+00 1.05747e+00 1.22874e+00 1.22600e+00
9.91583e-01 9.90219e-01 1.09383e+00 1.09069e+00
9.14284e-01 9.12484e-01 9.29051e-01 9.25637e-01
8.29363e-01 8.27277e-01 7.30598e-01 7.24978e-01
7.40215e-01 7.38395e-01 5.46453e-01 5.44013e-01
6.55297e-01 6.53413e-01 3.47495e-01 3.41336e-01
5.79627e-01 5.78205e-01 1.88398e-01 1.86990e-01
5.27706e-01 5.26851e-01 6.14063e-02 5.86473e-02
5.02249e-01 5.02032e-01 1.67383e-02 1.65299e-02
5.07948e-01 5.08303e-01 3.97036e-02 4.09685e-02
5.38452e-01 5.39376e-01 1.08820e-01 1.10643e-01
5.83468e-01 5.84574e-01 2.05349e-01 2.07791e-01
6.34042e-01 6.35071e-01 3.06400e-01 3.08590e-01
6.83667e-01 6.84672e-01 4.10334e-01 4.11476e-01
7.29705e-01 7.30655e-01 5.04281e-01 5.07740e-01
7.72287e-01 7.73147e-01 6.08900e-01 6.10592e-01
8.07346e-01 8.07938e-01 6.69417e-01 6.68943e-01
8.36143e-01 8.36786e-01 7.29188e-01 7.32618e-01
8.62069e-01 8.62536e-01 7.94568e-01 7.95324e-01
8.81439e-01 8.81696e-01 8.24900e-01 8.23197e-01
8.96746e-01 8.96948e-01 8.44331e-01 8.46554e-01
9.12352e-01 9.12794e-01 8.89780e-01 8.90861e-01
9.25493e-01 9.25677e-01 9.09500e-01 9.08843e-01
9.36722e-01 9.36964e-01 9.31696e-01 9.32980e-01
9.48710e-01 9.48911e-01 9.53251e-01 9.52060e-01
9.61033e-01 9.61352e-01 9.78882e-01 9.81596e-01
9.76177e-01 9.76558e-01 1.01504e+00 1.01531e+00
9.91027e-01 9.91288e-01 1.04873e+00 1.04927e+00
1.00694e+00 1.00713e+00 1.06963e+00 1.06793e+00
1.02469e+00 1.02536e+00 1.11570e+00 1.12031e+00
1.04711e+00 1.04759e+00 1.17185e+00 1.17180e+00
1.06860e+00 1.06902e+00 1.21380e+00 1.21441e+00
1.09119e+00 1.09168e+00 1.26133e+00 1.26209e+00
1.11510e+00 1.11578e+00 1.32211e+00 1.32510e+00
1.14008e+00 1.14060e+00 1.38347e+00 1.38356e+00
1.16345e+00 1.16390e+00 1.42773e+00 1.42934e+00
1.18608e+00 1.18661e+00 1.48099e+00 1.48142e+00
1.20654e+00 1.20699e+00 1.52634e+00 1.52891e+00
1.22451e+00 1.22494e+00 1.59259e+00 1.59343e+00
1.23725e+00 1.23724e+00 1.59395e+00 1.59242e+00
1.24435e+00 1.24467e+00 1.62134e+00 1.62320e+00
1.24706e+00 1.24709e+00 1.62746e+00 1.62727e+00
1.24268e+00 1.24242e+00 1.61079e+00 1.60989e+00
1.23063e+00 1.23026e+00 1.58070e+00 1.58007e+00
1.21025e+00 1.20985e+00 1.54381e+00 1.54352e+00
1.18042e+00 1.17972e+00 1.48556e+00 1.48380e+00
1.13990e+00 1.13882e+00 1.39414e+00 1.39139e+00
1.08880e+00 1.08753e+00 1.27861e+00 1.27638e+00
1.02755e+00 1.02613e+00 1.14538e+00 1.14227e+00
9.56183e-01 9.54483e-01 9.88149e-01 9.83813e-01
8.76685e-01 8.74832e-01 8.11750e-01 8.08174e-01
7.93061e-01 7.91309e-01 6.34042e-01 6.30353e-01
7.09580e-01 7.07870e-01 4.63327e-01 4.58533e-01
6.33050e-01 6.31350e-01 2.55499e-01 2.53137e-01
5.72685e-01 5.71714e-01 1.58574e-01 1.55308e-01
5.34394e-01 5.33756e-01 4.54256e-02 4.42673e-02
5.25661e-01 5.25725e-01 4.87524e-02 4.96582e-02
5.44353e-01 5.45101e-01 9.96933e-02 1.01221e-01
5.81854e-01 5.82824e-01 1.81063e-01 1.83298e-01
6.29462e-01 6.30468e-01 2.75697e-01 2.77453e-01
6.80139e-01 6.81283e-01 3.83250e-01 3.85327e-01
7.30882e-01 7.32014e-01 4.93584e-01 4.97170e-01
7.78962e-01 7.79927e-01 6.08790e-01 6.10827e-01
8.20216e-01 8.20973e-01 6.85889e-01 6.85570e-01
8.55386e-01 8.56216e-01 7.62433e-01 7.66790e-01
8.87634e-01 8.88212e-01 8.48024e-01 8.47989e-01
9.12100e-01 9.12419e-01 8.80333e-01 8.80612e-01
9.31896e-01 9.32499e-01 9.41096e-01 9.44162e-01
9.47947e-01 9.48149e-01 9.70008e-01 9.69793e-01
9.57617e-01 9.57683e-01 9.84107e-01 9.81882e-01
9.63965e-01 9.63962e-01 9.82497e-01 9.84395e-01
9.70784e-01 9.71206e-01 1.02367e+00 1.02561e+00
9.74910e-01 9.74907e-01 1.02556e+00 1.02418e+00
9.75329e-01 9.75247e-01 1.01678e+00 1.01683e+00
9.75186e-01 9.75182e-01 1.01654e+00 1.01621e+00
9.74937e-01 9.74915e-01 1.01410e+00 1.01426e+00
9.75403e-01 9.75516e-01 1.02340e+00 1.02423e+00
9.76628e-01 9.76657e-01 1.02703e+00 1.02656e+00
9.78213e-01 9.78255e-01 1.03034e+00 1.03087e+00
9.81499e-01 9.81641e-01 1.04122e+00 1.04133e+00
9.86331e-01 9.86521e-01 1.05710e+00 1.05814e+00
9.93224e-01 9.93463e-01 1.07913e+00 1.07952e+00
1.00170e+00 1.00190e+00 1.09967e+00 1.09984e+00
1.01250e+00 1.01279e+00 1.12537e+00 1.12632e+00
1.02631e+00 1.02675e+00 1.16305e+00 1.16450e+00
1.04266e+00 1.04313e+00 1.20712e+00 1.20822e+00
1.06092e+00 1.06139e+00 1.25298e+00 1.25379e+00
1.08125e+00 1.08176e+00 1.30226e+00 1.30379e+00
1.10393e+00 1.10453e+00 1.35894e+00 1.36036e+00
1.12826e+00 1.12892e+00 1.42191e+00 1.42384e+00
1.15391e+00 1.15452e+00 1.48345e+00 1.48462e+00
1.18005e+00 1.18069e+00 1.54671e+00 1.54771e+00
1.20695e+00 1.20758e+00 1.60966e+00 1.61196e+00
1.23448e+00 1.23515e+00 1.67903e+00 1.68021e+00
1.26099e+00 1.26159e+00 1.73809e+00 1.74001e+00
1.28609e+00 1.28667e+00 1.80486e+00 1.80525e+00
1.30861e+00 1.30903e+00 1.84697e+00 1.84827e+00
1.32856e+00 1.32911e+00 1.90809e+00 1.91093e+00
1.34439e+00 1.34459e+00 1.93809e+00 1.93576e+00
1.35366e+00 1.35380e+00 1.94943e+00 1.95053e+00
1.35887e+00 1.35896e+00 1.96599e+00 1.96649e+00
1.35750e+00 1.35730e+00 1.95308e+00 1.95251e+00
1.34791e+00 1.34748e+00 1.92042e+00 1.91880e+00
1.32900e+00 1.32841e+00 1.86955e+00 1.86767e+00
1.30051e+00 1.29969e+00 1.79752e+00 1.79573e+00
1.26190e+00 1.26079e+00 1.70020e+00 1.69738e+00
1.21211e+00 1.21074e+00 1.57671e+00 1.57282e+00
1.15115e+00 1.14949e+00 1.42472e+00 1.42101e+00
1.07988e+00 1.07797e+00 1.24720e+00 1.24273e+00
9.98805e-01 9.96811e-01 1.05539e+00 1.04964e+00
9.10568e-01 9.08367e-01 8.43914e-01 8.39444e-01
8.20432e-01 8.18186e-01 6.24489e-01 6.19223e-01
7.33208e-01 7.31264e-01 3.98557e-01 3.92663e-01
6.57928e-01 6.56363e-01 2.40488e-01 2.37558e-01
6.06028e-01 6.05072e-01 7.90647e-02 7.66484e-02
5.82680e-01 5.82554e-01 5.25977e-02 5.25148e-02
5.89768e-01 5.90248e-01 8.37053e-02 8.53395e-02
6.21053e-01 6.21904e-01 1.51133e-01 1.53190e-01
6.66045e-01 6.67288e-01 2.56224e-01 2.58336e-01
7.16158e-01 7.17290e-01 3.67616e-01 3.71303e-01
7.64881e-01 7.65956e-01 4.76809e-01 4.77364e-01
8.05599e-01 8.06526e-01 5.81471e-01 5.86991e-01
8.38305e-01 8.38737e-01 6.63512e-01 6.61230e-01
8.55530e-01 8.55612e-01 6.70673e-01 6.71643e-01
8.63692e-01 8.64007e-01 7.05732e-01 7.06707e-01
8.61601e-01 8.61400e-01 6.92817e-01 6.92995e-01
8.48600e-01 8.48043e-01 6.53133e-01 6.49764e-01
8.25756e-01 8.25166e-01 5.98427e-01 5.98124e-01
7.98807e-01 7.98300e-01 5.46825e-01 5.46479e-01
7.67531e-01 7.66827e-01 4.83484e-01 4.81354e-01
7.32909e-01 7.31993e-01 4.01376e-01 3.97952e-01
6.99781e-01 6.99264e-01 3.17998e-01 3.19282e-01
6.73875e-01 6.73652e-01 2.96585e-01 2.94765e-01
6.51905e-01 6.51197e-01 2.15703e-01 2.13517e-01
6.38093e-01 6.38113e-01 2.14055e-01 2.16089e-01
6.34992e-01 6.35047e-01 2.21731e-01 2.21645e-01
6.35680e-01 6.35652e-01 2.19861e-01 2.18122e-01
6.40437e-01 6.40697e-01 2.34957e-01 2.37622e-01
6.51433e-01 6.51842e-01 2.74289e-01 2.75159e-01
6.60751e-01 6.60859e-01 2.97100e-01 2.96014e-01
6.67435e-01 6.67405e-01 2.93726e-01 2.94126e-01
6.74154e-01 6.74558e-01 3.30582e-01 3.32709e-01
6.79186e-01 6.79212e-01 3.37076e-01 3.35614e-01
6.78837e-01 6.78720e-01 3.25271e-01 3.24948e-01
6.77668e-01 6.77744e-01 3.31783e-01 3.33246e-01
6.75809e-01 6.75787e-01 3.31438e-01 3.30436e-01
6.70671e-01 6.70442e-01 3.12655e-01 3.11903e-01
6.65470e-01 6.65422e-01 3.02326e-01 3.02991e-01
6.61576e-01 6.61608e-01 3.05554e-01 3.05655e-01
6.57381e-01 6.57155e-01 2.86547e-01 2.85324e-01
6.53355e-01 6.53329e-01 2.80448e-01 2.80962e-01
6.52235e-01 6.52302e-01 2.87014e-01 2.87545e-01
6.52301e-01 6.52259e-01 2.83670e-01 2.82624e-01
6.52939e-01 6.52930e-01 2.82274e-01 2.83064e-01
6.56443e-01 6.56610e-01 2.96816e-01 2.97041e-01
6.60769e-01 6.60809e-01 3.01135e-01 3.01078e-01
6.65752e-01 6.65895e-01 3.11741e-01 3.11903e-01
6.71948e-01 6.72075e-01 3.23677e-01 3.24256e-01
6.79020e-01 6.79218e-01 3.42830e-01 3.43499e-01
6.85944e-01 6.86041e-01 3.56514e-01 3.55915e-01
6.92266e-01 6.92329e-01 3.62339e-01 3.63033e-01
6.99767e-01 7.00074e-01 3.89961e-01 3.90878e-01
7.07183e-01 7.07298e-01 4.02125e-01 4.01943e-01
7.13633e-01 7.13766e-01 4.14531e-01 4.14886e-01
7.20518e-01 7.20708e-01 4.31212e-01 4.31994e-01
7.27648e-01 7.27854e-01 4.52275e-01 4.52870e-01
7.34283e-01 7.34411e-01 4.68836e-01 4.68670e-01
7.40674e-01 7.40767e-01 4.78107e-01 4.78464e-01
7.48206e-01 7.48542e-01 5.04229e-01 5.05687e-01
7.56839e-01 7.57066e-01 5.27668e-01 5.27704e-01
7.65157e-01 7.65371e-01 5.49185e-01 5.49793e-01
7.74771e-01 7.75027e-01 5.73423e-01 5.74294e-01
7.85737e-01 7.86077e-01 6.04044e-01 6.05180e-01
7.97707e-01 7.98048e-01 6.37352e-01 6.38006e-01
8.10434e-01 8.10757e-01 6.69857e-01 6.70602e-01
8.24749e-01 8.25150e-01 7.07101e-01 7.08428e-01
8.41021e-01 8.41517e-01 7.52565e-01 7.54020e-01
8.58766e-01 8.59304e-01 8.03704e-01 8.04955e-01
8.77909e-01 8.78455e-01 8.57064e-01 8.58416e-01
8.99027e-01 8.99605e-01 9.13242e-01 9.14910e-01
9.22417e-01 9.23057e-01 9.74599e-01 9.76467e-01
9.47841e-01 9.48543e-01 1.04186e+00 1.04381e+00
9.75015e-01 9.75765e-01 1.11435e+00 1.11624e+00
1.00390e+00 1.00470e+00 1.19195e+00 1.19400e+00
1.03474e+00 1.03561e+00 1.27545e+00 1.27794e+00
1.06757e+00 1.06850e+00 1.36562e+00 1.36826e+00
1.10196e+00 1.10293e+00 1.46082e+00 1.46322e+00
1.13765e+00 1.13863e+00 1.55830e+00 1.56072e+00
1.17486e+00 1.17583e+00 1.65528e+00 1.65833e+00
1.21335e+00 1.21435e+00 1.75505e+00 1.75789e+00
1.25189e+00 1.25296e+00 1.85956e+00 1.86237e+00
1.28989e+00 1.29093e+00 1.96816e+00 1.97008e+00
1.32715e+00 1.32812e+00 2.06418e+00 2.06760e+00
1.36382e+00 1.36477e+00 2.16566e+00 2.16920e+00
1.39767e+00 1.39851e+00 2.25152e+00 2.25131e+00
1.42703e+00 1.42791e+00 2.34644e+00 2.35212e+00
1.45339e+00 1.45390e+00 2.41361e+00 2.41142e+00
1.47219e+00 1.47259e+00 2.44938e+00 2.45347e+00
1.48578e+00 1.48609e+00 2.50241e+00 2.50206e+00
1.48952e+00 1.48944e+00 2.49806e+00 2.49666e+00
1.48394e+00 1.48365e+00 2.47629e+00 2.47578e+00
1.46864e+00 1.46807e+00 2.43071e+00 2.43026e+00
1.44140e+00 1.44045e+00 2.35367e+00 2.35073e+00
1.39962e+00 1.39834e+00 2.24319e+00 2.23827e+00
1.34321e+00 1.34150e+00 2.09138e+00 2.08727e+00
1.27306e+00 1.27086e+00 1.89432e+00 1.88940e+00
1.18768e+00 1.18511e+00 1.65823e+00 1.65085e+00
1.08649e+00 1.08355e+00 1.38298e+00 1.37501e+00
9.72734e-01 9.69585e-01 1.08188e+00 1.07266e+00
8.52251e-01 8.49056e-01 7.67735e-01 7.59058e-01
7.35828e-01 7.32678e-01 4.21384e-01 4.14480e-01
6.36133e-01 6.33806e-01 1.70282e-01 1.61038e-01
5.68679e-01 5.67613e-01 -4.73923e-02 -4.80543e-02
5.54236e-01 5.54296e-01 -4.36959e-02 -4.28879e-02
5.84173e-01 5.85730e-01 5.96186e-02 6.28915e-02
6.44846e-01 6.46529e-01 2.05743e-01 2.11828e-01
7.15689e-01 7.17614e-01 3.84775e-01 3.87462e-01
7.79270e-01 7.80947e-01 5.75700e-01 5.83535e-01
8.30922e-01 8.31912e-01 7.06150e-01 7.04292e-01
8.60735e-01 8.61282e-01 7.75164e-01 7.80469e-01
8.75580e-01 8.75764e-01 8.15067e-01 8.14038e-01
8.68264e-01 8.67888e-01 7.89952e-01 7.88237e-01
8.44302e-01 8.43142e-01 7.05345e-01 7.02282e-01
8.07894e-01 8.06784e-01 6.00143e-01 5.97447e-01
7.64173e-01 7.63196e-01 5.02242e-01 4.99068e-01
7.19009e-01 7.17669e-01 3.74179e-01 3.71790e-01
6.78836e-01 6.77786e-01 2.65377e-01 2.60938e-01
6.49378e-01 6.48876e-01 1.63290e-01 1.62553e-01
6.39550e-01 6.39734e-01 1.74267e-01 1.75603e-01
6.46951e-01 6.47297e-01 2.01465e-01 2.02657e-01
6.64699e-01 6.65175e-01 2.42935e-01 2.43010e-01
6.87952e-01 6.88756e-01 3.08975e-01 3.11236e-01
7.14625e-01 7.15466e-01 3.89750e-01 3.94419e-01
7.37549e-01 7.37998e-01 4.63619e-01 4.62722e-01
7.48183e-01 7.48281e-01 4.81683e-01 4.82034e-01
7.50944e-01 7.50949e-01 4.82668e-01 4.83401e-01
7.45851e-01 7.45805e-01 4.80167e-01 4.79289e-01
7.32926e-01 7.32476e-01 4.48808e-01 4.48484e-01
7.15297e-01 7.14632e-01 3.91067e-01 3.88465e-01
6.94653e-01 6.94266e-01 3.44339e-01 3.43305e-01
6.77146e-01 6.76829e-01 3.11729e-01 3.12293e-01
6.64378e-01 6.63985e-01 2.65436e-01 2.62832e-01
6.55330e-01 6.55260e-01 2.49681e-01 2.50186e-01
6.55514e-01 6.55646e-01 2.58613e-01 2.59100e-01
6.61813e-01 6.62166e-01 2.83896e-01 2.85645e-01
6.71655e-01 6.71892e-01 3.12121e-01 3.11773e-01
6.80937e-01 6.81141e-01 3.31981e-01 3.32578e-01
6.90978e-01 6.91232e-01 3.55778e-01 3.56580e-01
7.00168e-01 7.00558e-01 3.97430e-01 3.99402e-01
7.06715e-01 7.06799e-01 4.15409e-01 4.14961e-01
7.07786e-01 7.07678e-01 4.05074e-01 4.04279e-01
7.06292e-01 7.06318e-01 4.06911e-01 4.07235e-01
7.04766e-01 7.04720e-01 4.02622e-01 4.03246e-01
7.02769e-01 7.02763e-01 4.02466e-01 4.01824e-01
7.00070e-01 6.99949e-01 3.90221e-01 3.89747e-01
6.99293e-01 6.99331e-01 3.92269e-01 3.92772e-01
7.01788e-01 7.01934e-01 4.02779e-01 4.03385e-01
7.06798e-01 7.06959e-01 4.17251e-01 4.17517e-01
7.13939e-01 7.14141e-01 4.35468e-01 4.35773e-01
7.23841e-01 7.24144e-01 4.61454e-01 4.62356e-01
7.36870e-01 7.37248e-01 4.95217e-01 4.96586e-01
7.52043e-01 7.52493e-01 5.36623e-01 5.37853e-01
7.67988e-01 7.68461e-01 5.82889e-01 5.83822e-01
7.84475e-01 7.84911e-01 6.26420e-01 6.27611e-01
8.02091e-01 8.02572e-01 6.73023e-01 6.74209e-01
8.20768e-01 8.21315e-01 7.24543e-01 7.26634e-01
8.40386e-01 8.40946e-01 7.81192e-01 7.82556e-01
8.59759e-01 8.60271e-01 8.32528e-01 8.33846e-01
8.79514e-01 8.80054e-01 8.85594e-01 8.87017e-01
9.00220e-01 9.00847e-01 9.44880e-01 9.46610e-01
9.22364e-01 9.23050e-01 1.01029e+00 1.01229e+00
9.46155e-01 9.46835e-01 1.07746e+00 1.07958e+00
9.71489e-01 9.72173e-01 1.14557e+00 1.14752e+00
9.98146e-01 9.98904e-01 1.21878e+00 1.22069e+00
1.02640e+00 1.02725e+00 1.30006e+00 1.30245e+00
1.05681e+00 1.05774e+00 1.38893e+00 1.39173e+00
1.08941e+00 1.09038e+00 1.48281e+00 1.48564e+00
1.12384e+00 1.12482e+00 1.57966e+00 1.58236e+00
1.15988e+00 1.16091e+00 1.68052e+00 1.68324e+00
1.19760e+00 1.19869e+00 1.78653e+00 1.78966e+00
1.23701e+00 1.23814e+00 1.89729e+00 1.90077e+00
1.27751e+00 1.27868e+00 2.01232e+00 2.01579e+00
1.31819e+00 1.31937e+00 2.12945e+00 2.13278e+00
1.35840e+00 1.35957e+00 2.24690e+00 2.24934e+00
1.39791e+00 1.39900e+00 2.36230e+00 2.36628e+00
1.43685e+00 1.43787e+00 2.46529e+00 2.46716e+00
1.47329e+00 1.47427e+00 2.56206e+00 2.56809e+00
1.50630e+00 1.50727e+00 2.68613e+00 2.68416e+00
1.53257e+00 1.53311e+00 2.73654e+00 2.74190e+00
1.55501e+00 1.55566e+00 2.81999e+00 2.82130e+00
1.56845e+00 1.56863e+00 2.84061e+00 2.83873e+00
1.57254e+00 1.57262e+00 2.85623e+00 2.85753e+00
1.56828e+00 1.56797e+00 2.83672e+00 2.83639e+00
1.55266e+00 1.55195e+00 2.78351e+00 2.78145e+00
1.52310e+00 1.52200e+00 2.69284e+00 2.68975e+00
1.47795e+00 1.47650e+00 2.56709e+00 2.56236e+00
1.41611e+00 1.41431e+00 2.40534e+00 2.39921e+00
1.33800e+00 1.33550e+00 2.18426e+00 2.17790e+00
1.24404e+00 1.24084e+00 1.89768e+00 1.89070e+00
1.13242e+00 1.12906e+00 1.57958e+00 1.56864e+00
1.00324e+00 9.99689e-01 1.23593e+00 1.22459e+00
8.65558e-01 8.61461e-01 8.48790e-01 8.37836e-01
7.31169e-01 7.27480e-01 4.41273e-01 4.32931e-01
6.15881e-01 6.13095e-01 1.29419e-01 1.18063e-01
5.38848e-01 5.37628e-01 -1.19198e-01 -1.20865e-01
5.27350e-01 5.27991e-01 -7.93259e-02 -7.58877e-02
5.71751e-01 5.73424e-01 4.61398e-02 5.06565e-02
6.43873e-01 6.46199e-01 2.42356e-01 2.47780e-01
7.19863e-01 7.21865e-01 4.58981e-01 4.66347e-01
7.83740e-01 7.85291e-01 6.24320e-01 6.25731e-01
8.25268e-01 8.26203e-01 7.69787e-01 7.75114e-01
8.46427e-01 8.46627e-01 8.12597e-01 8.12333e-01
8.41687e-01 8.41271e-01 7.85631e-01 7.83582e-01
8.15961e-01 8.14868e-01 7.03990e-01 7.01175e-01
7.75025e-01 7.73678e-01 5.87377e-01 5.84107e-01
7.24741e-01 7.23545e-01 4.68877e-01 4.63800e-01
6.73596e-01 6.72049e-01 3.22037e-01 3.21020e-01
6.31985e-01 6.30973e-01 1.89104e-01 1.83202e-01
6.03628e-01 6.03278e-01 1.16360e-01 1.16480e-01
6.01602e-01 6.01965e-01 1.39458e-01 1.41482e-01
6.20001e-01 6.20657e-01 1.91638e-01 1.93264e-01
6.49008e-01 6.49922e-01 2.69744e-01 2.71531e-01
6.82260e-01 6.83184e-01 3.60385e-01 3.63808e-01
7.14385e-01 7.15185e-01 4.41670e-01 4.42866e-01
7.38693e-01 7.39462e-01 5.35637e-01 5.39698e-01
7.54164e-01 7.54376e-01 5.80340e-01 5.79597e-01
7.56077e-01 7.55797e-01 5.60403e-01 5.59546e-01
7.49426e-01 7.49273e-01 5.44912e-01 5.44066e-01
7.37849e-01 7.37611e-01 5.23312e-01 5.23408e-01
7.24445e-01 7.23959e-01 4.82768e-01 4.82377e-01
7.10001e-01 7.09636e-01 4.47612e-01 4.44698e-01
6.97487e-01 6.97231e-01 4.02358e-01 4.02241e-01
6.94281e-01 6.94374e-01 4.07954e-01 4.09032e-01
7.00040e-01 7.00406e-01 4.34245e-01 4.35501e-01
7.12717e-01 7.13138e-01 4.71341e-01 4.72162e-01
7.31183e-01 7.31732e-01 5.20191e-01 5.21211e-01
7.55837e-01 7.56651e-01 5.89830e-01 5.92510e-01
7.86519e-01 7.87480e-01 6.77225e-01 6.80325e-01
8.20298e-01 8.21329e-01 7.75350e-01 7.78229e-01
8.54938e-01 8.55899e-01 8.73184e-01 8.75844e-01
8.89766e-01 8.90711e-01 9.68010e-01 9.70248e-01
9.24930e-01 9.25960e-01 1.06768e+00 1.07080e+00
9.61100e-01 9.62172e-01 1.17254e+00 1.17594e+00
9.97637e-01 9.98779e-01 1.28778e+00 1.29137e+00
1.03401e+00 1.03503e+00 1.39067e+00 1.39341e+00
1.07004e+00 1.07106e+00 1.49266e+00 1.49535e+00
1.10650e+00 1.10761e+00 1.60043e+00 1.60348e+00
1.14422e+00 1.14540e+00 1.71485e+00 1.71856e+00
1.18350e+00 1.18470e+00 1.83305e+00 1.83722e+00
1.22368e+00 1.22491e+00 1.95481e+00 1.95853e+00
1.26384e+00 1.26505e+00 2.07706e+00 2.08016e+00
1.30404e+00 1.30523e+00 2.19679e+00 2.20016e+00
1.34491e+00 1.34610e+00 2.31492e+00 2.31884e+00
1.38609e+00 1.38732e+00 2.43661e+00 2.44050e+00
1.42643e+00 1.42766e+00 2.55997e+00 2.56334e+00
1.46517e+00 1.46641e+00 2.69121e+00 2.69548e+00
1.50218e+00 1.50318e+00 2.80020e+00 2.80233e+00
1.53621e+00 1.53714e+00 2.89252e+00 2.89649e+00
1.56684e+00 1.56783e+00 3.01120e+00 3.01445e+00
1.59199e+00 1.59250e+00 3.06667e+00 3.06477e+00
1.61075e+00 1.61139e+00 3.13119e+00 3.13782e+00
1.62463e+00 1.62485e+00 3.17668e+00 3.17552e+00
1.62757e+00 1.62758e+00 3.17869e+00 3.17722e+00
1.62079e+00 1.62052e+00 3.15984e+00 3.15922e+00
1.60429e+00 1.60350e+00 3.10110e+00 3.09968e+00
1.57575e+00 1.57445e+00 2.99677e+00 2.99270e+00
1.53207e+00 1.53050e+00 2.85775e+00 2.85147e+00
1.47231e+00 1.47039e+00 2.68233e+00 2.67628e+00
1.39736e+00 1.39476e+00 2.45111e+00 2.44417e+00
1.30653e+00 1.30329e+00 2.15976e+00 2.14989e+00
1.19873e+00 1.19505e+00 1.81767e+00 1.80629e+00
1.07623e+00 1.07234e+00 1.44563e+00 1.43183e+00
9.45636e-01 9.41596e-01 1.05047e+00 1.03868e+00
8.19946e-01 8.15919e-01 6.11311e-01 6.00585e-01
7.12374e-01 7.09543e-01 2.91125e-01 2.78800e-01
6.42631e-01 6.41405e-01 4.01039e-02 3.87427e-02
6.35038e-01 6.35400e-01 6.31583e-02 6.49997e-02
6.82700e-01 6.85071e-01 2.26262e-01 2.32977e-01
7.70327e-01 7.73174e-01 4.70018e-01 4.79703e-01
8.74198e-01 8.77236e-01 7.56349e-01 7.62576e-01
9.76440e-01 9.79605e-01 1.08023e+00 1.09503e+00
1.07165e+00 1.07418e+00 1.34848e+00 1.34689e+00
1.14774e+00 1.14986e+00 1.57199e+00 1.59032e+00
1.21298e+00 1.21429e+00 1.78668e+00 1.78055e+00
1.25007e+00 1.25057e+00 1.84127e+00 1.84545e+00
1.27238e+00 1.27258e+00 1.88460e+00 1.88431e+00
1.27559e+00 1.27526e+00 1.86293e+00 1.86084e+00
1.26128e+00 1.26000e+00 1.77243e+00 1.76715e+00
1.23094e+00 1.22950e+00 1.64768e+00 1.64054e+00
1.18840e+00 1.18711e+00 1.51636e+00 1.51335e+00
1.13947e+00 1.13749e+00 1.34199e+00 1.33918e+00
1.08358e+00 1.08135e+00 1.13825e+00 1.12258e+00
1.02257e+00 1.02086e+00 9.30076e-01 9.32405e-01
9.74289e-01 9.73034e-01 7.92551e-01 7.83492e-01
9.31266e-01 9.30493e-01 6.80226e-01 6.80598e-01
9.05594e-01 9.05360e-01 6.33525e-01 6.33028e-01
8.92800e-01 8.92803e-01 6.32629e-01 6.34878e-01
8.90097e-01 8.90603e-01 6.66956e-01 6.68169e-01
8.91377e-01 8.92076e-01 7.33340e-01 7.38516e-01
8.92654e-01 8.93002e-01 7.71731e-01 7.73363e-01
8.84689e-01 8.84856e-01 8.05482e-01 8.05875e-01
8.66102e-01 8.65709e-01 7.79110e-01 7.80306e-01
8.36710e-01 8.36028e-01 7.26534e-01 7.24309e-01
7.95213e-01 7.94173e-01 6.39228e-01 6.36739e-01
7.46523e-01 7.45155e-01 5.18177e-01 5.17174e-01
6.94858e-01 6.93503e-01 3.87182e-01 3.80613e-01
6.44156e-01 6.42917e-01 2.60775e-01 2.59000e-01
6.10665e-01 6.09751e-01 1.17166e-01 1.13797e-01
5.98202e-01 5.98115e-01 9.80473e-02 9.76487e-02
6.12957e-01 6.13436e-01 1.28911e-01 1.30905e-01
6.50405e-01 6.51488e-01 2.11706e-01 2.13780e-01
7.00632e-01 7.01986e-01 3.28951e-01 3.32289e-01
7.55755e-01 7.57071e-01 4.63398e-01 4.67076e-01
8.07873e-01 8.08988e-01 5.76207e-01 5.78331e-01
8.51070e-01 8.52221e-01 7.18946e-01 7.24892e-01
8.82735e-01 8.83103e-01 7.74839e-01 7.72066e-01
8.96369e-01 8.96486e-01 7.95781e-01 7.96158e-01
8.99924e-01 8.99928e-01 7.95692e-01 7.97533e-01
8.92901e-01 8.92541e-01 7.73692e-01 7.71536e-01
8.73316e-01 8.72583e-01 7.17111e-01 7.14109e-01
8.46354e-01 8.45398e-01 6.26516e-01 6.24792e-01
8.16829e-01 8.16190e-01 5.59237e-01 5.56461e-01
7.87185e-01 7.86582e-01 4.96651e-01 4.98056e-01
7.61270e-01 7.60545e-01 4.24581e-01 4.19148e-01
7.36640e-01 7.36371e-01 3.67540e-01 3.68656e-01
7.23350e-01 7.23426e-01 3.74238e-01 3.76805e-01
7.15671e-01 7.15679e-01 3.77005e-01 3.74913e-01
7.08423e-01 7.08283e-01 3.62158e-01 3.63231e-01
7.05657e-01 7.05972e-01 3.92862e-01 3.94538e-01
7.03985e-01 7.03992e-01 3.94454e-01 3.94175e-01
7.00458e-01 7.00393e-01 3.90155e-01 3.89546e-01
6.96974e-01 6.96955e-01 3.85704e-01 3.86599e-01
6.95236e-01 6.95272e-01 3.89762e-01 3.89484e-01
6.93993e-01 6.93939e-01 3.84451e-01 3.84032e-01
6.95189e-01 6.95244e-01 3.87828e-01 3.88050e-01
7.00482e-01 7.00722e-01 4.04688e-01 4.05395e-01
7.09999e-01 7.10254e-01 4.27446e-01 4.28164e-01
7.23094e-01 7.23411e-01 4.56440e-01 4.56812e-01
7.39509e-01 7.40001e-01 4.98136e-01 4.99695e-01
7.59641e-01 7.60227e-01 5.51312e-01 5.52903e-01
7.81757e-01 7.82372e-01 6.10481e-01 6.12023e-01
8.04839e-01 8.05418e-01 6.68413e-01 6.70046e-01
8.28361e-01 8.29021e-01 7.31844e-01 7.33162e-01
8.52005e-01 8.52671e-01 7.96796e-01 7.99107e-01
8.76112e-01 8.76757e-01 8.64638e-01 8.66220e-01
8.99555e-01 9.00152e-01 9.24290e-01 9.25914e-01
9.22788e-01 9.23394e-01 9.84777e-01 9.86085e-01
9.46120e-01 9.46762e-01 1.04717e+00 1.04927e+00
9.70251e-01 9.70889e-01 1.11121e+00 1.11292e+00
9.94703e-01 9.95333e-01 1.17426e+00 1.17580e+00
1.01984e+00 1.02052e+00 1.24077e+00 1.24234e+00
1.04632e+00 1.04709e+00 1.31400e+00 1.31590e+00
1.07487e+00 1.07567e+00 1.39153e+00 1.39385e+00
1.10569e+00 1.10650e+00 1.47100e+00 1.47342e+00
1.13821e+00 1.13907e+00 1.55437e+00 1.55659e+00
1.17183e+00 1.17277e+00 1.64445e+00 1.64662e+00
1.20656e+00 1.20754e+00 1.73958e+00 1.74200e+00
1.24266e+00 1.24363e+00 1.83602e+00 1.83915e+00
1.27972e+00 1.28068e+00 1.93236e+00 1.93505e+00
1.31626e+00 1.31732e+00 2.03512e+00 2.03754e+00
1.35175e+00 1.35268e+00 2.13830e+00 2.14087e+00
1.38602e+00 1.38685e+00 2.22241e+00 2.22398e+00
1.41804e+00 1.41896e+00 2.31306e+00 2.31851e+00
1.44696e+00 1.44763e+00 2.39790e+00 2.39613e+00
1.46883e+00 1.46938e+00 2.44838e+00 2.45182e+00
1.48657e+00 1.48692e+00 2.50597e+00 2.50641e+00
1.49638e+00 1.49645e+00 2.52036e+00 2.52055e+00
1.49744e+00 1.49740e+00 2.51765e+00 2.51761e+00
1.48836e+00 1.48807e+00 2.49810e+00 2.49662e+00
1.46788e+00 1.46713e+00 2.44217e+00 2.43965e+00
1.43558e+00 1.43439e+00 2.34403e+00 2.34145e+00
1.39018e+00 1.38870e+00 2.21253e+00 2.20928e+00
1.32925e+00 1.32749e+00 2.05231e+00 2.04683e+00
1.25153e+00 1.24928e+00 1.84934e+00 1.84230e+00
1.15861e+00 1.15576e+00 1.59129e+00 1.58469e+00
1.05254e+00 1.04939e+00 1.29594e+00 1.28769e+00
9.34721e-01 9.31497e-01 9.82461e-01 9.73207e-01
8.11999e-01 8.08651e-01 6.49907e-01 6.39503e-01
6.96856e-01 6.93943e-01 3.30813e-01 3.25042e-01
6.07306e-01 6.05346e-01 6.58939e-02 5.79937e-02
5.56379e-01 5.55749e-01 -6.42401e-02 -6.37086e-02
5.59880e-01 5.60662e-01 -1.30557e-02 -1.07469e-02
6.04473e-01 6.06024e-01 1.06575e-01 1.10773e-01
6.71061e-01 6.72763e-01 2.60692e-01 2.65338e-01
7.40436e-01 7.42488e-01 4.84832e-01 4.89485e-01
8.01260e-01 8.02398e-01 6.00560e-01 6.03939e-01
8.46789e-01 8.48147e-01 7.75843e-01 7.80875e-01
8.73615e-01 8.73767e-01 8.10531e-01 8.08647e-01
8.77986e-01 8.77849e-01 8.00440e-01 7.99996e-01
8.66432e-01 8.65937e-01 7.64308e-01 7.64109e-01
8.40328e-01 8.39504e-01 6.98680e-01 6.95557e-01
8.01305e-01 8.00037e-01 5.91840e-01 5.88911e-01
7.55995e-01 7.54655e-01 4.68429e-01 4.62564e-01
7.11127e-01 7.10005e-01 3.23637e-01 3.23663e-01
6.77329e-01 6.76673e-01 2.59499e-01 2.56092e-01
6.53984e-01 6.53519e-01 1.79424e-01 1.77726e-01
6.48336e-01 6.48389e-01 1.81284e-01 1.82916e-01
6.60640e-01 6.61230e-01 2.21743e-01 2.23372e-01
6.82956e-01 6.83712e-01 2.85909e-01 2.87053e-01
7.09229e-01 7.09907e-01 3.55518e-01 3.58950e-01
7.35228e-01 7.35808e-01 4.15886e-01 4.15000e-01
7.54083e-01 7.54712e-01 4.91956e-01 4.96734e-01
7.67825e-01 7.67951e-01 5.20758e-01 5.18909e-01
7.68554e-01 7.68517e-01 5.17168e-01 5.17074e-01
7.62505e-01 7.62157e-01 4.93384e-01 4.93357e-01
7.50236e-01 7.49958e-01 4.67385e-01 4.66054e-01
7.32516e-01 7.32078e-01 4.28669e-01 4.28445e-01
7.12843e-01 7.12184e-01 3.74473e-01 3.71198e-01
6.92878e-01 6.92496e-01 3.13148e-01 3.12566e-01
6.79742e-01 6.79599e-01 2.97710e-01 2.99140e-01
6.72863e-01 6.72693e-01 2.79485e-01 2.77163e-01
6.68941e-01 6.68901e-01 2.69928e-01 2.70871e-01
6.72733e-01 6.72978e-01 2.86849e-01 2.86677e-01
6.80765e-01 6.81180e-01 3.21029e-01 3.23855e-01
6.91977e-01 6.92222e-01 3.50316e-01 3.49912e-01
6.99989e-01 7.00155e-01 3.71460e-01 3.71414e-01
7.06965e-01 7.07083e-01 3.82853e-01 3.84157e-01
7.12737e-01 7.13074e-01 4.18993e-01 4.19967e-01
7.14699e-01 7.14733e-01 4.26293e-01 4.26282e-01
7.12362e-01 7.12136e-01 4.07531e-01 4.05970e-01
7.07533e-01 7.07475e-01 4.00413e-01 4.01263e-01
7.03924e-01 7.03881e-01 3.95940e-01 3.96053e-01
6.99789e-01 6.99744e-01 3.91694e-01 3.91040e-01
6.96017e-01 6.95899e-01 3.77463e-01 3.77325e-01
6.94851e-01 6.94890e-01 3.79757e-01 3.80120e-01
6.96727e-01 6.96872e-01 3.90173e-01 3.90727e-01
7.01173e-01 7.01361e-01 4.06184e-01 4.06608e-01
7.07822e-01 7.07988e-01 4.22688e-01 4.23008e-01
7.16829e-01 7.17100e-01 4.46028e-01 4.46760e-01
7.28477e-01 7.28866e-01 4.79485e-01 4.80824e-01
7.42172e-01 7.42588e-01 5.18991e-01 5.20123e-01
7.56618e-01 7.57000e-01 5.57271e-01 5.58190e-01
7.71548e-01 7.71929e-01 5.95402e-01 5.96373e-01
7.87206e-01 7.87670e-01 6.38879e-01 6.40165e-01
8.03788e-01 8.04303e-01 6.87475e-01 6.89153e-01
8.21090e-01 8.21577e-01 7.36804e-01 7.38158e-01
8.38565e-01 8.39048e-01 7.85141e-01 7.86377e-01
8.56613e-01 8.57126e-01 8.35331e-01 8.36722e-01
8.75840e-01 8.76415e-01 8.90188e-01 8.91977e-01
8.96570e-01 8.97203e-01 9.50601e-01 9.52649e-01
9.18600e-01 9.19273e-01 1.01571e+00 1.01762e+00
9.41742e-01 9.42453e-01 1.08485e+00 1.08661e+00
9.66499e-01 9.67249e-01 1.15768e+00 1.15981e+00
9.93669e-01 9.94466e-01 1.23488e+00 1.23761e+00
1.02323e+00 1.02410e+00 1.31878e+00 1.32168e+00
1.05435e+00 1.05532e+00 1.41167e+00 1.41420e+00
1.08668e+00 1.08771e+00 1.51132e+00 1.51384e+00
1.12112e+00 1.12214e+00 1.61268e+00 1.61583e+00
1.15837e+00 1.15944e+00 1.71756e+00 1.72108e+00
1.19781e+00 1.19900e+00 1.83147e+00 1.83499e+00
1.23854e+00 1.23980e+00 1.95359e+00 1.95719e+00
1.28027e+00 1.28152e+00 2.07893e+00 2.08248e+00
1.32287e+00 1.32410e+00 2.20199e+00 2.20602e+00
1.36598e+00 1.36723e+00 2.32729e+00 2.33066e+00
1.40859e+00 1.40987e+00 2.45423e+00 2.45739e+00
1.45063e+00 1.45189e+00 2.58181e+00 2.58661e+00
1.49182e+00 1.49290e+00 2.70487e+00 2.70779e+00
1.52989e+00 1.53083e+00 2.80008e+00 2.80244e+00
1.56384e+00 1.56501e+00 2.92987e+00 2.93425e+00
1.59322e+00 1.59386e+00 2.99749e+00 2.99702e+00
1.61605e+00 1.61665e+00 3.06846e+00 3.07370e+00
1.63258e+00 1.63289e+00 3.10769e+00 3.10729e+00
1.63789e+00 1.63802e+00 3.13410e+00 3.13275e+00
1.63270e+00 1.63241e+00 3.11424e+00 3.11335e+00
1.61718e+00 1.61640e+00 3.05536e+00 3.05448e+00
1.58870e+00 1.58747e+00 2.95491e+00 2.95161e+00
1.54337e+00 1.54182e+00 2.81930e+00 2.81337e+00
1.47956e+00 1.47766e+00 2.64740e+00 2.64090e+00
1.39831e+00 1.39566e+00 2.41344e+00 2.40639e+00
1.29988e+00 1.29641e+00 2.10505e+00 2.09616e+00
1.18257e+00 1.17876e+00 1.74959e+00 1.73756e+00
1.04689e+00 1.04294e+00 1.36716e+00 1.35401e+00
9.00785e-01 8.96374e-01 9.44814e-01 9.33429e-01
7.56627e-01 7.52393e-01 5.05349e-01 4.94132e-01
6.30195e-01 6.27024e-01 1.17847e-01 1.03130e-01
5.46857e-01 5.45633e-01 -1.36059e-01 -1.33115e-01
5.38343e-01 5.38856e-01 -9.93935e-02 -1.00714e-01
5.82533e-01 5.84735e-01 5.42844e-02 6.12746e-02
6.65232e-01 6.67842e-01 2.79045e-01 2.90351e-01
7.50669e-01 7.52954e-01 5.58114e-01 5.58351e-01
8.13189e-01 8.14548e-01 6.90340e-01 6.99334e-01
8.57949e-01 8.59029e-01 8.68692e-01 8.70975e-01
8.71822e-01 8.71664e-01 8.60880e-01 8.59049e-01
8.57758e-01 8.57162e-01 8.18373e-01 8.14543e-01
8.23041e-01 8.21829e-01 7.21815e-01 7.20624e-01
7.75719e-01 7.74000e-01 5.76515e-01 5.73214e-01
7.17768e-01 7.15992e-01 4.15328e-01 4.05386e-01
6.58810e-01 6.57401e-01 2.37709e-01 2.37153e-01
6.20791e-01 6.20035e-01 1.29928e-01 1.27993e-01
6.02351e-01 6.02136e-01 8.75696e-02 8.48259e-02
6.06748e-01 6.07219e-01 1.16104e-01 1.19094e-01
6.35152e-01 6.36208e-01 1.96414e-01 2.00867e-01
6.72188e-01 6.73400e-01 3.30922e-01 3.32279e-01
7.04451e-01 7.05014e-01 3.87072e-01 3.90396e-01
7.28883e-01 7.29672e-01 4.92229e-01 4.93479e-01
7.39747e-01 7.39769e-01 4.97312e-01 4.97513e-01
7.37714e-01 7.37400e-01 4.77588e-01 4.75935e-01
7.24935e-01 7.24675e-01 4.52643e-01 4.51683e-01
7.06816e-01 7.06168e-01 4.01083e-01 4.00798e-01
6.86267e-01 6.85516e-01 3.28325e-01 3.24163e-01
6.65411e-01 6.64990e-01 2.74312e-01 2.74417e-01
6.53890e-01 6.53714e-01 2.42424e-01 2.41219e-01
6.50447e-01 6.50431e-01 2.38594e-01 2.39290e-01
6.56448e-01 6.56730e-01 2.57318e-01 2.58038e-01
6.68368e-01 6.68841e-01 2.94945e-01 2.95947e-01
6.83484e-01 6.83901e-01 3.38310e-01 3.40191e-01
6.98750e-01 6.99084e-01 3.72994e-01 3.72742e-01
7.10380e-01 7.10804e-01 4.20168e-01 4.23181e-01
7.19184e-01 7.19285e-01 4.42455e-01 4.41372e-01
7.20318e-01 7.20237e-01 4.36782e-01 4.36348e-01
7.18368e-01 7.18268e-01 4.27758e-01 4.27956e-01
7.15019e-01 7.14943e-01 4.20112e-01 4.19983e-01
7.10555e-01 7.10436e-01 4.09806e-01 4.09172e-01
7.06448e-01 7.06294e-01 3.89206e-01 3.88572e-01
7.05059e-01 7.05054e-01 3.88433e-01 3.88606e-01
7.07992e-01 7.08158e-01 3.99101e-01 3.99702e-01
7.14981e-01 7.15231e-01 4.19311e-01 4.19983e-01
7.25164e-01 7.25468e-01 4.46317e-01 4.47087e-01
7.37881e-01 7.38271e-01 4.81223e-01 4.82184e-01
7.52555e-01 7.52987e-01 5.21469e-01 5.22855e-01
7.68394e-01 7.68838e-01 5.64683e-01 5.65800e-01
7.84160e-01 7.84615e-01 6.09958e-01 6.11453e-01
7.99522e-01 7.99920e-01 6.53402e-01 6.54081e-01
8.13905e-01 8.14271e-01 6.89642e-01 6.91017e-01
8.28156e-01 8.28549e-01 7.28486e-01 7.29562e-01
8.41825e-01 8.42195e-01 7.66338e-01 7.67044e-01
8.55529e-01 8.55893e-01 8.02702e-01 8.03572e-01
8.70557e-01 8.70937e-01 8.40056e-01 8.41279e-01
8.87547e-01 8.88007e-01 8.83195e-01 8.84456e-01
9.06559e-01 9.07118e-01 9.34762e-01 9.36160e-01
9.27977e-01 9.28607e-01 9.93795e-01 9.95410e-01
9.52300e-01 9.52974e-01 1.05840e+00 1.06024e+00
9.79747e-01 9.80533e-01 1.13220e+00 1.13441e+00
1.01024e+00 1.01116e+00 1.21815e+00 1.22073e+00
1.04354e+00 1.04450e+00 1.31056e+00 1.31318e+00
1.07932e+00 1.08028e+00 1.40566e+00 1.40829e+00
1.11724e+00 1.11828e+00 1.50672e+00 1.50959e+00
1.15695e+00 1.15811e+00 1.61765e+00 1.62079e+00
1.19807e+00 1.19928e+00 1.73539e+00 1.73876e+00
1.24020e+00 1.24138e+00 1.85613e+00 1.85963e+00
1.28269e+00 1.28381e+00 1.96893e+00 1.97203e+00
1.32451e+00 1.32562e+00 2.08202e+00 2.08504e+00
1.36491e+00 1.36599e+00 2.19012e+00 2.19309e+00
1.40308e+00 1.40420e+00 2.31533e+00 2.31792e+00
1.43841e+00 1.43919e+00 2.39544e+00 2.39771e+00
1.46986e+00 1.47087e+00 2.50969e+00 2.51603e+00
1.49569e+00 1.49615e+00 2.56184e+00 2.55748e+00
1.51174e+00 1.51227e+00 2.62297e+00 2.62780e+00
1.52269e+00 1.52278e+00 2.64300e+00 2.64280e+00
1.52329e+00 1.52301e+00 2.62522e+00 2.62412e+00
1.51243e+00 1.51203e+00 2.59260e+00 2.59108e+00
1.48892e+00 1.48832e+00 2.54103e+00 2.53890e+00
1.45235e+00 1.45110e+00 2.44048e+00 2.43759e+00
1.40171e+00 1.39988e+00 2.28594e+00 2.28122e+00
1.33468e+00 1.33264e+00 2.09823e+00 2.09193e+00
1.25038e+00 1.24792e+00 1.87173e+00 1.86532e+00
1.14996e+00 1.14697e+00 1.59776e+00 1.58919e+00
1.03480e+00 1.03148e+00 1.28489e+00 1.27538e+00
9.09522e-01 9.05918e-01 9.39376e-01 9.31543e-01
7.81601e-01 7.78175e-01 5.66951e-01 5.54101e-01
6.62057e-01 6.59263e-01 2.83375e-01 2.77960e-01
5.75749e-01 5.73708e-01 -3.77097e-02 -4.43951e-02
5.34862e-01 5.34645e-01 -8.49472e-02 -8.42691e-02
5.50543e-01 5.51672e-01 -1.14806e-02 -7.54792e-03
6.06346e-01 6.08098e-01 1.30610e-01 1.34633e-01
6.77318e-01 6.79415e-01 3.16656e-01 3.22165e-01
7.46432e-01 7.48095e-01 5.11945e-01 5.16618e-01
8.01266e-01 8.02507e-01 6.42392e-01 6.46816e-01
8.36307e-01 8.36921e-01 7.62034e-01 7.62438e-01
8.47690e-01 8.47715e-01 7.67739e-01 7.67109e-01
8.39454e-01 8.38970e-01 7.35614e-01 7.34669e-01
8.15041e-01 8.14112e-01 6.63465e-01 6.61490e-01
7.77045e-01 7.75905e-01 5.64241e-01 5.60251e-01
7.30481e-01 7.29177e-01 4.43543e-01 4.40102e-01
6.84356e-01 6.83057e-01 2.99640e-01 2.96580e-01
6.46116e-01 6.45320e-01 2.07115e-01 2.04188e-01
6.22845e-01 6.22511e-01 1.38845e-01 1.38790e-01
6.19661e-01 6.19712e-01 1.42392e-01 1.42329e-01
6.32921e-01 6.33523e-01 1.82598e-01 1.84561e-01
6.58712e-01 6.59567e-01 2.53321e-01 2.55333e-01
6.88736e-01 6.89551e-01 3.30417e-01 3.33669e-01
7.16361e-01 7.16998e-01 4.10545e-01 4.10160e-01
7.35358e-01 7.35775e-01 4.57971e-01 4.60768e-01
7.47953e-01 7.48125e-01 4.93615e-01 4.93887e-01
7.49244e-01 7.49200e-01 4.91095e-01 4.90214e-01
7.41191e-01 7.40757e-01 4.61418e-01 4.60421e-01
7.27184e-01 7.26714e-01 4.18169e-01 4.16981e-01
7.10004e-01 7.09632e-01 3.80905e-01 3.79498e-01
6.92975e-01 6.92465e-01 3.33992e-01 3.33778e-01
6.79043e-01 6.78679e-01 2.89227e-01 2.86878e-01
6.69126e-01 6.68988e-01 2.60504e-01 2.60349e-01
6.68153e-01 6.68294e-01 2.69134e-01 2.70384e-01
6.74436e-01 6.74655e-01 2.87401e-01 2.87802e-01
6.83828e-01 6.84128e-01 3.13380e-01 3.13612e-01
6.95187e-01 6.95488e-01 3.41418e-01 3.42688e-01
7.07547e-01 7.07851e-01 3.71859e-01 3.72413e-01
7.17872e-01 7.18195e-01 4.11244e-01 4.13016e-01
7.25093e-01 7.25164e-01 4.26809e-01 4.26102e-01
7.26677e-01 7.26636e-01 4.23811e-01 4.23621e-01
7.25519e-01 7.25475e-01 4.19303e-01 4.19547e-01
7.22453e-01 7.22426e-01 4.16627e-01 4.16466e-01
7.17607e-01 7.17426e-01 4.03803e-01 4.03388e-01
7.12153e-01 7.11958e-01 3.82272e-01 3.81277e-01
7.07687e-01 7.07646e-01 3.73408e-01 3.73577e-01
7.06453e-01 7.06476e-01 3.74698e-01 3.75297e-01
7.07678e-01 7.07726e-01 3.78792e-01 3.78643e-01
7.10326e-01 7.10414e-01 3.85872e-01 3.85884e-01
7.15221e-01 7.15419e-01 4.01107e-01 4.01819e-01
7.22555e-01 7.22808e-01 4.23163e-01 4.23975e-01
7.31041e-01 7.31287e-01 4.49112e-01 4.49997e-01
7.39549e-01 7.39741e-01 4.68795e-01 4.68980e-01
7.47289e-01 7.47530e-01 4.92483e-01 4.93254e-01
7.54960e-01 7.55153e-01 5.11895e-01 5.12641e-01
7.61907e-01 7.62164e-01 5.39987e-01 5.40872e-01
7.67838e-01 7.67978e-01 5.54639e-01 5.54499e-01
7.72817e-01 7.72966e-01 5.68873e-01 5.69414e-01
7.78645e-01 7.78819e-01 5.85241e-01 5.86128e-01
7.85276e-01 7.85524e-01 6.07577e-01 6.08494e-01
7.92227e-01 7.92440e-01 6.29146e-01 6.29498e-01
7.99604e-01 7.99820e-01 6.50600e-01 6.51030e-01
8.08713e-01 8.09017e-01 6.77749e-01 6.78736e-01
8.20448e-01 8.20858e-01 7.14005e-01 7.15395e-01
8.34672e-01 8.35144e-01 7.57589e-01 7.59034e-01
8.50924e-01 8.51420e-01 8.05187e-01 8.06603e-01
8.69092e-01 8.69615e-01 8.55948e-01 8.57382e-01
8.89364e-01 8.89968e-01 9.13016e-01 9.14656e-01
9.12066e-01 9.12791e-01 9.80261e-01 9.82273e-01
9.37443e-01 9.38256e-01 1.05668e+00 1.05917e+00
9.65450e-01 9.66274e-01 1.13712e+00 1.13979e+00
9.95497e-01 9.96346e-01 1.22073e+00 1.22310e+00
1.02702e+00 1.02795e+00 1.31026e+00 1.31260e+00
1.06032e+00 1.06133e+00 1.40760e+00 1.41036e+00
1.09596e+00 1.09704e+00 1.51177e+00 1.51514e+00
1.13394e+00 1.13506e+00 1.62100e+00 1.62447e+00
1.17348e+00 1.17465e+00 1.73506e+00 1.73825e+00
1.21403e+00 1.21523e+00 1.85266e+00 1.85566e+00
1.25572e+00 1.25690e+00 1.97036e+00 1.97403e+00
1.29863e+00 1.29980e+00 2.08787e+00 2.09165e+00
1.34157e+00 1.34286e+00 2.21316e+00 2.21668e+00
1.38359e+00 1.38487e+00 2.34308e+00 2.34590e+00
1.42465e+00 1.42585e+00 2.46595e+00 2.47036e+00
1.46500e+00 1.46602e+00 2.58197e+00 2.58559e+00
1.50223e+00 1.50311e+00 2.67202e+00 2.67218e+00
1.53472e+00 1.53578e+00 2.77773e+00 2.78415e+00
1.56349e+00 1.56423e+00 2.86268e+00 2.86063e+00
1.58443e+00 1.58493e+00 2.92209e+00 2.92845e+00
1.59991e+00 1.60014e+00 2.96759e+00 2.96562e+00
1.60343e+00 1.60345e+00 2.97129e+00 2.96947e+00
1.59716e+00 1.59685e+00 2.94991e+00 2.94959e+00
1.58114e+00 1.58042e+00 2.89429e+00 2.89406e+00
1.55206e+00 1.55087e+00 2.79769e+00 2.79455e+00
1.50571e+00 1.50414e+00 2.66266e+00 2.65619e+00
1.44094e+00 1.43903e+00 2.49007e+00 2.48318e+00
1.35982e+00 1.35725e+00 2.26078e+00 2.25469e+00
1.26315e+00 1.25980e+00 1.96194e+00 1.95417e+00
1.14849e+00 1.14486e+00 1.62167e+00 1.60989e+00
1.01609e+00 1.01242e+00 1.26278e+00 1.25022e+00
8.75484e-01 8.71337e-01 8.65417e-01 8.55688e-01
7.39355e-01 7.35395e-01 4.48540e-01 4.37833e-01
6.21559e-01 6.18747e-01 9.60352e-02 8.41479e-02
5.46581e-01 5.45534e-01 -1.19526e-01 -1.19120e-01
5.40497e-01 5.41128e-01 -7.80621e-02 -7.59451e-02
5.87688e-01 5.89738e-01 7.02826e-02 7.61077e-02
6.64946e-01 6.67069e-01 2.62454e-01 2.68551e-01
7.43912e-01 7.46209e-01 5.15741e-01 5.21580e-01
8.09353e-01 8.10785e-01 6.60233e-01 6.65181e-01
8.53506e-01 8.54673e-01 8.42818e-01 8.46141e-01
8.71629e-01 8.71687e-01 8.56894e-01 8.55899e-01
8.64172e-01 8.63571e-01 8.17364e-01 8.15351e-01
8.36382e-01 8.35318e-01 7.33348e-01 7.30822e-01
7.92855e-01 7.91453e-01 6.12323e-01 6.08662e-01
7.38938e-01 7.37382e-01 4.69235e-01 4.63349e-01
6.83473e-01 6.81905e-01 3.14673e-01 3.12496e-01
6.39238e-01 6.38119e-01 1.57602e-01 1.51212e-01
6.12230e-01 6.11941e-01 9.53607e-02 9.76933e-02
6.14482e-01 6.14885e-01 1.23300e-01 1.23686e-01
6.34045e-01 6.34917e-01 1.89505e-01 1.91214e-01
6.65732e-01 6.66545e-01 2.65268e-01 2.68907e-01
7.01128e-01 7.02080e-01 3.55832e-01 3.56633e-01
7.30653e-01 7.31588e-01 4.64216e-01 4.69419e-01
7.52357e-01 7.52627e-01 5.21139e-01 5.21063e-01
7.57428e-01 7.57353e-01 5.17005e-01 5.15088e-01
7.50042e-01 7.49695e-01 4.91571e-01 4.90908e-01
7.35993e-01 7.35462e-01 4.47522e-01 4.47573e-01
7.16763e-01 7.16213e-01 3.98000e-01 3.95029e-01
6.93576e-01 6.92985e-01 3.40272e-01 3.39062e-01
6.74164e-01 6.73494e-01 2.55193e-01 2.52355e-01
6.61535e-01 6.61445e-01 2.35383e-01 2.35963e-01
6.60647e-01 6.60845e-01 2.47388e-01 2.49125e-01
6.67307e-01 6.67464e-01 2.64219e-01 2.62947e-01
6.76828e-01 6.77058e-01 2.83395e-01 2.84562e-01
6.91290e-01 6.91722e-01 3.19012e-01 3.20376e-01
7.06327e-01 7.06899e-01 3.80783e-01 3.83338e-01
7.17984e-01 7.18122e-01 4.07146e-01 4.06601e-01
7.21883e-01 7.21897e-01 4.10033e-01 4.09218e-01
7.21222e-01 7.21100e-01 3.97927e-01 3.98709e-01
7.17974e-01 7.17960e-01 3.96980e-01 3.96489e-01
7.10893e-01 7.10621e-01 3.78334e-01 3.77940e-01
7.01960e-01 7.01566e-01 3.43549e-01 3.41316e-01
6.93010e-01 6.92849e-01 3.16420e-01 3.16716e-01
6.88719e-01 6.88688e-01 3.10161e-01 3.10422e-01
6.87282e-01 6.87302e-01 3.12276e-01 3.12050e-01
6.87860e-01 6.87793e-01 3.05757e-01 3.05555e-01
6.90709e-01 6.90899e-01 3.18187e-01 3.18234e-01
6.95920e-01 6.96122e-01 3.34640e-01 3.36390e-01
7.02349e-01 7.02487e-01 3.56166e-01 3.55901e-01
7.06066e-01 7.06110e-01 3.61174e-01 3.61026e-01
7.08399e-01 7.08436e-01 3.64731e-01 3.65047e-01
7.09752e-01 7.09828e-01 3.73956e-01 3.74367e-01
7.09445e-01 7.09367e-01 3.69196e-01 3.69051e-01
7.06904e-01 7.06845e-01 3.63687e-01 3.62936e-01
7.03249e-01 7.03097e-01 3.46876e-01 3.46654e-01
7.00356e-01 7.00329e-01 3.43984e-01 3.44111e-01
6.98426e-01 6.98401e-01 3.41416e-01 3.41439e-01
6.97054e-01 6.96990e-01 3.34739e-01 3.34243e-01
6.96337e-01 6.96329e-01 3.32866e-01 3.33057e-01
6.97220e-01 6.97275e-01 3.36621e-01 3.36680e-01
6.98932e-01 6.99035e-01 3.46777e-01 3.47551e-01
7.01033e-01 7.01061e-01 3.50428e-01 3.49977e-01
7.02083e-01 7.02100e-01 3.52171e-01 3.52175e-01
7.03422e-01 7.03448e-01 3.54377e-01 3.54848e-01
7.04777e-01 7.04863e-01 3.64078e-01 3.64225e-01
7.05128e-01 7.05129e-01 3.64449e-01 3.64492e-01
7.04556e-01 7.04502e-01 3.61079e-01 3.60567e-01
7.03470e-01 7.03453e-01 3.57174e-01 3.57438e-01
7.03086e-01 7.03095e-01 3.57867e-01 3.57918e-01
7.02747e-01 7.02752e-01 3.58673e-01 3.58725e-01
7.02497e-01 7.02495e-01 3.58599e-01 3.58449e-01
7.02508e-01 7.02511e-01 3.58670e-01 3.58753e-01
7.03265e-01 7.03298e-01 3.60938e-01 3.61094e-01
7.04607e-01 7.04672e-01 3.66379e-01 3.66597e-01
7.06294e-01 7.06336e-01 3.70710e-01 3.70877e-01
7.08033e-01 7.08099e-01 3.76518e-01 3.76632e-01
7.09780e-01 7.09842e-01 3.82870e-01 3.83034e-01
7.11648e-01 7.11701e-01 3.88155e-01 3.88377e-01
7.13588e-01 7.13657e-01 3.95154e-01 3.95479e-01
7.15446e-01 7.15495e-01 4.00198e-01 4.00191e-01
7.17051e-01 7.17112e-01 4.05751e-01 4.05967e-01
7.18957e-01 7.19019e-01 4.11778e-01 4.12051e-01
7.21135e-01 7.21219e-01 4.19650e-01 4.19969e-01
7.23502e-01 7.23573e-01 4.26828e-01 4.26998e-01
7.26040e-01 7.26113e-01 4.34020e-01 4.34236e-01
7.29081e-01 7.29186e-01 4.43336e-01 4.43708e-01
7.32796e-01 7.32938e-01 4.55910e-01 4.56385e-01
7.37085e-01 7.37243e-01 4.70604e-01 4.71107e-01
7.41800e-01 7.41950e-01 4.85548e-01 4.86026e-01
7.46880e-01 7.47037e-01 5.00976e-01 5.01457e-01
7.52410e-01 7.52598e-01 5.18645e-01 5.19197e-01
7.58557e-01 7.58773e-01 5.38883e-01 5.39593e-01
7.65422e-01 7.65650e-01 5.60745e-01 5.61592e-01
7.72844e-01 7.73081e-01 5.83881e-01 5.84690e-01
7.80556e-01 7.80815e-01 6.08902e-01 6.09639e-01
7.88637e-01 7.88921e-01 6.36064e-01 6.36918e-01
7.97485e-01 7.97785e-01 6.65059e-01 6.66120e-01
8.07295e-01 8.07619e-01 6.96323e-01 6.97487e-01
8.17927e-01 8.18288e-01 7.30772e-01 7.31960e-01
8.29280e-01 8.29675e-01 7.68559e-01 7.69828e-01
8.41489e-01 8.41918e-01 8.09724e-01 8.11129e-01
8.54768e-01 8.55244e-01 8.55177e-01 8.56695e-01
8.69324e-01 8.69847e-01 9.05097e-01 9.06780e-01
8.85418e-01 8.85968e-01 9.58268e-01 9.60196e-01
9.03160e-01 9.03744e-01 1.01492e+00 1.01700e+00
9.22355e-01 9.23011e-01 1.07757e+00 1.07967e+00
9.42906e-01 9.43643e-01 1.14746e+00 1.14972e+00
9.65175e-01 9.65959e-01 1.22286e+00 1.22548e+00
9.89553e-01 9.90370e-01 1.30240e+00 1.30534e+00
1.01591e+00 1.01679e+00 1.38770e+00 1.39068e+00
1.04388e+00 1.04485e+00 1.48108e+00 1.48407e+00
1.07356e+00 1.07460e+00 1.58145e+00 1.58485e+00
1.10546e+00 1.10655e+00 1.68773e+00 1.69148e+00
1.13965e+00 1.14083e+00 1.80152e+00 1.80540e+00
1.17596e+00 1.17721e+00 1.92297e+00 1.92706e+00
1.21440e+00 1.21570e+00 2.05021e+00 2.05461e+00
1.25494e+00 1.25629e+00 2.18271e+00 2.18734e+00
1.29725e+00 1.29868e+00 2.32231e+00 2.32700e+00
1.34097e+00 1.34248e+00 2.47014e+00 2.47483e+00
1.38615e+00 1.38771e+00 2.62336e+00 2.62839e+00
1.43310e+00 1.43464e+00 2.77689e+00 2.78253e+00
1.48137e+00 1.48294e+00 2.93298e+00 2.93842e+00
1.52966e+00 1.53127e+00 3.09337e+00 3.09820e+00
1.57729e+00 1.57895e+00 3.25861e+00 3.26347e+00
1.62455e+00 1.62609e+00 3.41857e+00 3.42518e+00
1.67111e+00 1.67254e+00 3.56585e+00 3.56962e+00
1.71443e+00 1.71582e+00 3.70542e+00 3.71071e+00
1.75437e+00 1.75576e+00 3.86986e+00 3.87222e+00
1.78985e+00 1.79074e+00 3.95860e+00 3.96343e+00
1.82081e+00 1.82175e+00 4.05917e+00 4.06421e+00
1.84335e+00 1.84401e+00 4.13469e+00 4.13433e+00
1.85482e+00 1.85511e+00 4.19394e+00 4.19290e+00
1.85682e+00 1.85656e+00 4.17585e+00 4.17676e+00
1.84847e+00 1.84771e+00 4.12028e+00 4.12025e+00
1.82436e+00 1.82334e+00 4.03715e+00 4.03001e+00
1.78081e+00 1.77940e+00 3.91404e+00 3.90609e+00
1.72067e+00 1.71810e+00 3.69964e+00 3.69548e+00
1.64352e+00 1.64009e+00 3.40411e+00 3.39371e+00
1.54144e+00 1.53784e+00 3.06649e+00 3.05150e+00
1.41305e+00 1.40863e+00 2.65935e+00 2.64287e+00
1.26348e+00 1.25804e+00 2.16106e+00 2.14328e+00
1.09782e+00 1.09163e+00 1.58142e+00 1.56449e+00
9.21570e-01 9.15595e-01 9.31668e-01 9.09252e-01
7.47738e-01 7.43062e-01 4.61461e-01 4.41967e-01
6.14790e-01 6.11035e-01 -1.38267e-01 -1.49457e-01
5.63347e-01 5.63219e-01 -1.72029e-01 -1.67553e-01
6.07520e-01 6.10273e-01 7.56202e-03 2.00605e-02
7.07572e-01 7.11567e-01 3.44195e-01 3.46973e-01
8.13864e-01 8.16856e-01 6.42426e-01 6.63437e-01
9.12565e-01 9.15885e-01 1.08120e+00 1.08698e+00
9.71481e-01 9.72342e-01 1.18682e+00 1.18793e+00
9.95004e-01 9.95360e-01 1.25551e+00 1.25874e+00
9.86651e-01 9.85657e-01 1.19281e+00 1.19127e+00
9.43764e-01 9.42345e-01 1.07960e+00 1.06885e+00
8.73166e-01 8.70340e-01 8.51375e-01 8.43163e-01
7.94651e-01 7.91546e-01 5.13320e-01 5.06092e-01
7.18795e-01 7.17085e-01 3.40321e-01 3.33941e-01
6.59962e-01 6.58158e-01 8.24007e-02 7.03097e-02
6.34778e-01 6.34601e-01 5.35982e-02 6.46853e-02
6.61342e-01 6.63100e-01 1.72957e-01 1.72668e-01
7.02655e-01 7.04160e-01 3.33197e-01 3.37092e-01
7.54175e-01 7.55066e-01 4.22474e-01 4.30571e-01
8.01760e-01 8.04103e-01 6.98019e-01 7.04296e-01
8.28921e-01 8.28963e-01 7.08241e-01 7.06158e-01
8.31226e-01 8.30861e-01 6.83662e-01 6.80493e-01
8.16977e-01 8.16777e-01 6.60739e-01 6.61623e-01
7.93821e-01 7.92622e-01 5.74954e-01 5.74682e-01
7.60348e-01 7.58844e-01 4.55777e-01 4.43933e-01
7.20855e-01 7.19953e-01 3.12542e-01 3.13487e-01
7.00055e-01 6.99701e-01 2.69345e-01 2.68885e-01
6.92281e-01 6.92144e-01 2.43171e-01 2.41033e-01
6.97333e-01 6.97758e-01 2.69614e-01 2.71284e-01
7.17100e-01 7.17959e-01 3.34253e-01 3.40326e-01
7.42552e-01 7.43431e-01 4.50013e-01 4.49576e-01
7.60290e-01 7.60451e-01 4.66405e-01 4.67374e-01
7.72715e-01 7.73291e-01 5.22145e-01 5.25777e-01
7.77731e-01 7.77812e-01 5.41038e-01 5.38563e-01
7.70973e-01 7.70282e-01 4.87645e-01 4.86877e-01
7.59434e-01 7.59147e-01 4.56824e-01 4.53892e-01
7.45344e-01 7.45089e-01 4.27863e-01 4.30857e-01
7.34111e-01 7.33431e-01 3.73249e-01 3.66920e-01
7.20874e-01 7.20664e-01 3.27381e-01 3.28809e-01
7.18775e-01 7.18968e-01 3.40515e-01 3.41075e-01
7.22389e-01 7.22514e-01 3.52620e-01 3.53623e-01
7.29341e-01 7.29489e-01 3.68475e-01 3.66949e-01
7.37334e-01 7.37865e-01 4.08374e-01 4.13202e-01
7.48048e-01 7.48215e-01 4.45127e-01 4.43205e-01
7.51674e-01 7.51685e-01 4.43941e-01 4.44802e-01
7.53464e-01 7.53484e-01 4.46616e-01 4.46363e-01
7.51685e-01 7.51705e-01 4.48563e-01 4.49680e-01
7.47185e-01 7.46819e-01 4.27098e-01 4.24315e-01
7.39031e-01 7.38814e-01 3.97799e-01 3.97311e-01
7.33561e-01 7.33487e-01 3.84090e-01 3.85175e-01
7.30712e-01 7.30693e-01 3.83081e-01 3.81947e-01
7.28264e-01 7.28109e-01 3.66360e-01 3.65915e-01
7.28851e-01 7.28903e-01 3.69617e-01 3.69750e-01
7.32617e-01 7.32872e-01 3.86392e-01 3.88470e-01
7.37963e-01 7.38105e-01 4.11425e-01 4.10394e-01
7.40907e-01 7.40851e-01 4.05591e-01 4.05838e-01
7.43916e-01 7.44144e-01 4.26899e-01 4.28307e-01
7.45941e-01 7.45959e-01 4.30113e-01 4.29130e-01
7.44764e-01 7.44651e-01 4.20091e-01 4.20323e-01
7.42877e-01 7.42850e-01 4.17574e-01 4.17303e-01
7.39876e-01 7.39791e-01 4.10836e-01 4.10792e-01
7.36630e-01 7.36435e-01 3.92493e-01 3.91213e-01
7.33660e-01 7.33623e-01 3.84287e-01 3.84624e-01
7.33365e-01 7.33420e-01 3.89584e-01 3.90162e-01
7.34320e-01 7.34307e-01 3.88944e-01 3.88404e-01
7.35395e-01 7.35419e-01 3.90425e-01 3.90202e-01
7.37842e-01 7.37968e-01 3.98524e-01 3.99789e-01
7.41416e-01 7.41536e-01 4.14407e-01 4.14072e-01
7.43497e-01 7.43524e-01 4.16830e-01 4.17173e-01
7.45013e-01 7.45058e-01 4.21883e-01 4.22133e-01
7.45259e-01 7.45266e-01 4.23574e-01 4.23328e-01
7.44109e-01 7.44004e-01 4.16299e-01 4.16031e-01
7.42382e-01 7.42340e-01 4.09907e-01 4.09794e-01
7.40677e-01 7.40658e-01 4.07830e-01 4.07826e-01
7.39293e-01 7.39195e-01 3.98754e-01 3.98237e-01
7.38367e-01 7.38354e-01 3.95932e-01 3.95931e-01
7.38866e-01 7.38914e-01 3.98920e-01 3.99266e-01
7.40394e-01 7.40454e-01 4.05073e-01 4.05233e-01
7.42065e-01 7.42095e-01 4.08185e-01 4.08153e-01
7.43610e-01 7.43657e-01 4.12282e-01 4.12323e-01
7.45141e-01 7.45199e-01 4.17363e-01 4.17849e-01
7.46431e-01 7.46456e-01 4.22793e-01 4.22700e-01
7.46574e-01 7.46549e-01 4.21124e-01 4.21034e-01
7.46051e-01 7.46013e-01 4.17900e-01 4.17735e-01
7.45206e-01 7.45179e-01 4.15157e-01 4.15026e-01
7.44469e-01 7.44448e-01 4.12158e-01 4.12223e-01
7.44055e-01 7.44045e-01 4.11187e-01 4.11090e-01
7.43822e-01 7.43809e-01 4.09454e-01 4.09339e-01
7.44013e-01 7.44026e-01 4.10175e-01 4.10251e-01
7.44791e-01 7.44819e-01 4.12309e-01 4.12453e-01
7.45860e-01 7.45899e-01 4.15934e-01 4.16028e-01
7.46886e-01 7.46906e-01 4.18576e-01 4.18645e-01
7.47713e-01 7.47727e-01 4.19998e-01 4.19917e-01
7.48297e-01 7.48317e-01 4.21759e-01 4.21940e-01
7.48814e-01 7.48821e-01 4.23264e-01 4.23232e-01
7.48941e-01 7.48927e-01 4.22242e-01 4.22181e-01
7.48859e-01 7.48852e-01 4.21535e-01 4.21480e-01
7.48774e-01 7.48763e-01 4.20110e-01 4.20049e-01
7.48838e-01 7.48841e-01 4.20265e-01 4.20319e-01
7.49144e-01 7.49150e-01 4.20796e-01 4.20818e-01
7.49558e-01 7.49566e-01 4.21541e-01 4.21507e-01
7.50073e-01 7.50081e-01 4.22291e-01 4.22324e-01
7.50770e-01 7.50787e-01 4.23681e-01 4.23726e-01
7.51558e-01 7.51582e-01 4.26077e-01 4.26173e-01
7.52338e-01 7.52351e-01 4.27478e-01 4.27460e-01
7.52969e-01 7.52979e-01 4.28643e-01 4.28678e-01
7.53543e-01 7.53551e-01 4.29444e-01 4.29441e-01
7.54019e-01 7.54031e-01 4.30749e-01 4.30806e-01
7.54434e-01 7.54436e-01 4.31217e-01 4.31184e-01
7.54727e-01 7.54726e-01 4.31070e-01 4.31055e-01
7.55025e-01 7.55027e-01 4.31245e-01 4.31218e-01
7.55389e-01 7.55394e-01 4.31577e-01 4.31634e-01
7.55862e-01 7.55872e-01 4.32415e-01 4.32385e-01
7.56346e-01 7.56357e-01 4.33421e-01 4.33484e-01
7.56913e-01 7.56922e-01 4.34369e-01 4.34376e-01
7.57446e-01 7.57460e-01 4.35669e-01 4.35649e-01
7.57979e-01 7.57990e-01 4.36695e-01 4.36803e-01
7.58544e-01 7.58555e-01 4.38308e-01 4.38294e-01
7.58947e-01 7.58949e-01 4.38512e-01 4.38512e-01
7.59270e-01 7.59272e-01 4.38757e-01 4.38744e-01
7.59544e-01 7.59552e-01 4.39359e-01 4.39407e-01
7.59805e-01 7.59808e-01 4.39891e-01 4.39890e-01
7.59978e-01 7.59979e-01 4.40032e-01 4.39989e-01
7.60126e-01 7.60126e-01 4.40000e-01 4.40011e-01
7.60359e-01 7.60366e-01 4.40459e-01 4.40468e-01
7.60655e-01 7.60663e-01 4.41152e-01 4.41193e-01
7.60993e-01 7.60998e-01 4.41703e-01 4.41705e-01
7.61299e-01 7.61305e-01 4.42221e-01 4.42248e-01
7.61585e-01 7.61590e-01 4.42751e-01 4.42739e-01
7.61820e-01 7.61829e-01 4.43735e-01 4.43776e-01
7.62056e-01 7.62059e-01 4.44117e-01 4.44082e-01
7.62254e-01 7.62261e-01 4.44782e-01 4.44840e-01
7.62507e-01 7.62508e-01 4.45068e-01 4.45051e-01
7.62723e-01 7.62722e-01 4.45040e-01 4.45014e-01
7.62975e-01 7.62978e-01 4.45242e-01 4.45303e-01
7.63298e-01 7.63309e-01 4.46180e-01 4.46183e-01
7.63583e-01 7.63589e-01 4.46817e-01 4.46811e-01
7.63876e-01 7.63881e-01 4.47385e-01 4.47405e-01
7.64223e-01 7.64235e-01 4.48728e-01 4.48740e-01
7.64627e-01 7.64631e-01 4.49147e-01 4.49153e-01
7.65105e-01 7.65115e-01 4.49955e-01 4.49974e-01
7.65667e-01 7.65674e-01 4.50685e-01 4.50749e-01
7.66261e-01 7.66275e-01 4.52266e-01 4.52311e-01
7.66777e-01 7.66781e-01 4.52732e-01 4.52666e-01
7.67214e-01 7.67228e-01 4.53718e-01 4.53721e-01
7.67783e-01 7.67799e-01 4.55117e-01 4.55221e-01
7.68479e-01 7.68497e-01 4.57411e-01 4.57425e-01
7.69145e-01 7.69151e-01 4.57989e-01 4.57958e-01
7.69846e-01 7.69852e-01 4.58525e-01 4.58586e-01
7.70662e-01 7.70677e-01 4.59731e-01 4.59745e-01
7.71481e-01 7.71503e-01 4.61667e-01 4.61747e-01
7.72304e-01 7.72321e-01 4.63430e-01 4.63449e-01
7.73042e-01 7.73058e-01 4.65255e-01 4.65223e-01
7.73776e-01 7.73790e-01 4.66573e-01 4.66621e-01
7.74652e-01 7.74666e-01 4.67994e-01 4.67977e-01
7.75617e-01 7.75640e-01 4.70078e-01 4.70269e-01
7.76689e-01 7.76697e-01 4.71701e-01 4.71635e-01
7.77540e-01 7.77541e-01 4.71765e-01 4.71764e-01
7.78376e-01 7.78404e-01 4.73678e-01 4.73695e-01
7.79247e-01 7.79277e-01 4.76261e-01 4.76394e-01
7.80159e-01 7.80180e-01 4.79604e-01 4.79589e-01
7.80972e-01 7.80974e-01 4.79882e-01 4.79814e-01
7.81856e-01 7.81870e-01 4.80934e-01 4.80991e-01
7.82973e-01 7.82982e-01 4.81792e-01 4.81943e-01
7.84111e-01 7.84138e-01 4.84094e-01 4.84161e-01
7.84963e-01 7.84976e-01 4.85970e-01 4.85896e-01
7.85539e-01 7.85548e-01 4.86786e-01 4.86755e-01
7.86131e-01 7.86152e-01 4.88468e-01 4.88456e-01
7.86882e-01 7.86914e-01 4.91839e-01 4.92009e-01
7.87849e-01 7.87853e-01 4.92940e-01 4.92904e-01
7.88743e-01 7.88737e-01 4.92253e-01 4.92325e-01
7.89628e-01 7.89628e-01 4.92306e-01 4.92286e-01
7.90307e-01 7.90321e-01 4.93254e-01 4.93333e-01
7.90789e-01 7.90822e-01 4.96107e-01 4.96148e-01
7.91000e-01 7.91015e-01 4.98053e-01 4.97925e-01
7.91088e-01 7.91095e-01 4.99120e-01 4.99057e-01
7.91478e-01 7.91480e-01 4.99255e-01 4.99410e-01
7.92237e-01 7.92230e-01 4.98855e-01 4.98937e-01
7.92911e-01 7.92900e-01 4.98007e-01 4.98069e-01
7.93217e-01 7.93211e-01 4.97032e-01 4.96961e-01
7.93020e-01 7.93032e-01 4.97841e-01 4.97785e-01
7.92547e-01 7.92570e-01 4.99637e-01 4.99641e-01
7.92040e-01 7.92056e-01 5.02163e-01 5.02133e-01
7.91665e-01 7.91651e-01 5.01254e-01 5.01200e-01
7.91580e-01 7.91549e-01 4.98784e-01 4.98864e-01
7.91760e-01 7.91735e-01 4.96307e-01 4.96420e-01
7.91777e-01 7.91757e-01 4.93395e-01 4.93469e-01
7.91192e-01 7.91189e-01 4.92955e-01 4.92864e-01
7.89872e-01 7.89885e-01 4.93867e-01 4.93682e-01
7.88243e-01 7.88266e-01 4.96531e-01 4.96457e-01
7.86970e-01 7.86963e-01 4.96009e-01 4.96005e-01
7.86343e-01 7.86312e-01 4.93711e-01 4.93805e-01
7.86278e-01 7.86222e-01 4.89232e-01 4.89331e-01
7.86260e-01 7.86214e-01 4.83680e-01 4.83864e-01
7.85686e-01 7.85672e-01 4.81124e-01 4.81027e-01
7.84058e-01 7.84080e-01 4.82635e-01 4.82450e-01
7.81831e-01 7.81884e-01 4.87033e-01 4.86863e-01
7.79880e-01 7.79896e-01 4.90194e-01 4.90182e-01
7.78963e-01 7.78928e-01 4.87863e-01 4.87816e-01
7.79197e-01 7.79118e-01 4.81608e-01 4.81985e-01
7.80183e-01 7.80132e-01 4.75600e-01 4.75832e-01
7.80523e-01 7.80502e-01 4.71552e-01 4.71637e-01
7.79458e-01 7.79493e-01 4.74236e-01 4.73797e-01
7.77180e-01 7.77277e-01 4.81081e-01 4.81201e-01
7.75217e-01 7.75259e-01 4.89336e-01 4.88864e-01
7.74141e-01 7.74141e-01 4.89011e-01 4.89302e-01
7.75221e-01 7.75182e-01 4.86352e-01 4.86697e-01
7.77497e-01 7.77406e-01 4.79443e-01 4.79850e-01
7.79561e-01 7.79523e-01 4.72282e-01 4.72323e-01
7.80089e-01 7.80129e-01 4.74984e-01 4.75002e-01
7.78999e-01 7.79136e-01 4.84976e-01 4.84905e-01
7.76951e-01 7.77057e-01 4.95625e-01 4.95195e-01
7.75360e-01 7.75421e-01 5.06923e-01 5.06765e-01
7.76129e-01 7.76128e-01 5.06288e-01 5.06833e-01
7.79685e-01 7.79595e-01 5.00303e-01 5.00839e-01
7.84158e-01 7.84073e-01 4.90354e-01 4.90962e-01
7.87410e-01 7.87394e-01 4.87423e-01 4.87484e-01
7.87696e-01 7.87811e-01 4.95202e-01 4.95107e-01
7.85384e-01 7.85615e-01 5.13238e-01 5.12872e-01
7.82279e-01 7.82467e-01 5.35630e-01 5.34885e-01
7.81335e-01 7.81391e-01 5.46255e-01 5.46838e-01
7.85159e-01 7.85050e-01 5.38935e-01 5.39664e-01
7.91984e-01 7.91776e-01 5.22393e-01 5.23481e-01
7.98529e-01 7.98453e-01 5.07258e-01 5.07681e-01
8.01124e-01 8.01273e-01 5.17301e-01 5.17409e-01
7.99020e-01 7.99283e-01 5.38508e-01 5.37898e-01
7.93927e-01 7.94212e-01 5.64772e-01 5.63738e-01
7.90165e-01 7.90370e-01 5.97409e-01 5.97695e-01
7.92181e-01 7.92070e-01 5.89855e-01 5.90757e-01
7.99645e-01 7.99464e-01 5.75215e-01 5.76225e-01
8.09105e-01 8.08952e-01 5.54347e-01 5.56056e-01
8.16158e-01 8.16138e-01 5.51385e-01 5.51138e-01
8.16588e-01 8.16802e-01 5.65666e-01 5.65297e-01
8.12119e-01 8.12491e-01 5.95254e-01 5.94827e-01
8.06138e-01 8.06510e-01 6.31445e-01 6.31157e-01
8.02986e-01 8.03143e-01 6.62338e-01 6.62575e-01
8.06047e-01 8.05876e-01 6.51016e-01 6.51684e-01
8.15191e-01 8.15060e-01 6.37701e-01 6.39595e-01
8.27023e-01 8.26895e-01 6.18892e-01 6.20415e-01
8.35547e-01 8.35547e-01 6.19641e-01 6.19441e-01
8.37230e-01 8.37405e-01 6.31330e-01 6.31273e-01
8.33531e-01 8.33944e-01 6.62706e-01 6.62674e-01
8.27056e-01 8.27504e-01 7.05308e-01 7.05466e-01
8.21767e-01 8.22021e-01 7.41202e-01 7.40660e-01
8.21559e-01 8.21635e-01 7.55484e-01 7.56759e-01
8.29521e-01 8.29413e-01 7.48136e-01 7.49743e-01
8.42696e-01 8.42568e-01 7.37210e-01 7.38626e-01
8.56248e-01 8.56172e-01 7.24250e-01 7.25290e-01
8.65937e-01 8.65979e-01 7.27410e-01 7.28013e-01
8.69278e-01 8.69633e-01 7.51935e-01 7.52668e-01
8.66168e-01 8.66666e-01 7.93422e-01 7.93804e-01
8.58659e-01 8.59076e-01 8.35581e-01 8.35301e-01
8.51046e-01 8.51477e-01 8.78911e-01 8.79295e-01
8.48919e-01 8.49211e-01 9.18590e-01 9.20338e-01
8.55398e-01 8.55488e-01 9.36719e-01 9.38026e-01
8.69336e-01 8.69225e-01 9.28678e-01 9.29983e-01
8.88486e-01 8.88456e-01 9.22410e-01 9.24334e-01
9.08559e-01 9.08625e-01 9.26748e-01 9.28855e-01
9.24484e-01 9.24686e-01 9.42058e-01 9.43332e-01
9.32210e-01 9.32560e-01 9.70696e-01 9.71373e-01
9.31021e-01 9.31531e-01 1.01404e+00 1.01501e+00
9.23160e-01 9.23809e-01 1.07163e+00 1.07299e+00
9.12079e-01 9.12768e-01 1.13671e+00 1.13816e+00
9.02270e-01 9.02806e-01 1.20360e+00 1.20531e+00
8.98745e-01 8.99127e-01 1.24263e+00 1.24313e+00
9.05405e-01 9.05781e-01 1.28376e+00 1.28798e+00
9.25263e-01 9.25447e-01 1.31209e+00 1.31402e+00
9.52938e-01 9.53035e-01 1.32201e+00 1.32357e+00
9.85936e-01 9.86178e-01 1.34062e+00 1.34378e+00
1.02021e+00 1.02068e+00 1.37806e+00 1.38139e+00
1.04963e+00 1.05013e+00 1.42509e+00 1.42703e+00
1.06990e+00 1.07050e+00 1.48061e+00 1.48280e+00
1.08029e+00 1.08109e+00 1.55211e+00 1.55501e+00
1.08120e+00 1.08211e+00 1.63690e+00 1.64001e+00
1.07415e+00 1.07502e+00 1.72406e+00 1.72680e+00
1.06243e+00 1.06328e+00 1.80880e+00 1.81151e+00
1.05110e+00 1.05195e+00 1.89309e+00 1.89756e+00
1.04538e+00 1.04614e+00 1.97778e+00 1.98152e+00
1.04801e+00 1.04868e+00 2.04584e+00 2.04964e+00
1.06170e+00 1.06235e+00 2.11106e+00 2.11473e+00
1.08722e+00 1.08802e+00 2.18490e+00 2.19072e+00
1.12384e+00 1.12477e+00 2.27229e+00 2.27707e+00
1.16731e+00 1.16822e+00 2.36252e+00 2.36662e+00
1.21472e+00 1.21585e+00 2.46722e+00 2.47224e+00
1.26411e+00 1.26548e+00 2.59332e+00 2.59935e+00
1.31315e+00 1.31469e+00 2.73831e+00 2.74442e+00
1.35994e+00 1.36156e+00 2.89488e+00 2.90111e+00
1.40389e+00 1.40554e+00 3.05716e+00 3.06333e+00
1.44514e+00 1.44686e+00 3.22578e+00 3.23218e+00
1.48435e+00 1.48608e+00 3.39726e+00 3.40511e+00
1.52195e+00 1.52370e+00 3.57360e+00 3.58148e+00
1.55703e+00 1.55869e+00 3.74323e+00 3.75092e+00
1.58886e+00 1.59046e+00 3.90579e+00 3.91335e+00
1.61655e+00 1.61812e+00 4.06247e+00 4.07050e+00
1.63915e+00 1.64075e+00 4.22183e+00 4.23095e+00
1.65550e+00 1.65704e+00 4.37894e+00 4.38727e+00
1.66484e+00 1.66634e+00 4.53000e+00 4.53803e+00
1.66831e+00 1.66980e+00 4.75423e+00 4.76261e+00
1.66980e+00 1.67129e+00 4.76261e+00 4.77104e+00
