0.00000e+00 1.00000e+01 1.00000e+01 1.00000e+01
5.00000e-02 1.16792e+01 1.75103e+01 1.57705e+01
1.00000e-01 1.49788e+01 2.12811e+01 2.63157e+01
1.50000e-01 1.67682e+01 1.66361e+01 3.78795e+01
2.00000e-01 1.44872e+01 6.04971e+00 4.16682e+01
2.50000e-01 9.39915e+00 -1.40387e+00 3.76134e+01
3.00000e-01 4.52781e+00 -3.75163e+00 3.20333e+01
3.50000e-01 1.20699e+00 -3.89933e+00 2.75419e+01
4.00000e-01 -7.68715e-01 -3.77171e+00 2.40833e+01
4.50000e-01 -1.98671e+00 -4.02173e+00 2.13369e+01
5.00000e-01 -2.92770e+00 -4.77314e+00 1.91812e+01
5.50000e-01 -3.91493e+00 -6.10271e+00 1.76556e+01
6.00000e-01 -5.20639e+00 -8.23802e+00 1.69782e+01
6.50000e-01 -6.96376e+00 -1.09829e+01 1.75997e+01
7.00000e-01 -9.19936e+00 -1.40270e+01 2.01735e+01
7.50000e-01 -1.15963e+01 -1.60491e+01 2.51183e+01
8.00000e-01 -1.32533e+01 -1.50238e+01 3.12854e+01
8.50000e-01 -1.30735e+01 -1.05427e+01 3.54574e+01
9.00000e-01 -1.09615e+01 -5.45610e+00 3.55306e+01
9.50000e-01 -8.04688e+00 -2.30033e+00 3.27511e+01
1.00000e+00 -5.50463e+00 -1.23157e+00 2.91798e+01
1.05000e+00 -3.81812e+00 -1.32132e+00 2.57966e+01
1.10000e+00 -2.94896e+00 -1.90051e+00 2.28213e+01
1.15000e+00 -2.70677e+00 -2.73590e+00 2.02721e+01
1.20000e+00 -2.94541e+00 -3.85445e+00 1.81712e+01
1.25000e+00 -3.59548e+00 -5.30793e+00 1.65981e+01
1.30000e+00 -4.71026e+00 -7.48865e+00 1.57629e+01
1.35000e+00 -6.38671e+00 -1.03453e+01 1.61088e+01
1.40000e+00 -8.66710e+00 -1.37694e+01 1.83718e+01
1.45000e+00 -1.13406e+01 -1.66378e+01 2.33249e+01
1.50000e+00 -1.35216e+01 -1.64450e+01 3.03388e+01
1.55000e+00 -1.38191e+01 -1.18972e+01 3.59080e+01
1.60000e+00 -1.17454e+01 -5.81212e+00 3.67572e+01
1.65000e+00 -8.47288e+00 -1.83548e+00 3.38977e+01
1.70000e+00 -5.49388e+00 -4.19969e-01 2.99869e+01
1.75000e+00 -3.46495e+00 -3.96993e-01 2.63129e+01
1.80000e+00 -2.35116e+00 -8.74324e-01 2.31083e+01
1.85000e+00 -1.90322e+00 -1.51671e+00 2.03386e+01
1.90000e+00 -1.91301e+00 -2.30474e+00 1.79669e+01
1.95000e+00 -2.28054e+00 -3.36039e+00 1.59987e+01
2.00000e+00 -2.98904e+00 -4.78035e+00 1.44995e+01
2.05000e+00 -4.14040e+00 -7.00500e+00 1.36665e+01
2.10000e+00 -5.91058e+00 -1.01801e+01 1.39766e+01
2.15000e+00 -8.41554e+00 -1.41406e+01 1.63285e+01
2.20000e+00 -1.15062e+01 -1.78309e+01 2.18777e+01
2.25000e+00 -1.42349e+01 -1.81550e+01 3.03703e+01
2.30000e+00 -1.47643e+01 -1.26564e+01 3.74441e+01
2.35000e+00 -1.22834e+01 -5.05633e+00 3.84169e+01
2.40000e+00 -8.32049e+00 -3.67916e-01 3.48271e+01
2.45000e+00 -4.80222e+00 1.09874e+00 3.03252e+01
2.50000e+00 -2.45927e+00 1.07988e+00 2.63500e+01
2.55000e+00 -1.14340e+00 7.10895e-01 2.29868e+01
2.60000e+00 -4.86025e-01 3.90559e-01 2.00974e+01
2.65000e+00 -1.88717e-01 1.84535e-01 1.75844e+01
2.70000e+00 -4.88568e-02 1.62869e-01 1.53885e+01
2.75000e+00 1.95316e-02 1.00863e-01 1.34676e+01
2.80000e+00 6.64832e-02 1.76585e-01 1.17867e+01
2.85000e+00 1.12115e-01 1.94565e-01 1.03162e+01
2.90000e+00 1.56131e-01 2.56088e-01 9.02989e+00
2.95000e+00 2.17916e-01 3.71550e-01 7.90544e+00
3.00000e+00 3.17216e-01 5.70134e-01 6.92445e+00
3.05000e+00 4.82665e-01 9.07001e-01 6.07375e+00
3.10000e+00 7.61597e-01 1.47943e+00 5.34990e+00
3.15000e+00 1.24594e+00 2.50887e+00 4.77457e+00
3.20000e+00 2.07270e+00 4.19729e+00 4.43585e+00
3.25000e+00 3.48153e+00 7.11453e+00 4.60908e+00
3.30000e+00 5.86095e+00 1.18983e+01 6.09722e+00
3.35000e+00 9.63703e+00 1.87015e+01 1.09087e+01
3.40000e+00 1.46242e+01 2.46956e+01 2.22507e+01
3.45000e+00 1.82957e+01 2.12617e+01 3.83565e+01
3.50000e+00 1.65353e+01 6.97436e+00 4.56125e+01
3.55000e+00 1.02043e+01 -3.83169e+00 4.06716e+01
3.60000e+00 3.84660e+00 -6.91889e+00 3.37941e+01
3.65000e+00 -4.34626e-01 -6.95097e+00 2.90859e+01
3.70000e+00 -2.94285e+00 -6.74044e+00 2.60372e+01
3.75000e+00 -4.48002e+00 -7.03611e+00 2.39999e+01
3.80000e+00 -5.65370e+00 -7.90898e+00 2.27813e+01
3.85000e+00 -6.81195e+00 -9.23565e+00 2.24429e+01
3.90000e+00 -8.08904e+00 -1.07539e+01 2.31429e+01
3.95000e+00 -9.39970e+00 -1.18957e+01 2.49321e+01
4.00000e+00 -1.04722e+01 -1.21390e+01 2.74836e+01
4.05000e+00 -1.09446e+01 -1.10822e+01 2.99558e+01
4.10000e+00 -1.05909e+01 -9.07746e+00 3.13436e+01
4.15000e+00 -9.54352e+00 -7.00803e+00 3.12169e+01
4.20000e+00 -8.21284e+00 -5.57033e+00 2.99035e+01
4.25000e+00 -7.02041e+00 -4.97669e+00 2.80183e+01
4.30000e+00 -6.22079e+00 -5.09077e+00 2.60544e+01
4.35000e+00 -5.89673e+00 -5.72543e+00 2.43156e+01
4.40000e+00 -6.03875e+00 -6.76460e+00 2.30098e+01
4.45000e+00 -6.60768e+00 -8.13970e+00 2.23341e+01
4.50000e+00 -7.54695e+00 -9.73723e+00 2.25088e+01
4.55000e+00 -8.72507e+00 -1.11804e+01 2.37048e+01
4.60000e+00 -9.90780e+00 -1.20650e+01 2.58684e+01
4.65000e+00 -1.07487e+01 -1.18278e+01 2.84960e+01
4.70000e+00 -1.08879e+01 -1.03238e+01 3.06198e+01
4.75000e+00 -1.02196e+01 -8.19832e+00 3.13974e+01
4.80000e+00 -9.01256e+00 -6.35616e+00 3.07355e+01
4.85000e+00 -7.71038e+00 -5.27894e+00 2.91430e+01
4.90000e+00 -6.67098e+00 -5.00093e+00 2.72050e+01
4.95000e+00 -6.06969e+00 -5.34391e+00 2.53277e+01
5.00000e+00 -5.94224e+00 -6.14837e+00 2.37635e+01
5.05000e+00 -6.26296e+00 -7.32482e+00 2.27086e+01
5.10000e+00 -6.98673e+00 -8.79702e+00 2.23682e+01
5.15000e+00 -8.01931e+00 -1.02983e+01 2.29382e+01
5.20000e+00 -9.20216e+00 -1.15662e+01 2.45144e+01
5.25000e+00 -1.02704e+01 -1.20512e+01 2.69012e+01
5.30000e+00 -1.08546e+01 -1.13085e+01 2.93987e+01
5.35000e+00 -1.06686e+01 -9.48228e+00 3.10201e+01
5.40000e+00 -9.75444e+00 -7.40680e+00 3.11892e+01
5.45000e+00 -8.48092e+00 -5.87735e+00 3.01040e+01
5.50000e+00 -7.27585e+00 -5.15192e+00 2.83475e+01
5.55000e+00 -6.41895e+00 -5.14886e+00 2.64324e+01
5.60000e+00 -6.01890e+00 -5.68818e+00 2.46889e+01
5.65000e+00 -6.07996e+00 -6.64255e+00 2.33369e+01
5.70000e+00 -6.56710e+00 -7.93584e+00 2.25712e+01
5.75000e+00 -7.42648e+00 -9.46378e+00 2.26025e+01
5.80000e+00 -8.53724e+00 -1.08845e+01 2.36005e+01
5.85000e+00 -9.69007e+00 -1.18472e+01 2.55497e+01
5.90000e+00 -1.05702e+01 -1.18100e+01 2.80435e+01
5.95000e+00 -1.08255e+01 -1.05498e+01 3.02135e+01
6.00000e+00 -1.03068e+01 -8.57116e+00 3.12022e+01
6.05000e+00 -9.21495e+00 -6.72124e+00 3.07890e+01
6.10000e+00 -7.95656e+00 -5.54127e+00 2.93791e+01
6.15000e+00 -6.89776e+00 -5.14351e+00 2.75387e+01
6.20000e+00 -6.24073e+00 -5.38338e+00 2.56950e+01
6.25000e+00 -6.04248e+00 -6.10006e+00 2.41193e+01
6.30000e+00 -6.28703e+00 -7.19354e+00 2.30129e+01
6.35000e+00 -6.93225e+00 -8.58495e+00 2.25744e+01
6.40000e+00 -7.90941e+00 -1.01214e+01 2.30115e+01
6.45000e+00 -9.06001e+00 -1.13722e+01 2.44370e+01
6.50000e+00 -1.01189e+01 -1.19233e+01 2.66745e+01
6.55000e+00 -1.07420e+01 -1.13279e+01 2.90975e+01
6.60000e+00 -1.06426e+01 -9.65759e+00 3.07727e+01
6.65000e+00 -9.82728e+00 -7.65900e+00 3.10889e+01
6.70000e+00 -8.62315e+00 -6.11262e+00 3.01581e+01
6.75000e+00 -7.44161e+00 -5.32232e+00 2.85117e+01
6.80000e+00 -6.57126e+00 -5.24834e+00 2.66584e+01
6.85000e+00 -6.13674e+00 -5.72462e+00 2.49407e+01
6.90000e+00 -6.15327e+00 -6.62051e+00 2.35865e+01
6.95000e+00 -6.59018e+00 -7.85364e+00 2.27901e+01
7.00000e+00 -7.39501e+00 -9.32062e+00 2.27545e+01
7.05000e+00 -8.45118e+00 -1.06961e+01 2.36419e+01
7.10000e+00 -9.56249e+00 -1.16637e+01 2.54463e+01
7.15000e+00 -1.04364e+01 -1.17131e+01 2.78093e+01
7.20000e+00 -1.07371e+01 -1.06018e+01 2.99365e+01
7.25000e+00 -1.03036e+01 -8.75486e+00 3.09995e+01
7.30000e+00 -9.29882e+00 -6.95481e+00 3.07255e+01
7.35000e+00 -8.09579e+00 -5.75001e+00 2.94478e+01
7.40000e+00 -7.05267e+00 -5.29545e+00 2.76999e+01
7.45000e+00 -6.38169e+00 -5.47585e+00 2.59107e+01
7.50000e+00 -6.15246e+00 -6.13706e+00 2.43604e+01
7.55000e+00 -6.35647e+00 -7.17447e+00 2.32541e+01
7.60000e+00 -6.95396e+00 -8.50449e+00 2.27865e+01
7.65000e+00 -7.87741e+00 -9.97852e+00 2.31551e+01
7.70000e+00 -8.97429e+00 -1.11878e+01 2.44658e+01
7.75000e+00 -9.99546e+00 -1.17559e+01 2.65597e+01
7.80000e+00 -1.06197e+01 -1.12586e+01 2.88678e+01
7.85000e+00 -1.05713e+01 -9.73055e+00 3.05235e+01
7.90000e+00 -9.83797e+00 -7.84023e+00 3.09217e+01
7.95000e+00 -8.71030e+00 -6.32663e+00 3.01162e+01
8.00000e+00 -7.57480e+00 -5.51232e+00 2.85829e+01
8.05000e+00 -6.71733e+00 -5.39250e+00 2.68113e+01
8.10000e+00 -6.27166e+00 -5.81995e+00 2.51468e+01
8.15000e+00 -6.26208e+00 -6.66589e+00 2.38225e+01
8.20000e+00 -6.66231e+00 -7.84261e+00 2.30323e+01
8.25000e+00 -7.42059e+00 -9.24337e+00 2.29713e+01
8.30000e+00 -8.42156e+00 -1.05511e+01 2.37883e+01
8.35000e+00 -9.47720e+00 -1.14777e+01 2.54719e+01
8.40000e+00 -1.03143e+01 -1.15532e+01 2.76895e+01
8.45000e+00 -1.06205e+01 -1.05474e+01 2.97120e+01
8.50000e+00 -1.02406e+01 -8.83552e+00 3.07681e+01
8.55000e+00 -9.31436e+00 -7.12903e+00 3.05749e+01
8.60000e+00 -8.18148e+00 -5.95129e+00 2.94100e+01
8.65000e+00 -7.18097e+00 -5.47868e+00 2.77646e+01
8.70000e+00 -6.52424e+00 -5.62314e+00 2.60547e+01
8.75000e+00 -6.28816e+00 -6.24277e+00 2.45621e+01
8.80000e+00 -6.47042e+00 -7.23203e+00 2.34939e+01
8.85000e+00 -7.03328e+00 -8.50136e+00 2.30405e+01
8.90000e+00 -7.90862e+00 -9.90006e+00 2.33868e+01
8.95000e+00 -8.94556e+00 -1.10326e+01 2.46217e+01
9.00000e+00 -9.90616e+00 -1.15591e+01 2.65829e+01
9.05000e+00 -1.04930e+01 -1.10981e+01 2.87387e+01
9.10000e+00 -1.04539e+01 -9.68450e+00 3.02956e+01
9.15000e+00 -9.77734e+00 -7.92568e+00 3.06949e+01
9.20000e+00 -8.72737e+00 -6.49774e+00 2.99681e+01
9.25000e+00 -7.65988e+00 -5.71052e+00 2.85399e+01
9.30000e+00 -6.84557e+00 -5.58049e+00 2.68672e+01
9.35000e+00 -6.41803e+00 -5.98100e+00 2.52862e+01
9.40000e+00 -6.40672e+00 -6.79013e+00 2.40300e+01
9.45000e+00 -6.78872e+00 -7.91628e+00 2.32909e+01
9.50000e+00 -7.51176e+00 -9.24544e+00 2.32542e+01
9.55000e+00 -8.45845e+00 -1.04607e+01 2.40490e+01
9.60000e+00 -9.44386e+00 -1.12963e+01 2.56421e+01
9.65000e+00 -1.02115e+01 -1.13309e+01 2.77038e+01
9.70000e+00 -1.04788e+01 -1.03779e+01 2.95598e+01
9.75000e+00 -1.01141e+01 -8.79532e+00 3.05198e+01
9.80000e+00 -9.25142e+00 -7.22334e+00 3.03348e+01
9.85000e+00 -8.20039e+00 -6.13034e+00 2.92509e+01
9.90000e+00 -7.27084e+00 -5.68817e+00 2.77117e+01
9.95000e+00 -6.66121e+00 -5.82910e+00 2.61063e+01
1.00000e+01 -6.44812e+00 -6.42696e+00 2.47088e+01
1.00500e+01 -6.63252e+00 -7.37876e+00 2.37243e+01
1.01000e+01 -7.17740e+00 -8.58782e+00 2.33369e+01
1.01500e+01 -8.01163e+00 -9.89508e+00 2.37148e+01
1.02000e+01 -8.98155e+00 -1.09105e+01 2.49175e+01
1.02500e+01 -9.85614e+00 -1.13317e+01 2.67580e+01
1.03000e+01 -1.03634e+01 -1.08409e+01 2.87230e+01
1.03500e+01 -1.02881e+01 -9.50871e+00 3.00985e+01
1.04000e+01 -9.63880e+00 -7.90046e+00 3.04099e+01
1.04500e+01 -8.66451e+00 -6.61201e+00 2.97047e+01
1.05000e+01 -7.68666e+00 -5.90948e+00 2.83660e+01
1.05500e+01 -6.94864e+00 -5.81326e+00 2.68074e+01
1.06000e+01 -6.57332e+00 -6.21560e+00 2.53437e+01
1.06500e+01 -6.58969e+00 -7.00491e+00 2.42008e+01
1.07000e+01 -6.97568e+00 -8.08651e+00 2.35661e+01
1.07500e+01 -7.67630e+00 -9.33491e+00 2.36115e+01
1.08000e+01 -8.56832e+00 -1.04260e+01 2.44368e+01
1.08500e+01 -9.46533e+00 -1.11136e+01 2.59684e+01
1.09000e+01 -1.01265e+01 -1.10376e+01 2.78584e+01
1.09500e+01 -1.03076e+01 -1.00851e+01 2.94816e+01
1.10000e+01 -9.91826e+00 -8.62610e+00 3.02531e+01
1.10500e+01 -9.10318e+00 -7.22901e+00 2.99988e+01
1.11000e+01 -8.14533e+00 -6.28082e+00 2.89581e+01
1.11500e+01 -7.31662e+00 -5.92348e+00 2.75258e+01
1.12000e+01 -6.79043e+00 -6.09990e+00 2.60521e+01
1.12500e+01 -6.63453e+00 -6.70043e+00 2.47933e+01
1.13000e+01 -6.84870e+00 -7.62641e+00 2.39466e+01
1.13500e+01 -7.39388e+00 -8.77177e+00 2.36859e+01
1.14000e+01 -8.19245e+00 -9.96302e+00 2.41543e+01
1.14500e+01 -9.08351e+00 -1.08109e+01 2.53658e+01
1.15000e+01 -9.84060e+00 -1.10580e+01 2.70877e+01
1.15500e+01 -1.02225e+01 -1.04749e+01 2.88130e+01
1.16000e+01 -1.00656e+01 -9.19841e+00 2.99208e+01
1.16500e+01 -9.41632e+00 -7.76323e+00 3.00565e+01
1.17000e+01 -8.51762e+00 -6.66846e+00 2.93155e+01
1.17500e+01 -7.65257e+00 -6.11019e+00 2.80494e+01
1.18000e+01 -7.02629e+00 -6.09625e+00 2.66214e+01
1.18500e+01 -6.74054e+00 -6.53373e+00 2.53137e+01
1.19000e+01 -6.81722e+00 -7.32196e+00 2.43380e+01
1.19500e+01 -7.23109e+00 -8.36175e+00 2.38707e+01
1.20000e+01 -7.92054e+00 -9.51088e+00 2.40627e+01
1.20500e+01 -8.75186e+00 -1.04330e+01 2.49689e+01
1.21000e+01 -9.53411e+00 -1.09060e+01 2.64549e+01
1.21500e+01 -1.00456e+01 -1.06520e+01 2.81396e+01
1.22000e+01 -1.00930e+01 -9.66122e+00 2.94534e+01
1.22500e+01 -9.64438e+00 -8.33200e+00 2.99467e+01
1.23000e+01 -8.86685e+00 -7.15333e+00 2.95528e+01
1.23500e+01 -8.01726e+00 -6.40901e+00 2.85215e+01
1.24000e+01 -7.32143e+00 -6.19162e+00 2.71995e+01
1.24500e+01 -6.91712e+00 -6.44541e+00 2.58894e+01
1.25000e+01 -6.85496e+00 -7.07496e+00 2.48208e+01
1.25500e+01 -7.12783e+00 -7.98415e+00 2.41766e+01
1.26000e+01 -7.68991e+00 -9.05288e+00 2.41113e+01
1.26500e+01 -8.44169e+00 -1.00399e+01 2.47174e+01
1.27000e+01 -9.21908e+00 -1.06656e+01 2.59395e+01
1.27500e+01 -9.81646e+00 -1.06902e+01 2.75004e+01
1.28000e+01 -1.00345e+01 -9.99803e+00 2.89146e+01
1.28500e+01 -9.79467e+00 -8.89053e+00 2.97107e+01
1.29000e+01 -9.15811e+00 -7.59453e+00 2.96575e+01
1.29500e+01 -8.34072e+00 -6.71290e+00 2.88671e+01
1.30000e+01 -7.60013e+00 -6.32038e+00 2.76721e+01
1.30500e+01 -7.10084e+00 -6.40829e+00 2.63863e+01
1.31000e+01 -6.92043e+00 -6.89428e+00 2.52580e+01
1.31500e+01 -7.07025e+00 -7.68489e+00 2.44800e+01
1.32000e+01 -7.51841e+00 -8.67306e+00 2.42121e+01
1.32500e+01 -8.19353e+00 -9.69833e+00 2.45738e+01
1.33000e+01 -8.95016e+00 -1.04172e+01 2.55638e+01
1.33500e+01 -9.59622e+00 -1.06466e+01 2.69803e+01
1.34000e+01 -9.93800e+00 -1.02078e+01 2.84202e+01
1.34500e+01 -9.84187e+00 -9.19374e+00 2.93917e+01
1.35000e+01 -9.33564e+00 -8.01497e+00 2.95901e+01
1.35500e+01 -8.60406e+00 -7.07162e+00 2.90505e+01
1.36000e+01 -7.87405e+00 -6.54660e+00 2.80294e+01
1.36500e+01 -7.32419e+00 -6.48521e+00 2.68272e+01
1.37000e+01 -7.05564e+00 -6.82990e+00 2.57010e+01
1.37500e+01 -7.09941e+00 -7.49398e+00 2.48522e+01
1.38000e+01 -7.43783e+00 -8.37831e+00 2.44432e+01
1.38500e+01 -8.01421e+00 -9.34533e+00 2.45992e+01
1.39000e+01 -8.70463e+00 -1.00901e+01 2.53469e+01
1.39500e+01 -9.34472e+00 -1.04598e+01 2.65525e+01
1.40000e+01 -9.75968e+00 -1.02535e+01 2.79053e+01
1.40500e+01 -9.80338e+00 -9.47330e+00 2.89682e+01
1.41000e+01 -9.45469e+00 -8.42598e+00 2.93977e+01
1.41500e+01 -8.83054e+00 -7.42960e+00 2.91139e+01
1.42000e+01 -8.13444e+00 -6.81143e+00 2.82891e+01
1.42500e+01 -7.55915e+00 -6.62001e+00 2.72042e+01
1.43000e+01 -7.22247e+00 -6.83057e+00 2.61168e+01
1.43500e+01 -7.17371e+00 -7.36903e+00 2.52346e+01
1.44000e+01 -7.40968e+00 -8.14383e+00 2.47235e+01
1.44500e+01 -7.88705e+00 -9.03435e+00 2.47117e+01
1.45000e+01 -8.51029e+00 -9.81507e+00 2.52548e+01
1.45500e+01 -9.13154e+00 -1.02600e+01 2.62706e+01
1.46000e+01 -9.58413e+00 -1.02160e+01 2.75080e+01
1.46500e+01 -9.72374e+00 -9.62937e+00 2.85882e+01
1.47000e+01 -9.51098e+00 -8.76990e+00 2.91766e+01
1.47500e+01 -8.99863e+00 -7.75064e+00 2.91121e+01
1.48000e+01 -8.35161e+00 -7.06994e+00 2.84726e+01
1.48500e+01 -7.77034e+00 -6.77018e+00 2.75107e+01
1.49000e+01 -7.38416e+00 -6.86097e+00 2.64758e+01
1.49500e+01 -7.25899e+00 -7.28475e+00 2.55800e+01
1.50000e+01 -7.40608e+00 -7.95834e+00 2.49930e+01
1.50500e+01 -7.79472e+00 -8.77388e+00 2.48466e+01
1.51000e+01 -8.35480e+00 -9.57776e+00 2.52203e+01
1.51500e+01 -8.95062e+00 -1.00666e+01 2.60698e+01
1.52000e+01 -9.42168e+00 -1.01425e+01 2.71886e+01
1.52500e+01 -9.63033e+00 -9.71715e+00 2.82512e+01
1.53000e+01 -9.51980e+00 -8.99408e+00 2.89359e+01
1.53500e+01 -9.10753e+00 -8.03318e+00 2.90389e+01
1.54000e+01 -8.51541e+00 -7.27956e+00 2.85611e+01
1.54500e+01 -7.93834e+00 -6.91023e+00 2.77106e+01
1.55000e+01 -7.52282e+00 -6.91380e+00 2.67349e+01
1.55500e+01 -7.34496e+00 -7.24933e+00 2.58467e+01
1.56000e+01 -7.42667e+00 -7.84195e+00 2.52183e+01
1.56500e+01 -7.74689e+00 -8.59287e+00 2.49842e+01
1.57000e+01 -8.24632e+00 -9.36458e+00 2.52308e+01
1.57500e+01 -8.80350e+00 -9.87503e+00 2.59358e+01
1.58000e+01 -9.27360e+00 -1.00380e+01 2.69352e+01
1.58500e+01 -9.52711e+00 -9.74652e+00 2.79526e+01
1.59000e+01 -9.49760e+00 -9.15387e+00 2.86903e+01
1.59500e+01 -9.17532e+00 -8.26834e+00 2.89228e+01
1.60000e+01 -8.65165e+00 -7.51630e+00 2.85978e+01
1.60500e+01 -8.10374e+00 -7.09171e+00 2.78769e+01
1.61000e+01 -7.67716e+00 -7.01110e+00 2.69846e+01
1.61500e+01 -7.45715e+00 -7.25387e+00 2.61275e+01
1.62000e+01 -7.47709e+00 -7.75643e+00 2.54781e+01
1.62500e+01 -7.72663e+00 -8.42951e+00 2.51719e+01
1.63000e+01 -8.15777e+00 -9.15078e+00 2.52998e+01
1.63500e+01 -8.68417e+00 -9.75522e+00 2.58799e+01
1.64000e+01 -9.16157e+00 -9.96052e+00 2.67889e+01
1.64500e+01 -9.44492e+00 -9.74911e+00 2.77618e+01
1.65000e+01 -9.46765e+00 -9.24321e+00 2.85194e+01
1.65500e+01 -9.22651e+00 -8.50909e+00 2.88514e+01
1.66000e+01 -8.77621e+00 -7.74150e+00 2.86696e+01
1.66500e+01 -8.24433e+00 -7.20160e+00 2.80543e+01
1.67000e+01 -7.78843e+00 -7.03929e+00 2.72076e+01
1.67500e+01 -7.51859e+00 -7.20289e+00 2.63471e+01
1.68000e+01 -7.47953e+00 -7.63853e+00 2.56510e+01
1.68500e+01 -7.67089e+00 -8.26450e+00 2.52615e+01
1.69000e+01 -8.05429e+00 -8.96920e+00 2.52796e+01
1.69500e+01 -8.55416e+00 -9.60093e+00 2.57426e+01
1.70000e+01 -9.03699e+00 -9.88375e+00 2.65597e+01
1.70500e+01 -9.36254e+00 -9.78485e+00 2.75033e+01
1.71000e+01 -9.43520e+00 -9.29360e+00 2.82878e+01
1.71500e+01 -9.24706e+00 -8.64904e+00 2.86893e+01
1.72000e+01 -8.85396e+00 -7.92102e+00 2.86166e+01
1.72500e+01 -8.36100e+00 -7.36882e+00 2.81138e+01
1.73000e+01 -7.91557e+00 -7.15833e+00 2.73561e+01
1.73500e+01 -7.62884e+00 -7.25591e+00 2.65484e+01
1.74000e+01 -7.55205e+00 -7.62003e+00 2.58650e+01
1.74500e+01 -7.69275e+00 -8.17748e+00 2.54470e+01
1.75000e+01 -8.02086e+00 -8.82680e+00 2.53962e+01
1.75500e+01 -8.47087e+00 -9.43143e+00 2.57569e+01
1.76000e+01 -8.94262e+00 -9.82707e+00 2.64825e+01
1.76500e+01 -9.29167e+00 -9.77270e+00 2.73820e+01
1.77000e+01 -9.39972e+00 -9.33920e+00 2.81652e+01
1.77500e+01 -9.25402e+00 -8.74068e+00 2.86070e+01
1.78000e+01 -8.89896e+00 -8.02988e+00 2.85988e+01
1.78500e+01 -8.42920e+00 -7.46467e+00 2.81614e+01
1.79000e+01 -7.98802e+00 -7.22087e+00 2.74529e+01
1.79500e+01 -7.68853e+00 -7.27621e+00 2.66709e+01
1.80000e+01 -7.58697e+00 -7.59712e+00 2.59881e+01
1.80500e+01 -7.69644e+00 -8.11587e+00 2.55463e+01
1.81000e+01 -7.99238e+00 -8.73693e+00 2.54495e+01
1.81500e+01 -8.41540e+00 -9.33184e+00 2.57479e+01
1.82000e+01 -8.87247e+00 -9.74452e+00 2.64078e+01
1.82500e+01 -9.22551e+00 -9.73555e+00 2.72585e+01
1.83000e+01 -9.35793e+00 -9.36372e+00 2.80296e+01
1.83500e+01 -9.25069e+00 -8.82046e+00 2.85023e+01
1.84000e+01 -8.94583e+00 -8.18570e+00 2.85673e+01
1.84500e+01 -8.52722e+00 -7.65243e+00 2.82322e+01
1.85000e+01 -8.11023e+00 -7.35196e+00 2.76166e+01
1.85500e+01 -7.79832e+00 -7.33101e+00 2.68889e+01
1.86000e+01 -7.64757e+00 -7.52373e+00 2.62053e+01
1.86500e+01 -7.68981e+00 -7.97708e+00 2.57071e+01
1.87000e+01 -7.92385e+00 -8.55625e+00 2.55153e+01
1.87500e+01 -8.30029e+00 -9.14639e+00 2.56946e+01
1.88000e+01 -8.73746e+00 -9.60363e+00 2.62372e+01
1.88500e+01 -9.10673e+00 -9.68784e+00 2.70095e+01
1.89000e+01 -9.29191e+00 -9.43298e+00 2.77745e+01
1.89500e+01 -9.26017e+00 -8.98820e+00 2.83202e+01
1.90000e+01 -9.02916e+00 -8.39818e+00 2.85109e+01
1.90500e+01 -8.65946e+00 -7.84716e+00 2.83101e+01
1.91000e+01 -8.25448e+00 -7.48244e+00 2.77995e+01
1.91500e+01 -7.91911e+00 -7.37508e+00 2.71282e+01
1.92000e+01 -7.71909e+00 -7.47908e+00 2.64480e+01
1.92500e+01 -7.69856e+00 -7.85490e+00 2.59030e+01
1.93000e+01 -7.86840e+00 -8.37891e+00 2.56215e+01
1.93500e+01 -8.19130e+00 -8.94940e+00 2.56808e+01
1.94000e+01 -8.59836e+00 -9.43605e+00 2.60961e+01
1.94500e+01 -8.97244e+00 -9.60283e+00 2.67695e+01
1.95000e+01 -9.22207e+00 -9.55961e+00 2.75262e+01
1.95500e+01 -9.26706e+00 -9.10733e+00 2.81455e+01
1.96000e+01 -9.09260e+00 -8.56757e+00 2.84366e+01
1.96500e+01 -8.76564e+00 -8.01371e+00 2.83501e+01
1.97000e+01 -8.37568e+00 -7.60279e+00 2.79347e+01
1.97500e+01 -8.02558e+00 -7.42583e+00 2.73197e+01
1.98000e+01 -7.79801e+00 -7.50281e+00 2.66614e+01
1.98500e+01 -7.72905e+00 -7.75513e+00 2.60956e+01
1.99000e+01 -7.83500e+00 -8.22340e+00 2.57416e+01
1.99500e+01 -8.10306e+00 -8.76747e+00 2.56963e+01
2.00000e+01 -8.47504e+00 -9.26971e+00 2.59939e+01
2.00500e+01 -8.86500e+00 -9.59546e+00 2.65905e+01
2.01000e+01 -9.17047e+00 -9.63020e+00 2.73473e+01
2.01500e+01 -9.27838e+00 -9.24319e+00 2.80264e+01
2.02000e+01 -9.15980e+00 -8.72838e+00 2.84152e+01
2.02500e+01 -8.86622e+00 -8.15158e+00 2.84293e+01
2.03000e+01 -8.47939e+00 -7.68276e+00 2.80871e+01
2.03500e+01 -8.10482e+00 -7.43423e+00 2.75028e+01
2.04000e+01 -7.83464e+00 -7.44365e+00 2.68320e+01
2.04500e+01 -7.71618e+00 -7.64342e+00 2.62172e+01
2.05000e+01 -7.77593e+00 -8.08125e+00 2.57872e+01
2.05500e+01 -8.00985e+00 -8.62338e+00 2.56513e+01
2.06000e+01 -8.36752e+00 -9.15793e+00 2.58612e+01
2.06500e+01 -8.76900e+00 -9.55022e+00 2.63963e+01
2.07000e+01 -9.11282e+00 -9.67255e+00 2.71416e+01
2.07500e+01 -9.29859e+00 -9.46014e+00 2.78949e+01
2.08000e+01 -9.26310e+00 -8.96135e+00 2.84281e+01
2.08500e+01 -9.01136e+00 -8.33218e+00 2.85818e+01
2.09000e+01 -8.61852e+00 -7.76535e+00 2.83294e+01
2.09500e+01 -8.19830e+00 -7.40764e+00 2.77673e+01
2.10000e+01 -7.86013e+00 -7.32339e+00 2.70556e+01
2.10500e+01 -7.66956e+00 -7.45908e+00 2.63523e+01
2.11000e+01 -7.66796e+00 -7.86924e+00 2.58039e+01
2.11500e+01 -7.86249e+00 -8.42542e+00 2.55392e+01
2.12000e+01 -8.21155e+00 -9.02014e+00 2.56344e+01
2.12500e+01 -8.64098e+00 -9.51557e+00 2.60998e+01
2.13000e+01 -9.02749e+00 -9.66893e+00 2.68260e+01
2.13500e+01 -9.27446e+00 -9.58989e+00 2.76216e+01
2.14000e+01 -9.32117e+00 -9.18333e+00 2.82756e+01
2.14500e+01 -9.14060e+00 -8.57350e+00 2.85904e+01
2.15000e+01 -8.77234e+00 -7.90695e+00 2.84740e+01
2.15500e+01 -8.32982e+00 -7.46420e+00 2.79852e+01
2.16000e+01 -7.94263e+00 -7.28917e+00 2.72874e+01
2.16500e+01 -7.69935e+00 -7.39505e+00 2.65555e+01
2.17000e+01 -7.64683e+00 -7.74278e+00 2.59482e+01
2.17500e+01 -7.79101e+00 -8.26170e+00 2.55939e+01
2.18000e+01 -8.10181e+00 -8.85307e+00 2.55817e+01
2.18500e+01 -8.51552e+00 -9.38744e+00 2.59428e+01
2.19000e+01 -8.93772e+00 -9.71652e+00 2.66216e+01
2.19500e+01 -9.25619e+00 -9.71726e+00 2.74568e+01
2.20000e+01 -9.35144e+00 -9.26505e+00 2.81824e+01
2.20500e+01 -9.19683e+00 -8.67654e+00 2.85685e+01
2.21000e+01 -8.84520e+00 -7.99692e+00 2.85220e+01
2.21500e+01 -8.40209e+00 -7.51728e+00 2.80831e+01
2.22000e+01 -7.99765e+00 -7.29636e+00 2.74068e+01
2.22500e+01 -7.72607e+00 -7.35870e+00 2.66684e+01
2.23000e+01 -7.63062e+00 -7.62401e+00 2.60206e+01
2.23500e+01 -7.73098e+00 -8.12992e+00 2.55966e+01
2.24000e+01 -8.01512e+00 -8.73283e+00 2.55067e+01
2.24500e+01 -8.42329e+00 -9.30766e+00 2.57989e+01
2.25000e+01 -8.86400e+00 -9.70388e+00 2.64387e+01
2.25500e+01 -9.20267e+00 -9.68892e+00 2.72592e+01
2.26000e+01 -9.32713e+00 -9.32597e+00 2.79990e+01
2.26500e+01 -9.22144e+00 -8.80426e+00 2.84504e+01
2.27000e+01 -8.92729e+00 -8.19561e+00 2.85109e+01
2.27500e+01 -8.52476e+00 -7.68406e+00 2.81877e+01
2.28000e+01 -8.12411e+00 -7.39577e+00 2.75948e+01
2.28500e+01 -7.82471e+00 -7.37675e+00 2.68939e+01
2.29000e+01 -7.68036e+00 -7.56258e+00 2.62358e+01
2.29500e+01 -7.72222e+00 -8.00199e+00 2.57574e+01
2.30000e+01 -7.94933e+00 -8.56183e+00 2.55762e+01
2.30500e+01 -8.31324e+00 -9.12976e+00 2.57538e+01
2.31000e+01 -8.73428e+00 -9.56667e+00 2.62802e+01
2.31500e+01 -9.08739e+00 -9.63933e+00 2.70235e+01
2.32000e+01 -9.26124e+00 -9.38761e+00 2.77544e+01
2.32500e+01 -9.22717e+00 -8.96098e+00 2.82725e+01
2.33000e+01 -9.00399e+00 -8.39760e+00 2.84510e+01
2.33500e+01 -8.64958e+00 -7.87212e+00 2.82561e+01
2.34000e+01 -8.26232e+00 -7.52467e+00 2.77657e+01
2.34500e+01 -7.94221e+00 -7.42378e+00 2.71218e+01
2.35000e+01 -7.75180e+00 -7.52414e+00 2.64697e+01
2.35500e+01 -7.73381e+00 -7.88795e+00 2.59487e+01
2.36000e+01 -7.89899e+00 -8.39329e+00 2.56830e+01
2.36500e+01 -8.21070e+00 -8.94076e+00 2.57459e+01
2.37000e+01 -8.60169e+00 -9.40422e+00 2.61498e+01
2.37500e+01 -8.97870e+00 -9.64898e+00 2.68208e+01
2.38000e+01 -9.23825e+00 -9.57788e+00 2.75907e+01
2.38500e+01 -9.27753e+00 -9.09516e+00 2.82093e+01
2.39000e+01 -9.08857e+00 -8.53070e+00 2.84829e+01
2.39500e+01 -8.74566e+00 -7.96480e+00 2.83674e+01
2.40000e+01 -8.34431e+00 -7.55583e+00 2.79207e+01
2.40500e+01 -7.99050e+00 -7.39155e+00 2.72798e+01
2.41000e+01 -7.76711e+00 -7.48727e+00 2.66055e+01
2.41500e+01 -7.70862e+00 -7.76047e+00 2.60357e+01
2.42000e+01 -7.82903e+00 -8.24859e+00 2.56900e+01
2.42500e+01 -8.11285e+00 -8.80814e+00 2.56645e+01
2.43000e+01 -8.49881e+00 -9.31735e+00 2.59909e+01
2.43500e+01 -8.89743e+00 -9.63751e+00 2.66194e+01
2.44000e+01 -9.20298e+00 -9.65297e+00 2.74017e+01
2.44500e+01 -9.30119e+00 -9.23778e+00 2.80903e+01
2.45000e+01 -9.16553e+00 -8.69590e+00 2.84687e+01
2.45500e+01 -8.85295e+00 -8.10255e+00 2.84569e+01
2.46000e+01 -8.45112e+00 -7.63152e+00 2.80825e+01
2.46500e+01 -8.06934e+00 -7.39308e+00 2.74692e+01
2.47000e+01 -7.80055e+00 -7.42033e+00 2.67782e+01
2.47500e+01 -7.69080e+00 -7.64136e+00 2.61549e+01
2.48000e+01 -7.76432e+00 -8.10050e+00 2.57291e+01
2.48500e+01 -8.01441e+00 -8.66077e+00 2.56099e+01
2.49000e+01 -8.38764e+00 -9.20621e+00 2.58471e+01
2.49500e+01 -8.80044e+00 -9.59751e+00 2.64152e+01
2.50000e+01 -9.14765e+00 -9.70431e+00 2.71905e+01
