0.00000e+00 1.02049e+00 -1.25136e-03
1.25000e-02 1.02042e+00 -2.39595e-03
2.50000e-02 1.02030e+00 -3.54809e-03
3.75000e-02 1.02015e+00 -4.71096e-03
5.00000e-02 1.01996e+00 -5.88691e-03
6.25000e-02 1.01972e+00 -7.07732e-03
7.50000e-02 1.01946e+00 -8.28267e-03
8.75000e-02 1.01915e+00 -9.50279e-03
1.00000e-01 1.01882e+00 -1.07374e-02
1.12500e-01 1.01845e+00 -1.19863e-02
1.25000e-01 1.01804e+00 -1.32502e-02
1.37500e-01 1.01761e+00 -1.45303e-02
1.50000e-01 1.01715e+00 -1.58282e-02
1.62500e-01 1.01665e+00 -1.71454e-02
1.75000e-01 1.01613e+00 -1.84829e-02
1.87500e-01 1.01557e+00 -1.98408e-02
2.00000e-01 1.01499e+00 -2.12179e-02
2.12500e-01 1.01438e+00 -2.26121e-02
2.25000e-01 1.01375e+00 -2.40197e-02
2.37500e-01 1.01309e+00 -2.54365e-02
2.50000e-01 1.01241e+00 -2.68578e-02
2.62500e-01 1.01172e+00 -2.82783e-02
2.75000e-01 1.01101e+00 -2.96930e-02
2.87500e-01 1.01029e+00 -3.10969e-02
3.00000e-01 1.00955e+00 -3.24854e-02
3.12500e-01 1.00881e+00 -3.38543e-02
3.25000e-01 1.00806e+00 -3.51997e-02
3.37500e-01 1.00730e+00 -3.65180e-02
3.50000e-01 1.00655e+00 -3.78060e-02
3.62500e-01 1.00579e+00 -3.90606e-02
3.75000e-01 1.00503e+00 -4.02788e-02
3.87500e-01 1.00427e+00 -4.14578e-02
4.00000e-01 1.00352e+00 -4.25948e-02
4.12500e-01 1.00278e+00 -4.36868e-02
4.25000e-01 1.00204e+00 -4.47311e-02
4.37500e-01 1.00131e+00 -4.57250e-02
4.50000e-01 1.00060e+00 -4.66656e-02
4.62500e-01 9.99896e-01 -4.75505e-02
4.75000e-01 9.99209e-01 -4.83773e-02
4.87500e-01 9.98537e-01 -4.91439e-02
5.00000e-01 9.97883e-01 -4.98484e-02
5.12500e-01 9.97248e-01 -5.04893e-02
5.25000e-01 9.96632e-01 -5.10654e-02
5.37500e-01 9.96037e-01 -5.15756e-02
5.50000e-01 9.95464e-01 -5.20192e-02
5.62500e-01 9.94912e-01 -5.23956e-02
5.75000e-01 9.94383e-01 -5.27044e-02
5.87500e-01 9.93877e-01 -5.29452e-02
6.00000e-01 9.93394e-01 -5.31178e-02
6.12500e-01 9.92934e-01 -5.32219e-02
6.25000e-01 9.92498e-01 -5.32573e-02
6.37500e-01 9.92086e-01 -5.32238e-02
6.50000e-01 9.91698e-01 -5.31213e-02
6.62500e-01 9.91333e-01 -5.29497e-02
6.75000e-01 9.90993e-01 -5.27091e-02
6.87500e-01 9.90675e-01 -5.23997e-02
7.00000e-01 9.90380e-01 -5.20219e-02
7.12500e-01 9.90108e-01 -5.15765e-02
7.25000e-01 9.89858e-01 -5.10644e-02
7.37500e-01 9.89629e-01 -5.04866e-02
7.50000e-01 9.89421e-01 -4.98447e-02
7.62500e-01 9.89232e-01 -4.91403e-02
7.75000e-01 9.89061e-01 -4.83754e-02
7.87500e-01 9.88908e-01 -4.75521e-02
8.00000e-01 9.88771e-01 -4.66727e-02
8.12500e-01 9.88649e-01 -4.57397e-02
8.25000e-01 9.88541e-01 -4.47557e-02
8.37500e-01 9.88446e-01 -4.37234e-02
8.50000e-01 9.88362e-01 -4.26456e-02
8.62500e-01 9.88289e-01 -4.15251e-02
8.75000e-01 9.88224e-01 -4.03647e-02
8.87500e-01 9.88168e-01 -3.91672e-02
9.00000e-01 9.88118e-01 -3.79357e-02
9.12500e-01 9.88074e-01 -3.66727e-02
9.25000e-01 9.88035e-01 -3.53812e-02
9.37500e-01 9.87999e-01 -3.40637e-02
9.50000e-01 9.87965e-01 -3.27231e-02
9.62500e-01 9.87934e-01 -3.13617e-02
9.75000e-01 9.87903e-01 -2.99820e-02
9.87500e-01 9.87872e-01 -2.85862e-02
1.00000e+00 9.87841e-01 -2.71766e-02
1.01250e+00 9.87809e-01 -2.57550e-02
1.02500e+00 9.87775e-01 -2.43232e-02
1.03750e+00 9.87740e-01 -2.28827e-02
1.05000e+00 9.87702e-01 -2.14351e-02
1.06250e+00 9.87662e-01 -1.99815e-02
1.07500e+00 9.87619e-01 -1.85229e-02
1.08750e+00 9.87573e-01 -1.70602e-02
1.10000e+00 9.87525e-01 -1.55940e-02
1.11250e+00 9.87475e-01 -1.41251e-02
1.12500e+00 9.87422e-01 -1.26537e-02
1.13750e+00 9.87367e-01 -1.11804e-02
1.15000e+00 9.87311e-01 -9.70535e-03
1.16250e+00 9.87253e-01 -8.22891e-03
1.17500e+00 9.87195e-01 -6.75132e-03
1.18750e+00 9.87136e-01 -5.27286e-03
1.20000e+00 9.87077e-01 -3.79382e-03
1.21250e+00 9.87019e-01 -2.31458e-03
1.22500e+00 9.86962e-01 -8.35540e-04
1.23750e+00 9.86907e-01 6.43053e-04
1.25000e+00 9.86854e-01 2.12003e-03
1.26250e+00 9.86804e-01 3.59499e-03
1.27500e+00 9.86757e-01 5.06722e-03
1.28750e+00 9.86714e-01 6.53588e-03
1.30000e+00 9.86676e-01 7.99999e-03
1.31250e+00 9.86643e-01 9.45853e-03
1.32500e+00 9.86616e-01 1.09104e-02
1.33750e+00 9.86595e-01 1.23543e-02
1.35000e+00 9.86581e-01 1.37892e-02
1.36250e+00 9.86575e-01 1.52137e-02
1.37500e+00 9.86577e-01 1.66265e-02
1.38750e+00 9.86587e-01 1.80265e-02
1.40000e+00 9.86606e-01 1.94123e-02
1.41250e+00 9.86635e-01 2.07828e-02
1.42500e+00 9.86674e-01 2.21368e-02
1.43750e+00 9.86723e-01 2.34734e-02
1.45000e+00 9.86783e-01 2.47916e-02
1.46250e+00 9.86853e-01 2.60906e-02
1.47500e+00 9.86934e-01 2.73696e-02
1.48750e+00 9.87027e-01 2.86281e-02
1.50000e+00 9.87131e-01 2.98655e-02
1.51250e+00 9.87246e-01 3.10814e-02
1.52500e+00 9.87372e-01 3.22755e-02
1.53750e+00 9.87509e-01 3.34475e-02
1.55000e+00 9.87657e-01 3.45972e-02
1.56250e+00 9.87816e-01 3.57242e-02
1.57500e+00 9.87986e-01 3.68285e-02
1.58750e+00 9.88166e-01 3.79096e-02
1.60000e+00 9.88357e-01 3.89673e-02
1.61250e+00 9.88558e-01 4.00011e-02
1.62500e+00 9.88769e-01 4.10105e-02
1.63750e+00 9.88990e-01 4.19949e-02
1.65000e+00 9.89220e-01 4.29536e-02
1.66250e+00 9.89460e-01 4.38854e-02
1.67500e+00 9.89710e-01 4.47894e-02
1.68750e+00 9.89970e-01 4.56642e-02
1.70000e+00 9.90239e-01 4.65082e-02
1.71250e+00 9.90518e-01 4.73196e-02
1.72500e+00 9.90807e-01 4.80963e-02
1.73750e+00 9.91106e-01 4.88360e-02
1.75000e+00 9.91416e-01 4.95360e-02
1.76250e+00 9.91738e-01 5.01932e-02
1.77500e+00 9.92071e-01 5.08046e-02
1.78750e+00 9.92416e-01 5.13664e-02
1.80000e+00 9.92775e-01 5.18749e-02
1.81250e+00 9.93149e-01 5.23260e-02
1.82500e+00 9.93537e-01 5.27158e-02
1.83750e+00 9.93941e-01 5.30399e-02
1.85000e+00 9.94363e-01 5.32941e-02
1.86250e+00 9.94803e-01 5.34745e-02
1.87500e+00 9.95262e-01 5.35770e-02
1.88750e+00 9.95741e-01 5.35981e-02
1.90000e+00 9.96241e-01 5.35345e-02
1.91250e+00 9.96762e-01 5.33834e-02
1.92500e+00 9.97306e-01 5.31425e-02
1.93750e+00 9.97873e-01 5.28099e-02
1.95000e+00 9.98464e-01 5.23844e-02
1.96250e+00 9.99077e-01 5.18652e-02
1.97500e+00 9.99714e-01 5.12523e-02
1.98750e+00 1.00037e+00 5.05461e-02
2.00000e+00 1.00106e+00 4.97476e-02
2.01250e+00 1.00176e+00 4.88585e-02
2.02500e+00 1.00249e+00 4.78811e-02
2.03750e+00 1.00324e+00 4.68184e-02
2.05000e+00 1.00401e+00 4.56740e-02
2.06250e+00 1.00480e+00 4.44523e-02
2.07500e+00 1.00560e+00 4.31585e-02
2.08750e+00 1.00643e+00 4.17986e-02
2.10000e+00 1.00726e+00 4.03792e-02
2.11250e+00 1.00810e+00 3.89078e-02
2.12500e+00 1.00895e+00 3.73923e-02
2.13750e+00 1.00981e+00 3.58411e-02
2.15000e+00 1.01067e+00 3.42631e-02
2.16250e+00 1.01153e+00 3.26670e-02
2.17500e+00 1.01238e+00 3.10616e-02
2.18750e+00 1.01323e+00 2.94553e-02
2.20000e+00 1.01406e+00 2.78560e-02
2.21250e+00 1.01488e+00 2.62709e-02
2.22500e+00 1.01569e+00 2.47061e-02
2.23750e+00 1.01647e+00 2.31670e-02
2.25000e+00 1.01724e+00 2.16580e-02
2.26250e+00 1.01798e+00 2.01826e-02
2.27500e+00 1.01869e+00 1.87437e-02
2.28750e+00 1.01938e+00 1.73437e-02
2.30000e+00 1.02004e+00 1.59847e-02
2.31250e+00 1.02067e+00 1.46689e-02
2.32500e+00 1.02126e+00 1.33983e-02
2.33750e+00 1.02182e+00 1.21751e-02
2.35000e+00 1.02234e+00 1.10012e-02
2.36250e+00 1.02282e+00 9.87777e-03
2.37500e+00 1.02326e+00 8.80510e-03
2.38750e+00 1.02366e+00 7.78185e-03
2.40000e+00 1.02401e+00 6.80511e-03
2.41250e+00 1.02432e+00 5.87045e-03
2.42500e+00 1.02459e+00 4.97235e-03
2.43750e+00 1.02481e+00 4.10471e-03
2.45000e+00 1.02499e+00 3.26145e-03
2.46250e+00 1.02512e+00 2.43685e-03
2.47500e+00 1.02522e+00 1.62569e-03
2.48750e+00 1.02527e+00 8.23232e-04
