0.00000e+00 8.87490e-01 5.13258e-03
1.25000e-02 8.87491e-01 1.02615e-02
2.50000e-02 8.87490e-01 1.53904e-02
3.75000e-02 8.87488e-01 2.05192e-02
5.00000e-02 8.87486e-01 2.56479e-02
6.25000e-02 8.87482e-01 3.07764e-02
7.50000e-02 8.87478e-01 3.59047e-02
8.75000e-02 8.87472e-01 4.10328e-02
1.00000e-01 8.87466e-01 4.61606e-02
1.12500e-01 8.87458e-01 5.12881e-02
1.25000e-01 8.87450e-01 5.64152e-02
1.37500e-01 8.87441e-01 6.15420e-02
1.50000e-01 8.87430e-01 6.66684e-02
1.62500e-01 8.87419e-01 7.17943e-02
1.75000e-01 8.87407e-01 7.69197e-02
1.87500e-01 8.87394e-01 8.20447e-02
2.00000e-01 8.87380e-01 8.71690e-02
2.12500e-01 8.87365e-01 9.22928e-02
2.25000e-01 8.87349e-01 9.74160e-02
2.37500e-01 8.87332e-01 1.02538e-01
2.50000e-01 8.87314e-01 1.07660e-01
2.62500e-01 8.87295e-01 1.12781e-01
2.75000e-01 8.87276e-01 1.17902e-01
2.87500e-01 8.87255e-01 1.23021e-01
3.00000e-01 8.87233e-01 1.28140e-01
3.12500e-01 8.87211e-01 1.33258e-01
3.25000e-01 8.87187e-01 1.38375e-01
3.37500e-01 8.87163e-01 1.43491e-01
3.50000e-01 8.87137e-01 1.48606e-01
3.62500e-01 8.87111e-01 1.53720e-01
3.75000e-01 8.87084e-01 1.58833e-01
3.87500e-01 8.87056e-01 1.63944e-01
4.00000e-01 8.87027e-01 1.69055e-01
4.12500e-01 8.86997e-01 1.74165e-01
4.25000e-01 8.86966e-01 1.79273e-01
4.37500e-01 8.86934e-01 1.84380e-01
4.50000e-01 8.86901e-01 1.89486e-01
4.62500e-01 8.86867e-01 1.94591e-01
4.75000e-01 8.86833e-01 1.99694e-01
4.87500e-01 8.86797e-01 2.04795e-01
5.00000e-01 8.86761e-01 2.09896e-01
5.12500e-01 8.86724e-01 2.14995e-01
5.25000e-01 8.86686e-01 2.20092e-01
5.37500e-01 8.86647e-01 2.25188e-01
5.50000e-01 8.86607e-01 2.30282e-01
5.62500e-01 8.86566e-01 2.35375e-01
5.75000e-01 8.86524e-01 2.40466e-01
5.87500e-01 8.86481e-01 2.45556e-01
6.00000e-01 8.86438e-01 2.50643e-01
6.12500e-01 8.86394e-01 2.55729e-01
6.25000e-01 8.86348e-01 2.60813e-01
6.37500e-01 8.86302e-01 2.65895e-01
6.50000e-01 8.86255e-01 2.70976e-01
6.62500e-01 8.86207e-01 2.76054e-01
6.75000e-01 8.86159e-01 2.81130e-01
6.87500e-01 8.86109e-01 2.86205e-01
7.00000e-01 8.86059e-01 2.91277e-01
7.12500e-01 8.86008e-01 2.96347e-01
7.25000e-01 8.85956e-01 3.01416e-01
7.37500e-01 8.85903e-01 3.06482e-01
7.50000e-01 8.85849e-01 3.11545e-01
7.62500e-01 8.85794e-01 3.16607e-01
7.75000e-01 8.85739e-01 3.21666e-01
7.87500e-01 8.85683e-01 3.26723e-01
8.00000e-01 8.85626e-01 3.31778e-01
8.12500e-01 8.85568e-01 3.36830e-01
8.25000e-01 8.85509e-01 3.41879e-01
8.37500e-01 8.85450e-01 3.46926e-01
8.50000e-01 8.85390e-01 3.51971e-01
8.62500e-01 8.85329e-01 3.57013e-01
8.75000e-01 8.85267e-01 3.62052e-01
8.87500e-01 8.85205e-01 3.67089e-01
9.00000e-01 8.85141e-01 3.72123e-01
9.12500e-01 8.85077e-01 3.77154e-01
9.25000e-01 8.85013e-01 3.82182e-01
9.37500e-01 8.84947e-01 3.87208e-01
9.50000e-01 8.84881e-01 3.92230e-01
9.62500e-01 8.84814e-01 3.97250e-01
9.75000e-01 8.84746e-01 4.02267e-01
9.87500e-01 8.84677e-01 4.07280e-01
1.00000e+00 8.84608e-01 4.12291e-01
1.01250e+00 8.84538e-01 4.17298e-01
1.02500e+00 8.84468e-01 4.22302e-01
1.03750e+00 8.84396e-01 4.27303e-01
1.05000e+00 8.84324e-01 4.32301e-01
1.06250e+00 8.84252e-01 4.37295e-01
1.07500e+00 8.84178e-01 4.42286e-01
1.08750e+00 8.84104e-01 4.47274e-01
1.10000e+00 8.84030e-01 4.52258e-01
1.11250e+00 8.83954e-01 4.57238e-01
1.12500e+00 8.83879e-01 4.62215e-01
1.13750e+00 8.83802e-01 4.67189e-01
1.15000e+00 8.83725e-01 4.72158e-01
1.16250e+00 8.83647e-01 4.77124e-01
1.17500e+00 8.83568e-01 4.82087e-01
1.18750e+00 8.83489e-01 4.87045e-01
1.20000e+00 8.83410e-01 4.91999e-01
1.21250e+00 8.83329e-01 4.96950e-01
1.22500e+00 8.83249e-01 5.01896e-01
1.23750e+00 8.83167e-01 5.06839e-01
1.25000e+00 8.83085e-01 5.11777e-01
1.26250e+00 8.83003e-01 5.16711e-01
1.27500e+00 8.82920e-01 5.21640e-01
1.28750e+00 8.82837e-01 5.26566e-01
1.30000e+00 8.82753e-01 5.31486e-01
1.31250e+00 8.82670e-01 5.36401e-01
1.32500e+00 8.82586e-01 5.41311e-01
1.33750e+00 8.82502e-01 5.46216e-01
1.35000e+00 8.82418e-01 5.51113e-01
1.36250e+00 8.82336e-01 5.56003e-01
1.37500e+00 8.82255e-01 5.60884e-01
1.38750e+00 8.82176e-01 5.65753e-01
1.40000e+00 8.82102e-01 5.70607e-01
1.41250e+00 8.82033e-01 5.75442e-01
1.42500e+00 8.81975e-01 5.80249e-01
1.43750e+00 8.81930e-01 5.85018e-01
1.45000e+00 8.81907e-01 5.89733e-01
1.46250e+00 8.81916e-01 5.94372e-01
1.47500e+00 8.81971e-01 5.98899e-01
1.48750e+00 8.82097e-01 6.03265e-01
1.50000e+00 8.82325e-01 6.07396e-01
1.51250e+00 8.82705e-01 6.11184e-01
1.52500e+00 8.83308e-01 6.14469e-01
1.53750e+00 8.84238e-01 6.17018e-01
1.55000e+00 8.85650e-01 6.18487e-01
1.56250e+00 8.87761e-01 6.18377e-01
1.57500e+00 8.90887e-01 6.15964e-01
1.58750e+00 8.95462e-01 6.10213e-01
1.60000e+00 9.02073e-01 5.99672e-01
1.61250e+00 9.11475e-01 5.82369e-01
1.62500e+00 9.24552e-01 5.55764e-01
1.63750e+00 9.42214e-01 5.16864e-01
1.65000e+00 9.65155e-01 4.62681e-01
1.66250e+00 9.93502e-01 3.91194e-01
1.67500e+00 1.02645e+00 3.02757e-01
1.68750e+00 1.06209e+00 2.01389e-01
1.70000e+00 1.09773e+00 9.48530e-02
1.71250e+00 1.13047e+00 -6.93693e-03
1.72500e+00 1.15759e+00 -9.31674e-02
1.73750e+00 1.17818e+00 -1.58900e-01
1.75000e+00 1.19320e+00 -2.05997e-01
1.76250e+00 1.20387e+00 -2.37971e-01
1.77500e+00 1.21135e+00 -2.58576e-01
1.78750e+00 1.21658e+00 -2.71053e-01
1.80000e+00 1.22027e+00 -2.77910e-01
1.81250e+00 1.22293e+00 -2.80964e-01
1.82500e+00 1.22490e+00 -2.81476e-01
1.83750e+00 1.22641e+00 -2.80301e-01
1.85000e+00 1.22762e+00 -2.78007e-01
1.86250e+00 1.22862e+00 -2.74966e-01
1.87500e+00 1.22949e+00 -2.71422e-01
1.88750e+00 1.23026e+00 -2.67531e-01
1.90000e+00 1.23096e+00 -2.63394e-01
1.91250e+00 1.23162e+00 -2.59077e-01
1.92500e+00 1.23223e+00 -2.54622e-01
1.93750e+00 1.23282e+00 -2.50056e-01
1.95000e+00 1.23337e+00 -2.45397e-01
1.96250e+00 1.23390e+00 -2.40657e-01
1.97500e+00 1.23442e+00 -2.35845e-01
1.98750e+00 1.23491e+00 -2.30966e-01
2.00000e+00 1.23538e+00 -2.26024e-01
2.01250e+00 1.23583e+00 -2.21025e-01
2.02500e+00 1.23627e+00 -2.15969e-01
2.03750e+00 1.23668e+00 -2.10860e-01
2.05000e+00 1.23709e+00 -2.05699e-01
2.06250e+00 1.23747e+00 -2.00490e-01
2.07500e+00 1.23784e+00 -1.95234e-01
2.08750e+00 1.23820e+00 -1.89933e-01
2.10000e+00 1.23854e+00 -1.84589e-01
2.11250e+00 1.23887e+00 -1.79203e-01
2.12500e+00 1.23918e+00 -1.73778e-01
2.13750e+00 1.23948e+00 -1.68315e-01
2.15000e+00 1.23976e+00 -1.62816e-01
2.16250e+00 1.24003e+00 -1.57283e-01
2.17500e+00 1.24029e+00 -1.51717e-01
2.18750e+00 1.24054e+00 -1.46119e-01
2.20000e+00 1.24077e+00 -1.40492e-01
2.21250e+00 1.24100e+00 -1.34836e-01
2.22500e+00 1.24121e+00 -1.29154e-01
2.23750e+00 1.24141e+00 -1.23447e-01
2.25000e+00 1.24160e+00 -1.17716e-01
2.26250e+00 1.24178e+00 -1.11962e-01
2.27500e+00 1.24195e+00 -1.06187e-01
2.28750e+00 1.24210e+00 -1.00393e-01
2.30000e+00 1.24225e+00 -9.45794e-02
2.31250e+00 1.24239e+00 -8.87489e-02
2.32500e+00 1.24252e+00 -8.29023e-02
2.33750e+00 1.24264e+00 -7.70408e-02
2.35000e+00 1.24275e+00 -7.11655e-02
2.36250e+00 1.24284e+00 -6.52777e-02
2.37500e+00 1.24294e+00 -5.93784e-02
2.38750e+00 1.24302e+00 -5.34687e-02
2.40000e+00 1.24309e+00 -4.75498e-02
2.41250e+00 1.24315e+00 -4.16226e-02
2.42500e+00 1.24321e+00 -3.56882e-02
2.43750e+00 1.24325e+00 -2.97477e-02
2.45000e+00 1.24329e+00 -2.38021e-02
2.46250e+00 1.24332e+00 -1.78524e-02
2.47500e+00 1.24334e+00 -1.18995e-02
2.48750e+00 1.24335e+00 -5.94465e-03
