0.00000e+00 1.09689e+00 2.62675e-04
1.25000e-02 1.09673e+00 6.61224e-04
2.50000e-02 1.09648e+00 9.56581e-04
3.75000e-02 1.09611e+00 1.09709e-03
5.00000e-02 1.09563e+00 1.02878e-03
6.25000e-02 1.09502e+00 6.94704e-04
7.50000e-02 1.09427e+00 3.43946e-05
8.75000e-02 1.09338e+00 -1.01625e-03
1.00000e-01 1.09232e+00 -2.52514e-03
1.12500e-01 1.09107e+00 -4.56363e-03
1.25000e-01 1.08961e+00 -7.20551e-03
1.37500e-01 1.08793e+00 -1.05257e-02
1.50000e-01 1.08601e+00 -1.45978e-02
1.62500e-01 1.08381e+00 -1.94911e-02
1.75000e-01 1.08133e+00 -2.52662e-02
1.87500e-01 1.07855e+00 -3.19702e-02
2.00000e-01 1.07546e+00 -3.96312e-02
2.12500e-01 1.07205e+00 -4.82527e-02
2.25000e-01 1.06833e+00 -5.78079e-02
2.37500e-01 1.06432e+00 -6.82361e-02
2.50000e-01 1.06004e+00 -7.94405e-02
2.62500e-01 1.05553e+00 -9.12888e-02
2.75000e-01 1.05085e+00 -1.03617e-01
2.87500e-01 1.04604e+00 -1.16238e-01
3.00000e-01 1.04118e+00 -1.28947e-01
3.12500e-01 1.03633e+00 -1.41537e-01
3.25000e-01 1.03155e+00 -1.53809e-01
3.37500e-01 1.02691e+00 -1.65579e-01
3.50000e-01 1.02246e+00 -1.76692e-01
3.62500e-01 1.01825e+00 -1.87024e-01
3.75000e-01 1.01431e+00 -1.96486e-01
3.87500e-01 1.01067e+00 -2.05020e-01
4.00000e-01 1.00733e+00 -2.12605e-01
4.12500e-01 1.00431e+00 -2.19244e-01
4.25000e-01 1.00159e+00 -2.24963e-01
4.37500e-01 9.99161e-01 -2.29806e-01
4.50000e-01 9.97013e-01 -2.33831e-01
4.62500e-01 9.95122e-01 -2.37100e-01
4.75000e-01 9.93467e-01 -2.39681e-01
4.87500e-01 9.92026e-01 -2.41643e-01
5.00000e-01 9.90776e-01 -2.43051e-01
5.12500e-01 9.89696e-01 -2.43970e-01
5.25000e-01 9.88767e-01 -2.44459e-01
5.37500e-01 9.87969e-01 -2.44571e-01
5.50000e-01 9.87286e-01 -2.44357e-01
5.62500e-01 9.86702e-01 -2.43859e-01
5.75000e-01 9.86204e-01 -2.43117e-01
5.87500e-01 9.85781e-01 -2.42164e-01
6.00000e-01 9.85421e-01 -2.41031e-01
6.12500e-01 9.85115e-01 -2.39744e-01
6.25000e-01 9.84857e-01 -2.38325e-01
6.37500e-01 9.84639e-01 -2.36793e-01
6.50000e-01 9.84454e-01 -2.35165e-01
6.62500e-01 9.84299e-01 -2.33455e-01
6.75000e-01 9.84169e-01 -2.31676e-01
6.87500e-01 9.84060e-01 -2.29838e-01
7.00000e-01 9.83968e-01 -2.27950e-01
7.12500e-01 9.83893e-01 -2.26019e-01
7.25000e-01 9.83830e-01 -2.24053e-01
7.37500e-01 9.83778e-01 -2.22057e-01
7.50000e-01 9.83736e-01 -2.20035e-01
7.62500e-01 9.83702e-01 -2.17991e-01
7.75000e-01 9.83675e-01 -2.15930e-01
7.87500e-01 9.83654e-01 -2.13854e-01
8.00000e-01 9.83637e-01 -2.11765e-01
8.12500e-01 9.83625e-01 -2.09665e-01
8.25000e-01 9.83617e-01 -2.07557e-01
8.37500e-01 9.83612e-01 -2.05442e-01
8.50000e-01 9.83609e-01 -2.03322e-01
8.62500e-01 9.83609e-01 -2.01197e-01
8.75000e-01 9.83611e-01 -1.99069e-01
8.87500e-01 9.83614e-01 -1.96938e-01
9.00000e-01 9.83619e-01 -1.94805e-01
9.12500e-01 9.83625e-01 -1.92671e-01
9.25000e-01 9.83633e-01 -1.90536e-01
9.37500e-01 9.83641e-01 -1.88401e-01
9.50000e-01 9.83650e-01 -1.86267e-01
9.62500e-01 9.83660e-01 -1.84133e-01
9.75000e-01 9.83671e-01 -1.82000e-01
9.87500e-01 9.83682e-01 -1.79868e-01
1.00000e+00 9.83694e-01 -1.77738e-01
1.01250e+00 9.83706e-01 -1.75610e-01
1.02500e+00 9.83719e-01 -1.73484e-01
1.03750e+00 9.83732e-01 -1.71360e-01
1.05000e+00 9.83746e-01 -1.69238e-01
1.06250e+00 9.83760e-01 -1.67119e-01
1.07500e+00 9.83774e-01 -1.65003e-01
1.08750e+00 9.83789e-01 -1.62890e-01
1.10000e+00 9.83805e-01 -1.60780e-01
1.11250e+00 9.83820e-01 -1.58674e-01
1.12500e+00 9.83836e-01 -1.56571e-01
1.13750e+00 9.83852e-01 -1.54471e-01
1.15000e+00 9.83869e-01 -1.52376e-01
1.16250e+00 9.83886e-01 -1.50284e-01
1.17500e+00 9.83903e-01 -1.48197e-01
1.18750e+00 9.83921e-01 -1.46113e-01
1.20000e+00 9.83939e-01 -1.44035e-01
1.21250e+00 9.83958e-01 -1.41960e-01
1.22500e+00 9.83977e-01 -1.39891e-01
1.23750e+00 9.83996e-01 -1.37827e-01
1.25000e+00 9.84016e-01 -1.35767e-01
1.26250e+00 9.84036e-01 -1.33713e-01
1.27500e+00 9.84057e-01 -1.31665e-01
1.28750e+00 9.84078e-01 -1.29622e-01
1.30000e+00 9.84100e-01 -1.27586e-01
1.31250e+00 9.84122e-01 -1.25555e-01
1.32500e+00 9.84144e-01 -1.23530e-01
1.33750e+00 9.84167e-01 -1.21513e-01
1.35000e+00 9.84191e-01 -1.19501e-01
1.36250e+00 9.84215e-01 -1.17497e-01
1.37500e+00 9.84240e-01 -1.15500e-01
1.38750e+00 9.84265e-01 -1.13511e-01
1.40000e+00 9.84291e-01 -1.11529e-01
1.41250e+00 9.84317e-01 -1.09555e-01
1.42500e+00 9.84345e-01 -1.07590e-01
1.43750e+00 9.84372e-01 -1.05632e-01
1.45000e+00 9.84401e-01 -1.03684e-01
1.46250e+00 9.84430e-01 -1.01744e-01
1.47500e+00 9.84459e-01 -9.98143e-02
1.48750e+00 9.84490e-01 -9.78937e-02
1.50000e+00 9.84521e-01 -9.59830e-02
1.51250e+00 9.84553e-01 -9.40824e-02
1.52500e+00 9.84586e-01 -9.21924e-02
1.53750e+00 9.84619e-01 -9.03132e-02
1.55000e+00 9.84653e-01 -8.84451e-02
1.56250e+00 9.84688e-01 -8.65885e-02
1.57500e+00 9.84724e-01 -8.47437e-02
1.58750e+00 9.84761e-01 -8.29110e-02
1.60000e+00 9.84798e-01 -8.10909e-02
1.61250e+00 9.84837e-01 -7.92836e-02
1.62500e+00 9.84876e-01 -7.74896e-02
1.63750e+00 9.84916e-01 -7.57091e-02
1.65000e+00 9.84958e-01 -7.39426e-02
1.66250e+00 9.85000e-01 -7.21904e-02
1.67500e+00 9.85043e-01 -7.04530e-02
1.68750e+00 9.85087e-01 -6.87306e-02
1.70000e+00 9.85131e-01 -6.70238e-02
1.71250e+00 9.85177e-01 -6.53328e-02
1.72500e+00 9.85224e-01 -6.36581e-02
1.73750e+00 9.85272e-01 -6.20001e-02
1.75000e+00 9.85321e-01 -6.03591e-02
1.76250e+00 9.85371e-01 -5.87356e-02
1.77500e+00 9.85421e-01 -5.71300e-02
1.78750e+00 9.85473e-01 -5.55426e-02
1.80000e+00 9.85526e-01 -5.39738e-02
1.81250e+00 9.85579e-01 -5.24241e-02
1.82500e+00 9.85634e-01 -5.08937e-02
1.83750e+00 9.85690e-01 -4.93832e-02
1.85000e+00 9.85746e-01 -4.78929e-02
1.86250e+00 9.85804e-01 -4.64230e-02
1.87500e+00 9.85862e-01 -4.49741e-02
1.88750e+00 9.85921e-01 -4.35463e-02
1.90000e+00 9.85981e-01 -4.21401e-02
1.91250e+00 9.86042e-01 -4.07558e-02
1.92500e+00 9.86103e-01 -3.93937e-02
1.93750e+00 9.86166e-01 -3.80541e-02
1.95000e+00 9.86228e-01 -3.67372e-02
1.96250e+00 9.86292e-01 -3.54433e-02
1.97500e+00 9.86356e-01 -3.41727e-02
1.98750e+00 9.86421e-01 -3.29255e-02
2.00000e+00 9.86486e-01 -3.17019e-02
2.01250e+00 9.86551e-01 -3.05021e-02
2.02500e+00 9.86617e-01 -2.93263e-02
2.03750e+00 9.86683e-01 -2.81745e-02
2.05000e+00 9.86749e-01 -2.70468e-02
2.06250e+00 9.86816e-01 -2.59433e-02
2.07500e+00 9.86882e-01 -2.48640e-02
2.08750e+00 9.86948e-01 -2.38088e-02
2.10000e+00 9.87014e-01 -2.27777e-02
2.11250e+00 9.87080e-01 -2.17706e-02
2.12500e+00 9.87145e-01 -2.07874e-02
2.13750e+00 9.87209e-01 -1.98279e-02
2.15000e+00 9.87274e-01 -1.88919e-02
2.16250e+00 9.87337e-01 -1.79791e-02
2.17500e+00 9.87399e-01 -1.70892e-02
2.18750e+00 9.87461e-01 -1.62220e-02
2.20000e+00 9.87521e-01 -1.53769e-02
2.21250e+00 9.87580e-01 -1.45535e-02
2.22500e+00 9.87638e-01 -1.37515e-02
2.23750e+00 9.87694e-01 -1.29702e-02
2.25000e+00 9.87749e-01 -1.22091e-02
2.26250e+00 9.87802e-01 -1.14677e-02
2.27500e+00 9.87853e-01 -1.07451e-02
2.28750e+00 9.87902e-01 -1.00408e-02
2.30000e+00 9.87950e-01 -9.35398e-03
2.31250e+00 9.87994e-01 -8.68387e-03
2.32500e+00 9.88037e-01 -8.02965e-03
2.33750e+00 9.88077e-01 -7.39045e-03
2.35000e+00 9.88115e-01 -6.76536e-03
2.36250e+00 9.88150e-01 -6.15347e-03
2.37500e+00 9.88182e-01 -5.55378e-03
2.38750e+00 9.88211e-01 -4.96531e-03
2.40000e+00 9.88238e-01 -4.38701e-03
2.41250e+00 9.88261e-01 -3.81784e-03
2.42500e+00 9.88282e-01 -3.25670e-03
2.43750e+00 9.88299e-01 -2.70249e-03
2.45000e+00 9.88314e-01 -2.15409e-03
2.46250e+00 9.88325e-01 -1.61035e-03
2.47500e+00 9.88333e-01 -1.07013e-03
2.48750e+00 9.88337e-01 -5.32263e-04
